R_kpc,Sigma_bar,Sigma_eff,kappa_bar,kappa_eff,kappa_bar_mean,kappa_eff_mean
8.540000000000001,14608984674.10552,15202345899.315323,5.3804992841826795,5.599034638878613,0.0,0.0
8.597833451484032,14609658777.907358,15204841345.667301,5.380747557084881,5.599953713517272,0.07214223698902134,0.07507682376606664
8.656058554971644,14610342871.213305,15207339675.876066,5.38099950912844,5.600873850282405,0.14332056005443658,0.14915936366649543
8.714677962756408,14611037115.50606,15209840671.315102,5.381255199787548,5.601794968653714,0.2135479428741673,0.22226096454275826
8.773694345093414,14611741675.311527,15212344112.095741,5.38151468965721,5.602716987646047,0.28283718598284124,0.29439479122887147
8.833110390320895,14612456718.270544,15214849777.030201,5.381778040479665,5.6036398257957885,0.3512009191084541,0.3655738309585607
8.89292880498269,14613182415.212795,15217357443.593925,5.382045315171603,5.60456340114699,0.4186516034780747,0.4358108957399811
8.953152313951529,14613918940.232979,15219866887.887165,5.382316577852227,5.605487631237217,0.4852015340930012,0.5051186246984033
9.013783660553177,14614666470.769348,15222377884.595823,5.382591893872167,5.60641243308313,0.5508628419738151,0.5735094863873208
9.07482560669137,14615425187.684656,15224890206.9515,5.382871329843303,5.6073377231657675,0.6156474963756826,0.6409957810683268
9.136280932973644,14616195275.349657,15227403626.69073,5.383154953669511,5.608263417415536,0.6795673069744058,0.707589642960271
9.198152438838003,14616976921.729244,15229917914.013403,5.383442834578395,5.609189431196894,0.7426339260235655,0.7733030424580426
9.260442942680424,14617770318.471334,15232432837.54031,5.383735043154016,5.610115679292718,0.8048588504831625,0.8381477883213801
9.323155281983253,14618575660.998577,15234948164.269812,5.384031651370672,5.611042075888338,0.8662534241201805,0.9021355298341427
9.386292313444455,14619393148.603039,15237463659.533571,5.384332732627772,5.611968534555245,0.9268288395814389,0.9652777589344055
9.44985691310775,14620222984.544,15239979086.951372,5.384638361785852,5.6128949682344365,0.9865961404391307,1.0275858123157784
9.513851976493612,14621065376.148924,15242494208.384945,5.384948615203759,5.613821289219422,1.0455662232094187,1.0890708735003158
9.578280418731175,14621920534.917788,15245008783.890778,5.3852635707770835,5.6147474091388405,1.1037498393444807,1.1497439748834146
9.643145174691028,14622788676.630892,15247522571.6719,5.385583307977863,5.615673238938696,1.161157597198372,1.209615999751055
9.708449199118894,14623670021.460308,15250035328.028591,5.385907907895624,5.616598688864211,1.2177999639670574,1.2686976842697453
9.77419546677023,14624564794.085104,15252546807.307957,5.386237453279826,5.617523668441253,1.2736872676030062,1.3269996194495515
9.840386972545746,14625473223.810503,15255056761.852394,5.386572028583742,5.618448086457353,1.3288296987046953,1.3845322530805564
9.907026731627811,14626395544.691168,15257564941.946823,5.386911720009868,5.619371850942273,1.3832373123813586,1.4413058916430808
9.97411777961781,14627331995.658766,15260071095.764723,5.387256615556905,5.620294869148128,1.4369200300933738,1.497330702192044
10.041663172674433,14628282820.65403,15262574969.31289,5.387606805068396,5.621217047529044,1.4898876414686142,1.552616714215795
10.109665987652873,14629248268.763477,15265076306.374878,5.387962380283079,5.622138291720325,1.5421498060950918,1.6071738214697233
10.178129322244988,14630228594.361021,15267574848.453064,5.388323434887044,5.623058506517114,1.593716055290266,1.6610117837850145
10.247056295120432,14631224057.254667,15270070334.709335,5.388690064567763,5.623977595852553,1.64459579384736,1.7141402288528886
10.31645004606867,14632234922.838581,15272562501.90429,5.389062367070093,5.624895462775385,1.6947983017589459,1.766568653984555
10.386313736142059,14633261462.25068,15275051084.334942,5.389440442254316,5.625812009427014,1.744332735918258,1.818306427847351
10.456650547799802,14634303952.536095,15277535813.770855,5.38982439215635,5.6267271370179825,1.7932081317984259,1.869362792177219
10.52746368505292,14635362676.816732,15280016419.388645,5.390214321050191,5.627640745803849,1.8414334051100385,1.919746863467932
10.598756373610232,14636437924.46718,15282492627.704828,5.390610335512703,5.628552735060456,1.8890173534373602,1.9694676346373652
10.670531861025248,14637529991.29736,15284964162.506886,5.391012544490885,5.629463003058538,1.9359686578534376,2.018533976671038
10.742793416844153,14638639179.74212,15287430744.782562,5.391421059371707,5.630371447037685,1.9822958845145437,2.0669546402433374
10.815544332754694,14639765799.05826,15289892092.64724,5.391835994054661,5.631277963179597,2.028007486234123,2.1147382573165863
10.888787922736167,14640910165.529137,15292347921.269407,5.392257465027131,5.632182446580629,2.0731118040366887,2.161893342718367
10.962527523210342,14642072602.677437,15294797942.794083,5.392685591442748,5.633084791223587,2.1176170686918736,2.208428295697276
11.036766493193477,14643253441.486378,15297241866.264137,5.393120495202864,5.63398488994876,2.161531402229013,2.254351401457479
11.111508214449294,14644453020.629797,15299679397.539446,5.39356230104129,5.634882634424132,2.204862819432503,2.299670832672247
11.186756091643064,14645671686.711601,15302110239.213745,5.3940111366124865,5.635777915114768,2.247619229318311,2.3443946509768505
11.26251355249666,14646909794.51499,15304534090.529188,5.3944671325833555,5.636670621251343,2.2898084365918527,2.3885308084409695
11.338784047944733,14648167707.262032,15306950647.28836,5.394930422728838,5.637560640797737,2.3314381430876114,2.432087149020975
11.415571052291895,14649445796.884048,15309359601.763851,5.395401144031501,5.6384478604177275,2.3725159491907477,2.475071409992271
11.49287806337096,14650744444.303404,15311760642.605062,5.395879436785318,5.639332165440671,2.4130493552410037,2.5174912233619784
11.570708602702329,14652064039.727348,15314153454.742336,5.396365444703893,5.640213439826194,2.4530457629192424,2.559354117262246
11.649066215654345,14653404982.954435,15316537719.288158,5.396859315033311,5.641091566127801,2.4925124766168207,2.6006675173243394
11.727954471604855,14654767683.694317,15318913113.435387,5.397361198669926,5.6419664254553945,2.5314567047882157,2.6414387480338823
11.807376964103739,14656152561.901539,15321279310.35233,5.3978712502832895,5.642837897436634,2.569885561287061,2.681675034067345
11.887337311036667,14657560048.124159,15323635979.074617,5.398389628444554,5.6437058601771115,2.607806066686018,2.7213835016101533
11.967839154789845,14658990583.867998,15325982784.393576,5.398916495760622,5.644570190219237,2.645225149580653,2.760571179656521
12.048886162415988,14660444621.977365,15328319386.741175,5.39945201901437,5.645430762499866,2.68214964787773,2.7992450012913563
12.130482025801314,14661922627.033203,15330645442.071182,5.399996369311283,5.646287450306532,2.718586310068092,2.837411804954342
12.212630461833763,14663425075.769667,15332960601.736492,5.400549722232886,5.647140125232261,2.7545417964845464,2.875078335686524
12.29533521257227,14664952457.510122,15335264512.362398,5.401112257997315,5.647988657128901,2.790022680544943,2.91225124635953
12.378600045417256,14666505274.623793,15337556815.715645,5.40168416162751,5.648832914058894,2.8250354499808217,2.9489370988876966
12.462428753282234,14668084043.004162,15339837148.569103,5.402265623127399,5.649672762245434,2.8595865080518754,2.985142365423277
12.546825154766557,14669689292.570478,15342105142.56171,5.402856837666614,5.650508066020882,2.8936821747465564,3.020873429534934
12.63179309432942,14671321567.793736,15344360424.053741,5.403458005774203,5.651338687773468,2.9273286879691334,3.0561365873697595
12.717336442464925,14672981428.24857,15346602613.976864,5.404069333541895,5.652164487892058,2.9605322047134637,3.090938048798941
12.803459095878441,14674669449.192732,15348831327.678976,5.404691032837525,5.652985324709015,2.993298802223864,3.125283938547362
12.890164977664067,14676386222.17574,15351046174.763449,5.405323321529192,5.6538010544409865,3.025634479143309,3.159180297307235
12.97745803748338,14678132355.678606,15353246758.922539,5.405966423720881,5.654611531127553,3.057545156649352,3.1926330828360308
13.065342251745305,14679908475.786562,15355432677.764694,5.406620570000219,5.655416606567624,3.0890366795780224,3.225648171038815
13.153821623787296,14681715226.896881,15357603522.635405,5.407285997699175,5.6562161302534575,3.1201148175360984,3.2582313570352337
13.242900184057659,14683553272.464087,15359758878.43134,5.407962951168513,5.657009949302207,3.1507852660020266,3.290388356211272
13.33258199029918,14685423295.784964,15361898323.407366,5.408651682066918,5.657797908384843,3.1810536474158764,3.3221248052559913
13.422871127733938,14687326000.825977,15364021428.976114,5.409352449665732,5.658579849652339,3.210925512258648,3.353446263183371
13.513771709249415,14689262113.095945,15366127759.499695,5.4100655211703605,5.659355612658954,3.2404063401213206,3.384358212339471
13.605287875585855,14691232380.567036,15368216872.073158,5.410791172059477,5.660125034282485,3.269501540763994,3.4148660593950253
13.697423795524843,14693237574.647303,15370288316.299244,5.411529686443207,5.660887948641307,3.298216455165487,3.444975136323616
13.790183666079262,14695278491.208437,15372341634.053963,5.412281357441653,5.661644187008032,3.3265563565638354,3.47469070136565
13.88357171268442,14697355951.672436,15374376359.242485,5.4130464875851105,5.66239357771961,3.3545264514880233,3.504017939978167
13.977592189390585,14699470804.161491,15376392017.544855,5.4138253892375765,5.663135946083668,3.382131880781438,3.532961965770738
14.072249379056705,14701623924.715515,15378388126.150879,5.414618385045165,5.663871114280873,3.4093777206174205,3.5615278214274846
14.16754759354557,14703816218.582232,15380364193.483654,5.415425808411245,5.664598901263108,3.4362689835074125,3.589720479615441
14.263491173920162,14706048621.585135,15382319718.911022,5.416248004000266,5.6653191226472,3.4628106193021355,3.617544843879307
14.360084490641457,14708322101.575098,15384254192.4443,5.417085328272383,5.666031590603958,3.4890075161863208,3.6450057495227766
14.457331943767462,14710637659.971878,15386167094.423477,5.417938150051191,5.666736113742237,3.514864501667474,3.6721079644764996
14.555237963153697,14712996333.40238,15388057895.188145,5.418806851127107,5.667432496987738,3.5403863435592657,3.69885619015285
14.653807008654933,14715399195.443071,15389926054.733204,5.419691826899095,5.668120541456204,3.5655777509600486,3.7252550622875353
14.753043570328398,14717847358.47474,15391771022.348547,5.420593487057778,5.668800044320719,3.590443375227168,3.7513091517682104
14.852952168638284,14720341975.658367,15393592236.24156,5.421512256313154,5.669470798672667,3.6149878109476496,3.77702296545015
14.953537354661652,14722884243.041893,15395389123.14149,5.422448575170515,5.67013259337603,3.6392155969059576,3.8024009469590587
15.054803710295786,14725475401.808393,15397161097.884478,5.423402900758457,5.670785212914548,3.663131217049538,3.8274474774811535
15.156755848466862,14728116740.677357,15398907562.97801,5.4243757077132715,5.67142843723131,3.686739101452884,3.8521668765405095
15.259398413340124,14730809598.471745,15400627908.143412,5.42536748912439,5.672062041560254,3.7100436272809643,3.8765634027638174
15.362736080531388,14733555366.864868,15402321509.834955,5.426378757546071,5.672685796249052,3.7330491197528297,3.900641254632537
15.46677355732008,14736355493.322441,15403987730.73402,5.427410046080947,5.673299466572808,3.7557598531063716,3.9244045712225533
15.57151558286361,14739211484.256752,15405625919.216524,5.428461909541721,5.673902812537918,3.7781800515651818,3.947857432931336
15.676966928413309,14742124908.411596,15407235408.791897,5.42953492569783,5.674495588675437,3.80031389030861,3.971003862192666
15.783132397531709,14745097400.498634,15408815517.511387,5.430629696614723,5.675077543823163,3.8221654964461353,3.993847824178906
15.89001682631142,14748130665.10789,15410365547.343801,5.4317468500940995,5.675648420895719,3.8437389499973333,4.016393227490883
15.997625083595366,14751226480.917593,15411884783.515965,5.432887041224397,5.676207956641644,3.8650382848787324,4.038643924835327
16.105962071198622,14754386705.231325,15413372493.815601,5.434050954051825,5.676755881386644,3.886067489899051,4.060603713689893
16.215032724131685,14757613278.873497,15414827927.853668,5.435239303383373,5.677291918761909,3.906830509764386,4.08227633695572
16.324842010825257,14760908231.47751,15416250316.283028,5.436452836734444,5.67781578541635,3.9273312460950596,4.10366548359747
16.435394933356584,14764273687.205128,15417638869.970201,5.437692336435302,5.678327190711553,3.947573558456016,4.124774789270842
16.546696527677327,14767711870.939713,15418992779.116417,5.438958621912048,5.678825836398065,3.967561265402838,4.145607836937445
16.658751863842955,14771225115.001196,15420311212.323957,5.440252552159745,5.679311416271523,3.987298145545593,4.16616815746694
16.771566046243663,14774815866.43623,15421593315.603271,5.441575028427389,5.67978361580698,4.006787938632997,4.1864592302263635
16.885144213836952,14778486694.943443,15422838211.316132,5.442926997136784,5.680242111769659,4.026034346659642,4.206484483656485
16.99949154038166,14782240301.501064,15424044997.049217,5.444309453060102,5.680686571800105,4.045041034999224,4.2262472958350426
17.114613234673687,14786079527.772661,15425212744.412403,5.4457234427840255,5.681116653971583,4.063811633567126,4.245750995026692
17.230514540783222,14790007366.376217,15426340497.755032,5.447170068491853,5.681532006317287,4.082349738015982,4.264998860219409
17.347200738293683,14794026972.112904,15427427272.792969,5.448650492099064,5.681932266324682,4.100658910968339,4.283994121647196
17.46467714254214,14798141674.264482,15428472055.13837,5.450165939782464,5.682317060394014,4.118742683290819,4.302739961298697
17.582949104861516,14802354990.082973,15429473798.723215,5.4517177069484335,5.6826860032576985,4.136604555414948,4.321239513411525
17.702022012824308,14806670639.6129,15430431424.106607,5.453307163691975,5.683038697356898,4.154247998710146,4.339495864951849
17.821901290488007,14811092562.006071,15431343816.654795,5.4549357608054585,5.683374732171222,4.171676456915215,4.357512056078897
17.942592398642176,14815624933.511421,15432209824.581398,5.45660503640429,5.683693683496939,4.188893347635334,4.375291080593889
18.064100835057232,14820272187.348719,15433028256.83411,5.458316623246414,5.683995112668651,4.205902063912516,4.3928358863729065
18.186432134734865,14825039035.70575,15433797880.812103,5.460072256833892,5.684278565718611,4.222705975878374,4.4101493757830825
18.309591870160133,14829930494.134459,15434517419.896688,5.461873784398017,5.684543572467259,4.239308432499309,4.427234406081487
18.433585651555376,14834951908.663757,15435185550.77553,5.46372317488498,5.684789645537739,4.255712763425502,4.444093789795973
18.558419127135696,14840108985.99632,15435800900.53796,5.465622530077372,5.6850162792860885,4.271922280956634,4.460730295087106
18.68409798336633,14845407827.215452,15436362043.516216,5.467574097008445,5.685222948637874,4.287940282139071,4.477146646090295
18.810627945221583,14850854965.497452,15436867497.843834,5.469580281851604,5.685409107820637,4.303770051011282,4.49334552323702
18.938014776445726,14856457408.407719,15437315721.69855,5.471643665498093,5.685574188980159,4.319414861016762,4.509329563553987
19.066264279815446,14862222685.457285,15437705109.192286,5.473767021072098,5.685717600666738,4.3348779776064665,4.525101360938836
19.19538229740425,14868158901.7149,15438033985.86564,5.475953333676112,5.685838726175803,4.3501626610562205,4.54066346641089
19.325374710848564,14874274798.411505,15438300603.73757,5.478205822711613,5.6859369217247115,4.3652721695284,4.55601838833517
19.456247441615616,14880579821.645897,15438503135.853863,5.4805279671834,5.686011514444949,4.380209762411903,4.571168592617742
19.588006451273223,14887084200.508253,15438639670.268787,5.482923534472549,5.686061800165562,4.394978703979965,4.586116502870104
19.720657741761347,14893799036.191742,15438708203.38419,5.485396613156276,5.686087040959949,4.409582267411907,4.600864500540072
19.85420735566549,14900736403.972857,15438706632.557407,5.487951650567367,5.686086462423345,4.424023739232905,4.615414925006193
19.988661376491926,14907909470.322626,15438632747.874718,5.490593495926322,5.686059250642979,4.438306424235295,4.629770073632331
20.12402592894487,14915332627.882906,15438484222.968967,5.493327450053213,5.686004548816199,4.45243365095646,4.643932201778532
20.260307179205405,14923021651.628563,15438258604.738173,5.496159322882329,5.685921453463827,4.466408777802287,4.657903522763662
20.397511335212457,14930993880.26997,15437953301.795816,5.49909550027284,5.685809010176395,4.480235199922195,4.6716862077746635
20.535644646945475,14939268427.872982,15437565571.45093,5.502143021948584,5.685666208818898,4.493916356962612,4.685282385716313
20.67471340670923,14947866431.841778,15437092504.977064,5.505309672830318,5.685491978105348,4.507455741851609,4.69869414299449
20.814723949420372,14956811344.89903,15436531010.879967,5.508604090572225,5.6852851794362484,4.52085691079928,4.711923523224643
20.955682652896048,14966129280.60923,15435877795.813526,5.512035892818391,5.6850445998699195,4.534123494738541,4.724972526855712
21.097595938144416,14975849424.463726,15435129342.71743,5.515615828605712,5.684768944070586,4.547259212481161,4.737843110697966
21.240470269657113,14986004525.770227,15434281885.654484,5.51935595952715,5.684456825040942,4.560267885927569,4.75053718734104
21.384312155703743,14996631489.830362,15433331380.704077,5.523269877831134,5.6841067534021965,4.573153457750178,4.763056624445754
21.52912814862836,15007772095.51835,15432273472.112925,5.527372970706289,5.683717124927364,4.5859200120745145,4.775403243889944
21.674924845147945,15019473870.91998,15431103452.703371,5.531682742779891,5.683286205959618,4.598571798818111,4.787578820744361
21.821708886652846,15031791169.914387,15429816217.277807,5.536219212623681,5.682812116251105,4.611113262524846,4.799585082049454
21.969486959509396,15044786506.588184,15428406207.413343,5.541005404219529,5.682292808630782,4.623549076767726,4.811423705357118
22.11826579536441,15058532223.79962,15426867345.581644,5.54606796149278,5.681726044740709,4.635884185507657,4.823096316992954
22.268052171451902,15073112599.51516,15425192955.91121,5.551437924077493,5.681109365852738,4.648123853221763,4.834604489983398
22.418852910901727,15088626533.470724,15423375668.065563,5.557151716815651,5.680440057466784,4.660273726198551,4.8459497415775425
22.57067488305048,15105191013.086477,15421407299.544294,5.563252426256013,5.679715105962217,4.67233990820877,4.857133530274071
22.72352500375431,15122945640.613668,15419278710.073875,5.569791468005458,5.678931144969896,4.68432905490576,4.8681572522376815
22.877410235704048,15142058628.148355,15416979619.413101,5.576830794696741,5.678084388269788,4.696248492952059,4.879022236953933
23.03233758874233,15162734858.165628,15414498376.48756,5.584445864688889,5.6771705447630305,4.7081063722698335,4.8897297419220305
23.188314120182895,15185226906.733328,15411821662.700214,5.592729701924533,5.676184709201008,4.719911863393317,4.900280946115695
23.34534693513208,15209850408.350883,15408934104.558743,5.601798554810809,5.675121219515734,4.731675417364742,4.910676941841957
23.503443186812504,15237005938.98901,15405817758.7301,5.611799955758202,5.673973467165087,4.74340911416676,4.920918724480179
23.662610076888882,15267210958.165016,15402451413.289377,5.622924485469243,5.67273363978227,4.755127139463752,4.931007179360457
23.822854855796056,15301147772.77417,15398809616.751713,5.635423438051187,5.671392363567587,4.766846452376084,4.940943064693047
23.984184823069345,15339737973.500353,15394861290.79054,5.649636235998174,5.669938192351605,4.778587746733668,4.95072698890059
24.146607327676954,15384262539.676094,15390567681.598309,5.666034664895272,5.668356853079868,4.7903768801534286,4.960359379765287
24.310129768354848,15436564892.405457,15385879211.38295,5.685297658025808,5.666630086216846,4.802247082539745,4.969840441148592
24.47475959394368,15499414355.091253,15380730394.626661,5.708445159138024,5.66473377340048,4.814242535059632,4.979170089949252
24.640504303728193,15577205026.876053,15375031096.880249,5.737095518022724,5.662634718050024,4.8264245268800146,4.9883478597416895
24.807371447778742,15677430169.383253,15368650197.394678,5.77400850818233,5.660284628301801,4.838882901701976,4.99737274372286
24.975368627295303,15814208867.406347,15361381248.05912,5.824384198431986,5.657607469172046,4.8517597157479155,5.00624291448739
25.144503494953682,16018402891.162344,15352855796.902542,5.899589000350965,5.65446753954185,4.865306319969707,5.014955148325674
25.314783755254094,16376569609.102629,15343152632.795952,6.031502053344414,5.650893857407571,4.88006107280185,5.023505553285262
25.48621716487215,17307853868.95541,15334966620.022957,6.374494698301466,5.647878943171711,4.897806488640886,5.031897159676075
25.658811533012205,14283367899.022253,15331404749.208946,5.260574397933824,5.646567103657011,4.910112802688383,5.040147285670063
25.832574721763077,14287517366.272669,15330514649.18103,5.262102649627466,5.646239279193512,4.914821995523829,5.048275825896725
26.007514646456144,14291745565.534943,15329612454.798248,5.2636598983762015,5.645907000370649,4.919488734039734,5.056290955058113
26.183639276025932,14296054539.331448,15328698008.638569,5.2652468964424495,5.645570209209774,4.924113981300733,5.064194133632104
26.360956633373167,14300446409.302681,15327771150.29939,5.266864425227892,5.645228846634501,4.9286986977410745,5.071986801730058
26.539474795730186,14304923380.627043,15326831716.301605,5.268513296901276,5.644882852435357,4.933243841601532,5.07967037935493
26.71920189502884,14309487746.767204,15325879539.988653,5.27019435614651,5.644532165232616,4.937750369383085,5.087246266655427
26.900146118271024,14314141894.572876,15324914451.420237,5.271908482042013,5.6441767224371455,4.942219236318859,5.09471584417628
27.082315707901508,14318888309.773174,15323936277.260168,5.27365659008356,5.643816460209108,4.946651396865868,5.102080473104567
27.265718962183488,14323729582.895319,15322944840.658024,5.275439634364139,5.643451313414369,4.95104780521837,5.109341495512217
27.450364235576547,14328668415.650677,15321939961.124073,5.277258609925939,5.643081215578433,4.955409415844711,5.116500234594625
27.636259939117213,14333707627.833735,15320921454.39697,5.279114555301242,5.642706098837717,4.959737184049777,5.123557994905454
27.823414540802105,14338850164.784882,15319889132.303608,5.281008555260978,5.642325893887936,4.964032066565375,5.130516062587597
28.011836565973713,14344099105.473972,15318842802.610573,5.2829417437918975,5.6419405299293865,4.968295022171087,5.1373757056003555
28.20153459770872,14349457671.268383,15317782268.866455,5.284915307325863,5.641549934608879,4.972527012348399,5.144138173942783
28.392517277208942,14354929235.457092,15316707330.234188,5.286930488247566,5.64115403395798,4.9767290019712584,5.15080469987326
28.584793304195,14360517333.611225,15315617781.312683,5.288988588710327,5.640752752327325,4.980901960036447,5.157376498125252
28.77837143730263,14366225674.87159,15314513411.946804,5.291090974793304,5.64034601231663,4.985046860437636,5.163854766119276
28.973260494481643,14372058154.265465,15313394007.024569,5.293239081037771,5.639933734700001,4.989164682787351,5.17024068417105
29.16946935339754,14378018866.168236,15312259346.260437,5.2954344154050474,5.639515838346122,4.993256413291554,5.176535415695811
29.367006951836036,14384112119.040918,15311109203.963562,5.297678564704342,5.639092240132892,4.997323045682168,5.182740107408798
29.56588228811006,14390342451.592442,15309943348.789322,5.299973200545334,5.638662854855927,5.001365582213379,5.188855889521847
29.766104421469773,14396714650.536121,15308761543.472782,5.302320085877886,5.638227595130386,5.005385034728346,5.1948838759360925
29.96768247251518,14403233770.133802,15307563544.54216,5.304721082190175,5.637786371285441,5.009382425803724,5.2008251644307135
30.170625623611567,14409905153.748888,15306349102.01035,5.307178157446685,5.637339091250664,5.013358789980328,5.206680836847671
30.374943119307815,14416734457.662077,15305117959.042248,5.309693394859557,5.636885660433508,5.0173151750893235,5.212451959272399
30.58064426675754,14423727677.44169,15303869851.595442,5.312269002600801,5.636425981586967,5.021252643684589,5.2181395822103624
30.787738436143023,14430891177.205185,15302604508.031265,5.314907324579333,5.6359599546663315,5.025172274593241,5.223744740759388
30.99623506110202,14438231722.16099,15301321648.693161,5.317610852426154,5.635487476673894,5.0290751645979865,5.229268454777692
31.206143639157503,14445756514.882284,15300020985.448557,5.320382238854008,5.635008441490226,5.032962430266877,5.234711729047487
31.417473732150345,14453473235.837812,15298702221.19028,5.323224312584912,5.634522739690549,5.0368352099481895,5.240075553434026
31.630234966674845,14461390088.792921,15297365049.292606,5.326140095071387,5.634030258344394,5.0406946659507685,5.245360903039931
31.84443703451721,14469515851.79863,15296009153.016651,5.32913281927577,5.633530880796608,5.0445419869331785,5.250568738354666
32.06008969309707,14477859934.612505,15294634204.85882,5.332205950818361,5.633024486427387,5.048378390528541,5.255700005398903
32.27720276591199,14486432443.546326,15293239865.835339,5.335363211860863,5.63251095038877,5.052205126236131,5.2607556358635845
32.49578614298488,14495244254.91849,15291825784.694376,5.338608608158959,5.631990143314463,5.056023478615745,5.265736547243426
32.71584978131461,14504307098.51143,15290391597.046518,5.341946459799732,5.6314619309995875,5.059834770826739,5.2706436429645
32.93740370532944,14513633652.704994,15288936924.402235,5.345381436239354,5.630926174046186,5.0636403685606615,5.275477812505625
33.16045800734373,14523237653.289034,15287461373.1036,5.348918596378847,5.630382727469769,5.067441684424824,5.280239931513082
33.38502284801773,14533134018.367432,15285964533.135096,5.352563434566316,5.6298314402613325,5.0712401828442975,5.28493086190823
33.611108456820325,14543338992.272125,15284445976.795568,5.356321933600587,5.629272154898244,5.075037385562055,5.289551451987468
33.83872513249505,14553870312.036583,15282905257.210442,5.360200626043506,5.628704706796283,5.07883487783193,5.294102536513888
34.067883243529195,14564747400.767887,15281341906.6591,5.364206665439009,5.628128923693619,5.082634315417231,5.298584936799909
34.298593228626174,14575991593.252176,15279755434.68778,5.368347909403771,5.627544624955789,5.086437432530273,5.30299946078
34.53086559718102,14587626400.390854,15278145325.97221,5.372633017019238,5.6269516207885015,5.090246050875712,5.307346903072503
34.76471092975904,14599677820.67783,15276511037.886942,5.377071563548922,5.626349711342424,5.094062089994984,5.311628045029331
35.00013987857783,14612174709.003181,15274851997.72933,5.381674176269041,5.625738685690774,5.097887579152156,5.31584365477215
35.23716316799259,14625149215.759438,15273167599.534595,5.386452696191675,5.625118320656295,5.1017246710557975,5.31999448721336
35.4757915949845,14638637312.744335,15271457200.403732,5.391420371755115,5.624488379458835,5.105575657780213,5.324081284059835
35.716036029652685,14652679426.993967,15269720116.248068,5.396592092265061,5.623848610148057,5.109442989337587,5.32810477379708
35.95790741570923,14667321209.857456,15267955616.829998,5.401984671145358,5.62319874377694,5.11332929546605,5.332065671650788
36.20141677097781,14682614476.932005,15266162919.949326,5.407617192116735,5.622538492260603,5.117237411346708,5.335964679522351
36.44657518789555,14698618365.77073,15264341184.58405,5.413511435581411,5.621867545850056,5.121170408156823,5.339802485893917
36.69339383401831,14715400773.80775,15262489502.74162,5.419692408211912,5.621185570131004,5.125131629624439,5.343579765697658
36.941883952529345,14733040160.575691,15260606889.705475,5.426189006709038,5.6204922024316515,5.129124736095992,5.347297180142566
37.19205686275151,14751627828.825712,15258692272.265867,5.433034857939967,5.619787047488095,5.133153758099015,5.350955376490438
37.44392396066289,14771270842.90513,15256744474.392096,5.440269393778781,5.619069672167403,5.1372231620298034,5.354554987770378
37.697496719415916,14792095806.4319,15254762199.62,5.4479392424266155,5.618339598980921,5.141337931500394,5.358096632418271
37.952786689859934,14814253815.662529,15252744009.169647,5.456100052740533,5.617596298024988,5.14550366916201,5.361580913823506
38.2098055010674,14837927047.48367,15250688294.4357,5.464818920595444,5.616839176849133,5.149726725673069,5.365008419759805
38.46856486086367,14863337660.916943,15248593241.94698,5.4741776673145575,5.616067567550654,5.154014365201623,5.36837972166917
38.72907655636028,14890760038.629581,15246456788.073942,5.48427734822633,5.615280710093343,5.158374980939691,5.371695373756998
38.99135245449186,14920537959.048973,15244276559.508322,5.49524457716627,5.6144777303861035,5.162818380392787,5.374955911840432
39.2554045025567,14953109232.932842,15242049793.561607,5.507240600142986,5.613657610928824,5.1673561701341635,5.378161851868228
39.52124472876098,14989041969.964071,15239773229.113783,5.520474652350457,5.6128191506487175,5.172002285870109,5.381313687994182
39.78888524276675,15029089575.61476,15237442953.62693,5.535224213551564,5.61196090855533,5.176773740888152,5.3844118900290585
40.05833823624349,15074277099.931694,15235054182.125784,5.551866810396245,5.6110811223389225,5.181691713720642,5.3874569000026495
40.32961598342345,15126042512.240036,15232600926.504622,5.5709320479937725,5.610177586575963,5.18678318369614,5.390449127408831
40.60273084166079,15186479614.360666,15230075479.205486,5.593191075020785,5.609247462567461,5.192083493986927,5.3933889424215
40.877695251994545,15258782079.711723,15227467563.154121,5.619820123633284,5.6082869652597696,5.197640578085736,5.396276665825007
41.154521739715314,15348120521.411709,15224762833.548845,5.652723534263099,5.607290811452387,5.203522395099857,5.3991125532762165
41.43322291493575,15463560135.830172,15221939984.791353,5.695240025080274,5.606251154278541,5.2098311743015975,5.401896768923656
41.71381147316501,15622884044.00456,15218964386.274773,5.753919132014033,5.605155239261473,5.216734136716435,5.404629336494786
41.99630019588717,15867540583.526417,15215770884.997663,5.844026306820044,5.603979070505133,5.224542703797572,5.407310032774111
42.28070195114333,16328855897.092157,15212490443.75667,6.013929059803455,5.6027708816992225,5.233991458869096,5.409938801660545
42.56702969411784,17943569024.066345,15209623560.097382,6.608629035034754,5.601715006440213,5.248448951010545,5.412517149990044
42.85529646772841,14013375801.948849,15207336785.77277,5.16113611954249,5.600872785855338,5.256949368352185,5.415048208589462
43.14551540322022,14022686739.42141,15205250811.43071,5.164565344332833,5.6001045200446296,5.255687791831377,5.417534536451349
43.4376997207642,14032218822.414995,15203145801.420996,5.168076017173408,5.599329243384196,5.2544896564182615,5.419977180268853
43.73186273005915,14041980515.985579,15201021530.15066,5.171671255750256,5.59854687278799,5.253355224517179,5.422376631189327
44.028017830938,14051980816.779818,15198877768.386597,5.175354373534642,5.597757323829297,5.252284798132417,5.424733372651919
44.32617851397822,14062229301.771053,15196714283.137175,5.179128897732551,5.596960510697136,5.25127872108305,5.427047880472633
44.626358361116466,14072736182.876123,15194530837.525053,5.182998589400106,5.596156346149419,5.250337381443311,5.4293206229276825
44.928571046267145,14083512368.332022,15192327190.650013,5.186967466048628,5.595344741462424,5.249461214236687,5.43155206083504
45.23283033594528,14094569531.868662,15190103097.440695,5.19103982712102,5.594525606376198,5.248650704416307,5.433742647634213
45.53915008989367,14105920190.903887,15187858308.493858,5.195220282791035,5.593698849035354,5.247906390169285,5.4358928294641675
45.847544261714255,14117577795.217268,15185592569.899586,5.199513786621908,5.592864375924691,5.24722886658886,5.4380030452394
46.15802689950369,14129556827.84058,15183305623.050394,5.203925672724381,5.592022091798892,5.246618789765455,5.440073726724061
46.47061214649329,14141872920.24745,15180997204.43232,5.208461698181136,5.5911718996055795,5.246076881356497,5.442105298604124
46.78531424169324,14154542984.349209,15178667045.39518,5.213128091660958,5.590313700400704,5.245603933705432,5.444098178557476
47.10214752054126,14167585364.33002,15176314871.89915,5.2179316093397174,5.589447393255205,5.245200815593065,5.446052777321903
47.42112641555564,14181020012.009298,15173940404.234097,5.2228795994864745,5.588572875151645,5.244868478719837,5.447969498760822
47.742265456992676,14194868690.240313,15171543356.707367,5.227980077375326,5.587690040869219,5.2446079650366135,5.449848739926682
48.06557927350847,14209155209.888754,15169123437.295025,5.233241812564778,5.586798782855309,5.244420415064768,5.451690891121875
48.391082592825356,14223905707.248558,15166680347.2505,5.238674431070186,5.5858989910813435,5.244307077375122,5.4534963359570074
48.71879024240286,14239148970.431137,15164213780.663456,5.24428853557314,5.584990552880329,5.2442693194310115,5.4552654514063335
49.04871715011303,14254916825.425863,15161723423.959843,5.250095847607808,5.584073352762727,5.244308640045554,5.4569986078601165
49.380878344920426,14271244595.335028,15159208955.332512,5.256109376697498,5.583147272206737,5.244426683759568,5.458696169173647
49.71528895756676,14288171649.957924,15156670044.08904,5.262343622766853,5.582212189418107,5.244625257518305,5.460358492712602
50.0519642212602,14305742067.74606,15154106349.900505,5.2688148199404266,5.581267979053459,5.244906350116845,5.461985929394314
50.39091947236918,14324005438.613344,15151517521.930573,5.275541232218233,5.580314511899524,5.245272155002542,5.463578823724478
50.73217015112107,14343017844.786722,15148903197.819372,5.282543514723722,5.579351654498909,5.245725097177159,5.465137513828725
51.07573180230545,14362843068.72918,15146263002.489494,5.28984515858267,5.578379268710341,5.24626786514439,5.466662331478296
51.42162007598226,14383554093.486706,15143596546.732492,5.297473043502016,5.577397211188076,5.246903449118309,5.468153602108937
51.76985072819473,14405234983.578451,15140903425.52205,5.305458130503021,5.57640533276064,5.247635187071148,5.46961164483189
52.12043962168709,14427983266.754004,15138183215.98334,5.313836339124144,5.575403477682935,5.248466820692524,5.471036772435544
52.473402726627064,14451912983.17924,15135435474.925528,5.322649670438324,5.574391482727469,5.2494025640132005,5.472429291375958
52.828756121333434,14477158636.089174,15132659735.812695,5.331947662081193,5.573369176068735,5.250447188399203,5.473789501753952
53.18651599300846,14503880378.191202,15129855505.003609,5.341789298407016,5.572336375898323,5.251606128976475,5.475117697275703
53.54669863847526,14532270919.98232,15127022257.026241,5.3522455548267684,5.571292888684515,5.25288561950541,5.476414165192933
53.90932046492005,14562564881.307953,15124159428.557755,5.36340284199379,5.570238506955118,5.2542928656137935,5.477679186217358
54.2743979906396,14595051680.508303,15121266410.638487,5.3753677528854205,5.5691730064298595,5.255836270649896,5.478913034402163
54.641947845793766,14630093663.396101,15118342538.42884,5.388273739718191,5.568096142247851,5.257525735136293,5.48011597698056
55.01198677316295,14668152195.640427,15115387077.470808,5.402290723791054,5.567007643907696,5.259373061459688,5.4812882741472375
55.3845316289107,14709826218.55558,15112399204.84966,5.417639295609425,5.565907208329322,5.261392512857989,5.482430178762285
55.759599383351755,14755910983.359913,15109377982.69336,5.434612346753831,5.564794490093799,5.263601605294581,5.483541935947077
56.13720712172482,14807490772.431902,15106322319.755442,5.453609219183442,5.563669087294294,5.266022262949387,5.484623782525181
56.5173720449711,14866091608.547667,15103230913.692844,5.475191948155173,5.562530520276943,5.268682564696856,5.485675946233241
56.9001114705177,14933945982.307375,15100102160.476856,5.500182761520176,5.5613781982768495,5.271619498772015,5.486698644575973
57.28544283306645,15014481764.544256,15096934004.301746,5.52984414650641,5.560211364139322,5.274883543143381,5.487692083101767
57.673383685388146,15113300836.648756,15093723670.970783,5.56623927995222,5.559028996125763,5.278546811986926,5.48865645267157
58.06395169912219,15240357487.300486,15090467147.996304,5.613034333347958,5.557829616434157,5.282718897781588,5.489591924820342
58.4571646655815,15415580007.981071,15087158027.208588,5.677568910399412,5.556610864931108,5.287581788241107,5.490498643034073
58.85304049656289,15687013008.273554,15083784359.646944,5.777537874455203,5.555368340806028,5.293483093645701,5.491376703504123
59.25159722516308,16217738272.82447,15080376471.024584,5.973004360984919,5.554113213040327,5.3012880032781124,5.49222624685746
59.652853006600175,18578909700.98081,15077025227.182642,6.842625451186085,5.552878947586914,5.316143749341012,5.493047711567738
60.05682611904062,13762712531.762165,15073737050.291994,5.068816661626916,5.551667909735819,5.324678934228947,5.493841769734824
60.463534964431766,13778401775.944231,15070441676.237894,5.074595021244241,5.550454221164387,5.321287256612997,5.494608926179441
60.87299806934027,13794544775.416367,15067114833.664566,5.080540499252603,5.549228942715289,5.318019652990901,5.495349445924393
61.28523408579585,13811165248.640806,15063756156.867958,5.086661831178249,5.547991939699468,5.31487675925224,5.496063529808215
61.700261792141085,13828289032.398848,15060365275.403599,5.092968532725822,5.546743075681966,5.31185932513265,5.496751374159023
62.11810009388675,13845944358.565739,15056941814.006668,5.099471001714741,5.545482212452486,5.30896822383353,5.4974131708313685
62.53876802457295,13864162178.579563,15053485392.50841,5.106180637581325,5.54420920999461,5.306204462997688,5.4980491072422195
62.9622847466362,13882976545.846283,15049995625.74842,5.113109982218831,5.542923926453491,5.303569197283595,5.498659366406025
63.388669552282366,13902425068.973759,15046472123.48217,5.120272886903869,5.541626218101795,5.30106374283488,5.499244126968852
63.81794186436544,13922549452.187752,15042914490.282906,5.127684711331985,5.540315939303573,5.298689594009919,5.499803563241631
64.2501212372722,13943396143.838833,15039322325.43697,5.135362562463216,5.538992942475705,5.29644844282352,5.500337845232405
64.68522735781303,13965017119.96574,15035695222.831339,5.143325583109021,5.537657078046478,5.294342201664914,5.500847138677649
65.12328004611884,13987470838.012344,15032032770.831982,5.151595303186909,5.5363081944107915,5.292373030002004,5.501331605072584
65.5642992565437,14010823406.832663,15028334552.150883,5.160196070634099,5.534946137881177,5.290543365972921,5.501791401700433
66.00830507857391,14035150034.273571,15024600143.699394,5.169155584553255,5.533570752633789,5.288855964019298,5.502226681660626
66.45531773774309,14060536834.696373,15020829116.424747,5.17850556092394,5.532181880648193,5.287313940054943,5.50263759389584
66.90535759655357,14087083108.49531,15017021035.12556,5.188282572150877,5.530779361639415,5.285920826123968,5.503024283217829
67.35844515540393,14114904248.14263,15013175458.240849,5.198529117362392,5.529363032980235,5.284680637134653,5.503386890331916
67.81460105352278,14144135487.011122,15009291937.605194,5.209295003104368,5.527932729611015,5.283597953136804,5.503725551860045
68.27384606990897,14174936798.503654,15005370018.160252,5.220639147693089,5.52648828393345,5.282678021857727,5.504040400362208
68.73620112427808,14207499390.63024,15001409237.608788,5.232631973172519,5.525029525683142,5.281926888008334,5.504331564356
69.20168727801548,14242054453.085533,14997409125.992376,5.245358626869073,5.523556281774078,5.281351558506675,5.5045991683340345
69.67032573513568,14278885147.995258,14993369205.165401,5.2589233975919125,5.5220683761048885,5.280960216715903,5.504843332778777
70.14213784324807,14318343376.347183,14989288988.125654,5.273455890721224,5.520565629312322,5.280762504852422,5.505064174174212
70.61714509452952,14360873753.944641,14985167978.142715,5.289119858568678,5.519047858450216,5.280769903262535,5.505261805013572
71.09536912670343,14407048785.83516,14981005667.593554,5.3061261551441286,5.517514876560653,5.280996250752274,5.505436333801918
71.57683172402528,14457622014.99094,14976801536.362492,5.324752310851841,5.515966492084664,5.281458476164515,5.505587865051859
72.06155481827497,14513611142.397392,14972555049.571789,5.3453731456773035,5.514402508026404,5.282177656851103,5.505716499269764
72.54956048975582,14576433422.17914,14968265654.243593,5.368510635306925,5.512822720723742,5.283180602913319,5.505822332928325
73.04087096830055,14648137281.814642,14963932774.176624,5.394919217015262,5.511226917961344,5.28450232718142,5.505905458418548
73.53550863428374,14731823134.554897,14959555801.670307,5.425740775173459,5.5096148759226615,5.286190094541033,5.505965963969316
74.03349601964143,14832468227.225891,14955134083.288471,5.462808433272425,5.507986353946696,5.288310495928316,5.506003933512366
74.53485580889733,14958712026.00562,14950666893.347187,5.509304112754574,5.506341084763547,5.290962880273623,5.50601944644838
75.03961084019627,15127283796.94753,14946153379.458359,5.571389214020647,5.504678754438085,5.294307968479166,5.506012577216066
75.54778410634464,15376425878.142252,14941592446.537384,5.663148416965397,5.502998959649881,5.298640233310387,5.505983394445642
76.05939875585759,15822974496.936695,14936984384.10065,5.827612585925405,5.501301807028025,5.304633750567526,5.505931963869702
76.57447809401353,17200279251.104984,14932333240.404768,6.334874891227099,5.49958878754826,5.315057844577625,5.505858361081
77.09304558391575,13510239252.801744,14927641539.86391,4.97583057621267,5.497860830954095,5.319589698958519,5.505762676874295
77.61512484756136,13533065427.82357,14922905273.909328,4.9842374724553125,5.496116460886851,5.315037200336866,5.505644997108116
78.14073966691718,13556670421.429304,14918120757.607735,4.99293120812771,5.49435432018302,5.310660387899295,5.50550538749688
78.66991398500303,13581106180.509981,14913287422.33941,5.001930915306203,5.492574199419561,5.306460880656602,5.505343902397672
79.20267190698247,13606430697.308535,14908404693.205551,5.011257952574468,5.490775886860841,5.30244054740759,5.505160592615303
79.73903770126094,13632709042.427635,14903471989.095592,5.020936285481028,5.488959168483433,5.298601535801659,5.504955505419113
80.27903580059105,13660014632.034243,14898488722.783623,5.0309929532515785,5.487123828011622,5.294946306693002,5.5047286845599395
80.82269080318572,13688430795.993515,14893454301.061361,5.041458646333801,5.485269646966384,5.291477675037282,5.504480170287414
81.37002747383855,13718052736.816671,14888368124.91646,5.052368427879236,5.483396404731051,5.288198858951763,5.504209999367816
81.92107074505194,13748990002.044933,14883229589.768381,5.063762644324016,5.481503878638188,5.285113539063113,5.503918205102691
82.47584571817299,13781369639.684748,14878038085.77777,5.07568808753787,5.479591844083533,5.282225930960523,5.503604817348585
83.03437766453676,13815340274.883924,14872792998.250221,5.0881994962668,5.477660074674707,5.279540874541487,5.503269862538258
83.59669202661743,13851077447.921066,14867493708.163565,5.101361522118321,5.47570834242541,5.2770639454154455,5.502913363703924
84.16281441918731,13888790707.974638,14862139592.858356,5.1152513422015815,5.473736418009734,5.274801595522971,5.5025353405031865
84.73277063048374,13928733196.279865,14856730026.947716,5.129962188610756,5.471744071097253,5.272761333066435,5.50213580924857
85.30658662338372,13971214831.805614,14851264383.526598,5.145608204719072,5.4697310707983995,5.270951956275581,5.501714782941909
85.8842885365865,14016620831.506502,14845742035.798296,5.162331266200632,5.467697186263507,5.2693838623667,5.50127227131526
86.46590268580447,14065438337.962841,14840162359.295494,5.1803107880088435,5.465642187500827,5.268069463899222,5.500808280880782
87.05145556496164,14118295739.377628,14834524734.969643,5.199778205958848,5.463565846514345,5.267023762483525,5.50032281499307
87.64097384740084,14176022550.934528,14828828553.588272,5.221039031073587,5.461467938923316,5.266265159900804,5.4998158739291325
88.23448438709836,14239743960.598251,14823073222.170832,5.24450767086828,5.459348246332587,5.265816639924508,5.49928745499408
88.8320142198876,14311036640.385628,14817258173.73956,5.270764814750657,5.4572065599238515,5.265707552950251,5.498737552665379
89.43359056469023,14392199168.871262,14811382882.74065,5.300657030819133,5.455042686135276,5.265976430044363,5.498166158797373
90.0392408247565,14486752383.227303,14805446890.804724,5.335481045869378,5.452856456149097,5.266675664257392,5.497573262924832
90.64899258891312,14600443625.460098,14799449852.97464,5.377353609986422,5.450647742917357,5.2678798482953075,5.496958852740329
91.26287363282027,14743490977.306494,14793391629.269659,5.430038049828295,5.448416494885053,5.269702031388339,5.496322914905827
91.88091192023681,14936409000.09962,14787272495.177101,5.501089892697581,5.446162813514356,5.272329713187122,5.495665436600155
92.50313560429389,15228991436.03133,14781093806.272394,5.608848208707409,5.443887198064647,5.276121717915593,5.494986409210221
93.12957302877773,15793026829.658562,14774849004.073946,5.81658283909854,5.441587233042561,5.281980172517363,5.494285811326246
93.76025272942037,18439985301.342102,14768521097.870865,6.791459497529053,5.439256660757384,5.2957055310668295,5.493563563594503
94.39520343519996,13267022575.520014,14762109754.82597,4.8862537036778395,5.436895358624947,5.3029448812896325,5.492819545091349
95.034454069649,13298217594.072268,14755626549.892365,4.897742850852316,5.434507589708582,5.297435258306266,5.492053664370995
95.67803375217227,13330665953.246597,14749073616.023449,4.909693604255448,5.432094139576521,5.2921566561458935,5.491265864980544
96.32597179937292,13364472779.622005,14742450110.262928,4.922144682079891,5.42965469776737,5.287112426886087,5.49045609438428
96.97829772638832,13399758815.502499,14735755181.300243,4.935140553800747,5.427188950742854,5.282306435471701,5.489624296567575
97.63504124823409,13436663842.805202,14728987969.879162,4.948732701195967,5.424696582038301,5.277743138432681,5.488770412043299
98.29623228115815,13475351111.290493,14722147609.338522,4.962981249266597,5.422177272461798,5.273427680942059,5.4878943778604725
98.96190094400303,13516013145.505753,14715233226.324677,4.977957104938238,5.419630700356584,5.269366017855241,5.486996127615922
99.63207755957825,13558879476.989254,14708243941.7331,4.993744804837145,5.41705654194785,5.265565066571281,5.4860755914698345
100.30679265604141,13604227116.402632,14701178871.958075,5.010446372183952,5.414454471802989,5.262032902814815,5.485132696166541
100.9860769682887,13652395008.387276,14694037130.564997,5.028186640527402,5.411824163447515,5.2587790153721325,5.484167365062236
101.6699614393553,13703804415.009583,14686817830.554787,5.047120760981499,5.4091652901990495,5.255814643478607,5.4831795181620375
102.35847722182432,13758988365.402765,14679520087.474226,5.0674450485492155,5.40647752631285,5.253153232798354,5.482169072169833
103.05165567924685,13818635403.489122,14672143023.771688,5.08941309443923,5.403760548586038,5.250811066137138,5.481135940555917
103.74952838756941,13883656701.902668,14664685775.036438,5.11336048417062,5.401014038655536,5.248808159616215,5.480080033649874
104.45212713657332,13955292985.01207,14657147499.199589,5.13974417739708,5.398237686386782,5.247169576867738,5.479001258770371
105.15948393132247,14035292712.732342,14649527390.590115,5.169208133129519,5.395431195050574,5.245927430145894,5.477899520410689
105.8716309936208,14126225685.517635,14641824702.386225,5.202698810674489,5.392594289591924,5.245124069986062,5.476774720511946
106.58860076348083,14232073756.076666,14634038784.581486,5.241682729172566,5.389726730613006,5.244817467207875,5.4756267588819885
107.310425900601,14359444610.25772,14626169153.215347,5.288593503948148,5.386828339870812,5.245090983327754,5.474455533873579
108.037139285853,14520372986.845835,14618215630.657095,5.347863537722076,5.383899051943824,5.2460729364276615,5.4732609435713995
108.76877402278072,14739942815.480179,14610178680.991566,5.428731259343362,5.380939037754813,5.247981680627022,5.472042888139201
109.5053634391067,15083114477.919165,14602059828.973448,5.555121622896659,5.377948858871998,5.251255298375253,5.470801273998699
110.2469410882515,15808838433.334305,14593847067.981064,5.8224062638030585,5.37492409324821,5.25712736613948,5.4695359828333086
110.9935407508617,12981921391.03627,14585516352.276773,4.781250737814413,5.371855884821439,5.2577031551940205,5.468246808797495
111.7451964363482,13020737573.096853,14577074093.20112,4.795546764845084,5.368746594892896,5.2514111469925275,5.466933505519253
112.50194238443672,13061286952.30099,14568537080.642075,4.8104811295972505,5.365602407190076,5.245399472488318,5.465595887301299
113.26381306672587,13103736779.461306,14559904131.82617,4.826115430662307,5.3624228860966845,5.239673346065495,5.4642338093211045
114.03084318825874,13148283169.315456,14551174052.188051,4.842521897235444,5.359207591653463,5.234238809602284,5.462847122828028
114.80306768910326,13195158509.73613,14542345636.17789,4.859786117932883,5.355956079855567,5.229102882264433,5.461435675139755
115.58052174594349,13244641439.168798,14533417668.358059,4.878010715489183,5.352667903056466,5.224273751240086,5.4599993096434805
116.3632407736827,13297070535.617306,14524388924.896702,4.897320388420222,5.349342610518033,5.21976101838176,5.458537865803493
117.15126042705627,13352863496.098232,14515258175.613804,4.917868974829664,5.345979749164104,5.215576024740921,5.457051179177379
117.94461660225534,13412544655.202946,14506024186.81504,4.939849587514628,5.342578864624197,5.211732286120397,5.455539081444081
118.74334543856331,13476785556.204111,14496685725.280106,4.963509556332631,5.339139502702411,5.2082460910123825,5.454001400448429
119.54748332000038,13546466672.871214,14487241563.986683,4.989173160389451,5.335661211485565,5.205137343261806,5.452437960269066
120.35706687698224,13622774818.271679,14477690490.546968,5.017277503768787,5.332143544450385,5.202430786629904,5.45084858132045
121.17213298798823,13707363716.493628,14468031320.055191,5.048431654210173,5.3285860651952435,5.200157850431674,5.449233080506081
121.99271878124071,13802632991.452953,14458262915.489197,5.08351939488197,5.324988354954086,5.198359556710091,5.447591271451825
122.81886163639771,13912245454.67361,14448384221.903196,5.123889741833022,5.32135002518964,5.197091356462171,5.445922964871019
123.65059918625397,14042168883.61543,14438394327.956093,5.171740631680219,5.317670740254341,5.196431754800992,5.4442279691612585
124.48796931845648,14203016331.124958,14428292588.09064,5.23098085921784,5.313950262389003,5.1964991818297355,5.442506091447259
125.33101017722994,14416170618.854939,14418078904.11227,5.309485732632107,5.310188555428499,5.197489568848843,5.440757139607966
126.17976016511393,14734011350.803686,14407754625.950977,5.426546696750002,5.306386116552989,5.199778601386614,5.438980927200904
127.03425794471296,15341471699.961653,14397310088.006195,5.650274768667766,5.302539385915019,5.204323968929148,5.437177249659808
127.89454244045727,18497961720.277065,14386722000.90886,6.812812253215899,5.298639786023655,5.218123005753313,5.435345823680276
128.76065284037546,12747080553.391438,14375990835.352669,4.694758692882328,5.294687490235717,5.225257135167343,5.433486313613961
129.63262859788094,12796879929.811455,14365131694.383667,4.713099838085634,5.290688061013635,5.21826769913655,5.431598426887038
130.51050943356745,12849313762.959581,14354145988.300587,4.7324112555464595,5.286642017771422,5.211624416593308,5.429681915506607
131.39433533701973,12904700079.722488,14343032087.895247,4.752810074789836,5.282548760470564,5.205336443460113,5.427736534238974
132.28414656863458,12963426423.325802,14331788348.944757,4.774439028257106,5.278407683542619,5.1994145555644895,5.425762033056102
133.17998366145451,13025972663.77533,14320413114.282417,4.797474852407397,5.27421817665193,5.193871526708133,5.423758157130883
134.0818874230154,13092944053.677229,14308904716.744717,4.822140462199336,5.26997962578101,5.1887226396888115,5.421724646844858
134.98989893720346,13165120546.821098,14297261483.41563,4.848723115159726,5.265691414793715,5.183986393992478,5.419661237813612
135.90405956612838,13243532910.97265,14285481741.865673,4.877602443778389,5.261352927733095,5.179685513916114,5.417567660937724
136.8244109520068,13329584958.041842,14273563829.56844,4.909295472964661,5.256963552289511,5.175848433276417,5.41544364249172
137.75099501905876,13425259391.36588,14261506108.626831,4.9445324337458585,5.2525226852243145,5.172511570947484,5.413288904271473
138.68385397541843,13533485155.335682,14249306989.904003,4.984392058391902,5.248029741257293,5.169722992484895,5.4111031638356675
139.62303031505624,13658842242.2613,14236964975.098265,5.030561161277336,5.243484168562884,5.167548672673006,5.408886134907617
140.56856681971405,13809046555.216604,14224478736.66055,5.085881514906679,5.238885478203838,5.166084087004345,5.406637528073238
141.5205065608556,13998499630.123346,14211847289.95308,5.155657215043372,5.234233307537371,5.165478095579036,5.4043570520928
142.47889290162638,14258474862.219183,14199070453.15912,5.251406275050003,5.229527589600254,5.165990476785336,5.402044416758113
143.44376949883068,14676397739.900917,14186145414.295977,5.405327563515439,5.224767288737289,5.1681710670561065,5.3996993283382855
144.41518030491946,15676425072.147419,14173056876.863182,5.773638330166638,5.219946771236646,5.173828257620854,5.39732145222597
145.39316956999212,12437227363.500364,14159789054.208935,4.580639546096878,5.215060222863413,5.173845657296825,5.394910381550285
146.37778184381378,12495463893.962013,14146349520.007978,4.602088101041122,5.2101104330073005,5.166036352483826,5.392465694811992
147.36906197784236,12557053753.946041,14132748270.801777,4.624771689596346,5.205101083401528,5.158627638177788,5.389987019565114
148.36705512727357,12622446598.693602,14118983146.49865,4.648855920102697,5.200031378482819,5.151631816377697,5.387474007604633
149.37180675309708,12692202221.01929,14105051964.94724,4.674546964645741,5.1949005145633,5.145063517433328,5.384926304672794
150.383362624167,12767031450.38239,14090952524.854773,4.702106622213028,5.1897076809053,5.138940314019647,5.382343550438566
151.4017688192876,12847858084.82561,14076682610.127838,4.731875128270501,5.184452061320066,5.133283580949142,5.379725378495292
152.42707172931196,12935916194.057707,14062239996.433727,4.764306991555949,5.179132836584302,5.1281197369095795,5.37707141638532
153.4593180592544,13032909823.870329,14047622461.375633,4.800029813327548,5.17374918818771,5.123482104636583,5.374381285665663
154.49855483041992,13141289309.474869,14032827800.86132,4.839946053759295,5.168300304361575,5.119413823665749,5.37165460203835
155.54482938254378,13264761452.75782,14017853856.774376,4.885420930581363,5.162785390270112,5.115972667862761,5.36889097558788
156.59818937594977,13409312499.286987,14002698567.077837,4.938659182227736,5.157203686463663,5.113239588065157,5.366090011207689
157.65868279372054,13585495023.617693,13987360065.798477,5.003547329295691,5.151554505702983,5.111335322925889,5.363251309391905
158.72635794388273,13814376337.348263,13971836915.003902,5.0878444773975,5.1458373183965636,5.110457150884445,5.360374467837207
159.8012634616094,14147009764.117435,13956128862.587164,5.210353601375093,5.140052031693239,5.110978024464979,5.357459085471371
160.88344831143303,14760529954.030624,13940226754.147635,5.436313516885899,5.1341952740208505,5.11383035328918,5.354504743300357
161.97296178947784,17624281197.61468,13924110106.998745,6.49103510499823,5.128259501591591,5.1252487376451175,5.35151095467814
163.06985352570473,12174206805.294762,13907777421.087568,4.483768890351787,5.122244161934918,5.130058999596972,5.34847718536526
164.17417348617155,12244901934.762384,13891239554.098545,4.5098059560330155,5.116153253943614,5.121568820740056,5.3454029314926315
165.2859719753101,12320328067.060139,13874496440.73981,4.537585453369068,5.10998675357064,5.113553296178229,5.342287722502862
166.40529963821717,12401252899.619568,13857545238.741333,4.567390125861495,5.10374361400595,5.1060313258735235,5.339131086945639
167.53220746296083,12488674656.01447,13840383077.385483,4.599587619951451,5.097422777962234,5.0990259184457605,5.335932545585878
168.66674678290497,12583928515.134363,13823007063.415802,4.63466968295879,5.0910231798511125,5.0925655381102475,5.332691611382262
169.8089692790453,12688862443.163042,13805414290.409557,4.673316922122887,5.084543749235056,5.086686131050632,5.329407789503813
170.95892698236528,12806144038.509863,13787601854.124908,4.716511815805669,5.077983416479764,5.081434317466608,5.326080577407362
172.1166722762058,12939833576.216782,13769566878.828909,4.765749766147952,5.071341122450777,5.0768727155302935,5.322709465016919
173.2822578986504,13096550868.001436,13751306565.599777,4.823468854440309,5.0646158363032425,5.073089494815367,5.319293935085137
174.45573694492984,13288140495.233969,13732818290.105091,4.894031448294531,5.057806591493694,5.070217275741799,5.315833463910985
175.63716286983794,13538828407.814358,13714099834.707048,4.98635998202096,5.050912571264575,5.068476063616994,5.3123275228634315
176.8265894901688,13909906292.817245,13695150361.889671,5.123028226883521,5.043933467158165,5.068294369944362,5.308775582867402
178.02407098716736,14635637083.237146,13675958822.05788,5.39031538512696,5.036865209600858,5.070826140571241,5.3051770925066
179.2296619089971,22449851217.22288,13656503411.177559,8.26829592191842,5.029699768151625,5.094468560887885,5.301531426551215
180.44341717322578,11878494399.769142,13636786077.140415,4.374857804349025,5.022437860220345,5.110833281509052,5.297837919326515
181.66539206932669,11961441519.52978,13616817352.094841,4.4054072866335945,5.015083364804644,5.101170973534228,5.294095944968331
182.89564226119637,12050677709.004717,13596593365.021341,4.43827303769733,5.007634856205333,5.0920633969338756,5.2903049023305835
184.13422378969227,12147394239.397749,13576110437.129004,4.4738938035586795,5.000090979521142,5.083537121250769,5.2864641796879885
185.38119307518298,12253205465.084694,13555364852.016247,4.512864152064569,4.992450365998766,5.0756252905382295,5.282573155257746
186.63660692012036,12370383597.505507,13534352866.375202,4.556020940279261,4.984711636975299,5.068370206059928,5.278631197175175
187.90052251162626,12502281648.904333,13513070728.443666,4.604599084959937,4.9768734106740915,5.061827499865606,5.274637663541741
189.1729974240968,12654156270.860394,13491514711.599506,4.660534614563751,4.968934314577604,5.056073331636523,5.2705919026010735
190.45408962182708,12834936886.385695,13469681180.964817,4.727116241838101,4.9608930099577595,5.051217896621443,5.2664932531602675
191.74385746164896,13061585210.825167,13447566744.72836,4.810590978420536,4.952748247608103,5.0474339059825235,5.262341045544353
193.04235969559147,13372221113.7147,13425168702.300898,4.924998398951348,4.944499032899729,5.045027930572851,5.25813460402054
194.34965547355628,13881380832.13968,13402480137.832401,5.112522279743426,4.936142818720227,5.0446799827615845,5.253873238137546
195.66580434601153,15286179823.186628,13379485147.75821,5.62991073173805,4.927673747775599,5.0490698184902865,5.249556210284396
196.99086626670575,11509815609.552975,13356174231.46822,4.239073147776177,4.919088320984493,5.04750211823566,5.24518273006907
198.32490159539827,11601386142.269314,13332551457.443527,4.272798639090149,4.910388036771343,5.036889733013974,5.240752004397817
199.66797110060799,11700305257.422737,13308617987.569723,4.309230618460924,4.901573323059427,5.026890025651938,5.236263263700333
201.02013596238356,11808057074.330528,13284369135.896622,4.348915688072187,4.89264245401001,5.017534746229889,5.231715739974726
202.3814577750877,11926692823.408003,13259800158.705994,4.3926093175220995,4.883593682508347,5.008863952803162,5.2271086522335315
203.75199855020514,12059173598.670912,13234906267.16554,4.4414020798099205,4.87442524482415,5.0009295495877195,5.222441206423891
205.1318207191664,12210016795.040337,13209682650.464985,4.496957734648008,4.8651353691326245,4.993801222593945,5.217712595437271
206.52098713619108,12386631384.512466,13184124520.892214,4.562005011610067,4.855722292116048,4.987577194361786,5.21292199928766
207.91956108115323,12602432878.504295,13158227211.88069,4.641484852944056,4.846184295074697,4.982405837179397,5.208068585641181
209.3276062624609,12885484810.741512,13131986439.797058,4.745733077770271,4.836519800343408,4.9785360697906675,5.203151511228426
210.7451868199607,13310023189.970417,13105397169.102505,4.902090860087477,4.826726953329708,4.976466440677522,5.19816992107061
212.17236732785844,14193590652.058985,13078446346.214201,5.227509375018305,4.816800946389906,4.977658161393674,5.193122926922612
213.60921279766026,11124084502.999254,13051117595.082365,4.097008111156761,4.806735748213397,4.973403779097603,5.188009579757843
215.0557886811351,11224445691.372139,13023410541.29898,4.133971207103954,4.7965312209054485,4.961901888937597,5.182828902049703
216.51216087329578,11333342527.57599,12995328222.599783,4.174077988123659,4.786188483266258,4.951070952838969,5.17757993598237
217.97839571539956,11452614095.909498,12966864696.926899,4.218005790250748,4.775705346831751,4.940948680753272,5.172261729336481
219.45455999797278,11584856093.512144,12938013936.139385,4.266710610559111,4.765079591433397,4.931583233017318,5.166873313104107
220.94072096385003,11733919521.572624,12908769840.921621,4.321610775482881,4.754308970688983,4.923038051911068,5.161413701325706
222.4369463112399,11905899155.504707,12879126269.956757,4.384950995074304,4.743391222747213,4.91540030438865,5.1558818910382085
223.94330419680767,12111315929.267601,12849077101.202347,4.460606136676951,4.732324092855567,4.908797050550595,5.150276862447393
225.4598632387795,12370710555.094,12818616380.111437,4.556141358988027,4.721105387950233,4.9034304230821215,5.144597579615937
226.98669252006943,12732585048.696104,12787738836.73943,4.689419988353781,4.709733167106927,4.899670547297776,5.138842992788036
228.52386159142537,13358719937.944624,12756433576.299582,4.920025906462169,4.698203417768062,4.898402727476943,5.133012026324422
230.0714404745976,15758889416.166431,12724682242.12112,5.804010005807544,4.686509379158941,4.904638778241836,5.1271035467223385
231.62949966552858,10812673780.38046,12692478008.650017,3.982315323977161,4.674648537423235,4.904443696807564,5.121116373596748
233.1981101375633,10930298663.974312,12659822098.093699,4.025636650961682,4.662621342700795,4.892371401196516,5.115049328621084
234.7773433446837,11059683442.286247,12626708948.600706,4.073289155404749,4.650425746557835,4.881070944986324,5.108901238496211
236.36727122476287,11203926646.766813,12593130925.806574,4.126414028609082,4.638058937252578,4.87059772724924,5.102670913054971
237.96796620284107,11367721054.916346,12559080284.030283,4.186739623813777,4.625518062045279,4.861025654677448,5.096357140112721
239.57950119442742,11558708929.990856,12524549201.016565,4.257080591926874,4.612800239993848,4.8524581234204875,5.0899586852989005
241.20194960881804,11790639609.253557,12489529858.280022,4.342500823489227,4.5999025915446365,4.845050011086467,5.083474292175419
242.83538535244276,12092130295.848314,12454014667.923338,4.453540054455506,4.586822322069753,4.839058847617417,5.076902683113054
244.4798828322306,12538699200.648294,12417995071.054512,4.618011694765557,4.573556279323279,4.834996216161353,5.070242557737476
246.13551695899866,13454647689.643389,12381455930.530472,4.955356164578143,4.5600988882848235,4.834356087250093,5.063492574548035
247.80236315086572,10347105726.562439,12344380096.514233,3.8108462837812125,4.546443832657416,4.8282798677107,5.056651330295755
249.480497336687,10470333883.541971,12306762833.707788,3.8562313002769,4.5325893684274865,4.814943621945366,5.049717386614115
251.16999595951285,10606067729.867325,12268601513.282953,3.906222170914708,4.518534527395773,4.80242567946821,5.042689306257066
252.8709359800715,10757622327.853552,12229886499.841331,3.9620398354663626,4.5042757608383,4.790785035608377,5.0355656409095015
254.58339488027343,10930037280.018286,12190607982.399878,4.025540383067666,4.489809455363143,4.780100537135405,5.0283449136595
256.30745066674274,11131571076.25436,12150756007.146656,4.099765421328458,4.475131944974396,4.770482834106079,5.021025618595836
258.0431818743695,11377238772.703876,12110320559.102129,4.190245005938904,4.460239541148084,4.7620986128022444,5.013606220693802
259.79066756988635,11698874384.964766,12069291812.088013,4.308703627132805,4.445128624895864,4.75522813735292,5.006085156522777
261.54998735547287,12183572005.900747,12027658084.801962,4.487218100292163,4.429794893985905,4.750442013798102,4.9984608304958105
263.3212213723782,13243678043.114399,11985401598.62319,4.877655896047811,4.4142318005397225,4.749539050177593,4.990731595630482
265.10445030457436,9934352300.497744,11942505262.697517,3.658828907965804,4.398433049983756,4.743058355626016,4.982895740938067
266.89975538243056,10070628954.87849,11898962021.680113,3.709019695190469,4.382396043829562,4.728858851499246,4.974951518835911
268.70721838641293,10222195452.066774,11854764872.569225,3.7648417422265728,4.366118202866696,4.715560557178788,4.9668971704622695
270.52692165081095,10393616041.719793,11809901433.128666,3.8279760654185924,4.349594966708898,4.703238199529654,4.95873091262993
272.3589480674873,10592177552.227388,11764359060.977957,3.9011064087644938,4.332821679158585,4.691994787059779,4.950450924271121
274.2033810896539,10830669321.156471,11718124896.978752,3.988943094244825,4.315793604186104,4.68198156202482,4.94205534576828
276.0603047356735,11134846503.959349,11671185990.798769,4.100971763645548,4.298505972175005,4.673443015090149,4.933542278711609
277.9298035928863,11569324287.298458,11623530217.631311,4.260990235455772,4.280954317550494,4.666843811334581,4.924909788239933
279.8119628214642,12382979277.991747,11575138702.95405,4.560659938221407,4.263131688812781,4.663417947253071,4.916155888839213
281.7068681582896,25661638130.7033,11525985529.38972,9.451199290936211,4.245028540573673,4.6949364740917545,4.907278510964714
283.61460592085956,9586254251.924437,11476060352.372646,3.53062415294995,4.22664106292239,4.71888257937241,4.8982755234169995
285.5352630112213,9747051385.76383,11425356250.092243,3.5898458499276322,4.207966706551245,4.703349023815415,4.889144780968283
287.4689269199261,9929996691.632303,11373855909.342354,3.6572247341710145,4.18899909499429,4.688872639903036,4.879884107229542
289.41568573001854,10143659322.966343,11321543059.140177,3.7359168308905817,4.169732235637166,4.675569852153583,4.870491272080011
291.37562812104744,10403529081.244303,11268401104.311182,3.8316270448162393,4.150160016465475,4.6636149844670145,4.860963994149079
293.3488433731045,10742305724.434305,11214413347.278627,3.9563987197028943,4.130276287750011,4.6532991491731535,4.85129994045201
295.33542137089313,11249389863.021673,11159560891.164774,4.14315816298753,4.110074089757472,4.645211499529114,4.841496721381475
297.3354526078216,12352595954.014671,11103819462.20191,4.549469738727288,4.089544482442213,4.641213138035572,4.831551872734296
299.34902819012564,8993661281.279312,11047166090.83809,3.3123717469480933,4.0686790061021725,4.631661704848919,4.821462846711634
301.3762398410188,9153469196.421495,10989585238.743004,3.3712291139869763,4.047471937959416,4.614368856277583,4.811227034659099
303.4171799048695,9334534230.23132,10931060313.14964,3.437915492714656,4.025917166886236,4.598149675235331,4.80084178355657
305.4719413514092,9544562647.313934,10871570383.737062,3.5152691057808716,4.004006984230777,4.5831138272567635,4.790304383272597
307.54061777996685,9797050225.943209,10811093952.517616,3.608260457773169,3.9817334722691338,4.569421904603661,4.779612055250322
309.6233034237307,10119193665.801922,10749609094.986757,3.7269061122269123,3.959088556190932,4.557332932187392,4.76876195097142
311.720093154045,10579731571.132738,10687092561.074116,3.8965225452130854,3.9360636729789746,4.547339676963764,4.757751148560629
313.8310824847267,11450824094.15827,10623515914.614658,4.217346531352473,3.9126483495737707,4.540771689269775,4.746576637659568
315.95636757642,8432524448.099176,10558848740.009857,3.1057046583990995,3.888831383889087,4.52895779973636,4.735235302947758
318.0960452409755,8598700899.766245,10493068309.148727,3.1669075618991283,3.864604405145733,4.510286812643786,4.723723939723951
320.2502129458591,8787945550.306793,10426152495.571405,3.2366064991958208,3.839959264153049,4.492743906040409,4.71203927551177
322.41896881859384,9008934600.909157,10358073664.08298,3.3179969212616194,3.8148857828494007,4.476449362092862,4.700177958801674
324.60241165122864,9277168734.11896,10288803283.437271,3.4167877403311224,3.789373453156844,4.461581600997557,4.68813654433534
326.80064090483876,9624917825.918722,10218312097.012363,3.544863974322953,3.763411499841041,4.448434738252694,4.6759114903606545
329.01375671405685,10138815075.358555,10146568048.949026,3.7341326911048576,3.7369881167065944,4.437592976270755,4.6634991512057695
331.24185989163306,11219123656.685528,10073533765.372593,4.132011098002569,3.7100895389292954,4.430837468277385,4.650895758609571
333.4850519330291,7898701083.089018,9999172864.578241,2.9090971393010614,3.6827023671017853,4.4186049206518225,4.638097412737166
335.74343502104097,8079462167.147519,9923454054.672968,2.975671573122514,3.6548150763979614,4.39881358173756,4.625100098994858
338.0171120304517,8288456598.286188,9846343767.93178,3.0526443684416127,3.626415303801206,4.380250161094594,4.611899696455293
340.306186532722,8537882662.735729,9767804132.940845,3.1445081626179476,3.5974891012432884,4.363067833826347,4.598491963021082
342.61076280070273,8851309271.23592,9687795834.108799,3.2599434019791205,3.568021988764381,4.347506126962446,4.58487252288152
344.930945813389,9284512369.011463,9606278572.601831,3.419492406203793,3.5379991242757765,4.33399753061023,4.571036862315796
347.26684126070074,10030323340.252293,9523205642.405191,3.6941751091030324,3.5074033059195395,4.323583701512639,4.556980313249558
349.61855554829594,13531657204.001617,9438523852.05909,4.983718822635697,3.4762149432437877,4.323818862173523,4.542698023491296
351.9861958024199,7394943014.098732,9352189099.90812,2.7235626897778307,3.444417793577955,4.3174636846354595,4.528184965761
354.3698698747842,7602960319.549821,9264157609.186686,2.8001756090220438,3.411995733908623,4.2966083438434435,4.513435963210009
356.7696863474776,7851196048.405681,9174376277.500616,2.891601001765794,3.378929206586837,4.277159472651946,4.498445669122743
359.18575453791703,8162475010.1993475,9082790575.927961,3.006245261341246,3.3451981285724637,4.259353361579231,4.483208542712447
361.6181845038214,8589834797.376433,8989343876.67902,3.16364217018122,3.3107816438109072,4.2436106926536885,4.467718843013306
364.06708704822944,9310532259.712368,8893972148.097715,3.42907555016717,3.275656169398402,4.230916150511162,4.45197060805748
366.5325737245455,12182808692.151398,8796603916.5943,4.486936971303832,3.2397953815618004,4.227280965920801,4.435957621182941
369.0147568416195,6719893913.508634,8697175008.19131,2.4749416333842884,3.203175644980271,4.2172286614637695,4.419673414219805
371.51374946886705,6936191318.215636,8595619633.191446,2.5546041189818958,3.165772729262233,4.19440430588645,4.4031112848219776
374.02966544141475,7197920477.136656,8491861207.801542,2.6509991514662805,3.1275584285430433,4.173066623358162,4.386264268890081
376.56261936528995,7533187327.12634,8385820072.66153,2.7744781670598213,3.0885034042246136,4.153489656333337,4.369125109900395
379.11272662263946,8011984828.660736,8277410045.486794,2.9508196221125154,3.048575915311179,4.136186332850299,4.351686239097775
381.68010337698473,8907840521.09809,8166536409.155952,3.2807639008845983,3.0077410774206155,4.122512568164976,4.333939742486898
384.26486657851547,5846078077.518306,8053101224.871462,2.1531146491731956,2.965962819625215,4.103641435614854,4.315877336478013
386.8671339694158,6043509590.74306,7937004358.014122,2.2258288137286417,2.9232042622746155,4.077978308557555,4.297490359474895
389.48702408922645,6279453374.079593,7818137392.279079,2.312727074331225,2.8794254755678304,4.053729612408863,4.278769751022892
392.1246562802483,6574415493.93902,7696382735.245895,2.421361829597804,2.834583150134077,4.031117361387167,4.259706014045121
394.7801506929738,6973735023.026754,7571614636.546025,2.568431491750644,2.7886309720245746,4.010523374707635,4.240289177906467
397.453628291564,7615423518.608246,7443693532.154278,2.804765813961566,2.7415175397111278,3.9927778258844135,4.220508750466875
400.14521085935735,9471499362.632626,7312465602.199292,3.4883598468763415,2.693186201227414,3.9814474237781994,4.200353655764934
402.8550210044156,5135992085.755181,7177775135.264388,1.8915894812289993,2.6435796079496474,3.9640955134969142,4.179812202079987
405.58318216511356,5356741134.768957,7039454290.477333,1.9728915105416798,2.592635943967067,3.9368546815747294,4.158872055484231
408.32981861575576,5632091409.172615,6897313770.019568,2.074303209395358,2.540285490760559,3.9112044367690864,4.137520165449188
411.09505547224256,6001107097.806495,6751148925.559606,2.2102119458913343,2.486452876206348,3.8874898557593065,4.115742683625186
413.8790186977674,6574015674.513166,6600730889.961931,2.421214575823322,2.431053808378179,3.866420589720613,4.093524876765963
416.6818351085537,7956027262.310256,6445805130.721376,2.9302104112460663,2.3739945427761837,3.8504673489309384,4.0708510154147
419.50363237963415,4176912230.3401804,6286102895.400052,1.53835969896486,2.3151760976893168,3.8287664395667895,4.047704288877623
422.3445390506653,4387086890.612344,6121325777.217554,1.6157671735001806,2.2544885696914205,3.7985778454466645,4.02406671126471
425.2046845317809,4653332374.1200905,5951133354.739038,1.7138255714920325,2.1918065813296908,3.769970784805929,3.9999189601893113
428.08419910949226,5017383753.291859,5775147386.14743,1.8479059493372745,2.126990825878067,3.743304329521749,3.9752401976059746
430.9832139526162,5600245575.602964,5592933742.29386,2.062574366594296,2.059881413267058,3.7193352095150094,3.9500078586127505
433.9018611182555,7127731656.409578,5403997729.788219,2.6251485596486948,1.9902961475747198,3.700905883079677,3.9241973870409828
436.8402735578125,3115638330.227298,5207796550.332859,1.1474917784857286,1.9180351158079794,3.67654288251531,3.897781993948273
439.7985851230435,3314569826.872232,5003699412.566867,1.2207583879850634,1.8428659970669543,3.64312674296105,3.8707323511902727
442.77693057216084,3576687007.198171,4790959623.054435,1.3172963290245594,1.764513783636427,3.611297517508108,3.8430161218063037
445.7754455759656,3957065675.3854876,4568711789.564385,1.4573900588460351,1.6826597509517376,3.581482389816582,3.8145974210968654
448.7942667240323,4640074756.47906,4335911318.5170555,1.7089427816323122,1.596919174466107,3.554695093754591,3.7854361281570634
451.8335315309291,7657852290.549599,4091310673.440414,2.820392360374736,1.5068325856234042,3.5374238289534663,3.755486998944479
454.89337844248087,1845500040.1424851,3833472460.6345744,0.6796989569402587,1.411870591317547,3.5134106213552725,3.724698765235797
457.973946842078,2017616695.9640718,3560639942.161464,0.7430896417895236,1.3113861837359362,3.4758432285600827,3.6930129570759807
461.07537705702475,2266064833.4136,3270751686.6959863,0.8345932647670428,1.2046201362781945,3.439818561851037,3.660362458680783
464.1978103649292,2684108306.258149,2955735989.0419273,0.9885589685153806,1.088599634269026,3.4059239188726473,3.626655984862017
467.3413890001443,3731552708.0027304,2606410352.407508,1.3743334750625265,0.9599427577107491,3.376107331938545,3.5917608636564227
470.5062561602402,0.0,2227003074.731135,0.0,0.8202067916945882,3.3400235083325187,3.5555340815228416
473.69255601253246,0.0,1811140286.8481433,0.0,0.6670442357444328,3.2952411978286538,3.5178291565584505
476.90043370064734,0.0,1334909687.6902132,0.0,0.4916481726342482,3.251059318827454,3.4784266467204517
480.13003535113154,0.0,763530532.6068186,0.0,0.2812088297569621,3.2074698208736274,3.436965045697253
483.38150808011386,0.0,0.0,0.0,0.0,3.164464761450598,3.3927617957944087
486.65500000000014,0.0,0.0,0.0,0.0,3.1220363045333683,3.3472723817750536
