R_kpc,Sigma_bar,Sigma_eff,kappa_bar,kappa_eff,kappa_bar_mean,kappa_eff_mean
7.999999999999999,18556982971.730957,19139434531.682976,6.511970119752235,6.716362566541058,0.0,0.0
8.057510445906795,18557691533.898285,19142027310.458656,6.512218766618411,6.717272417993747,0.09262834696995098,0.0955403541850847
8.115434323237139,18558411235.644905,19144623226.967552,6.512471322557934,6.71818337053194,0.18394270859926182,0.18973468746404207
8.173774604069223,18559142267.910545,19147222026.06604,6.5127278545748934,6.719095334621273,0.2739618311589111,0.28260216072501076
8.232534281846931,18559884825.448765,19149823451.067757,6.512988431011723,6.72000822018601,0.3627041952346498,0.3741616610333407
8.291716371533429,18560639106.92229,19152427243.679665,6.513253121582651,6.720921936586602,0.4501880195253905,0.46443180551859525
8.351323909765874,18561405315.001377,19155033143.95253,6.513521997408216,6.721836392602313,0.536431264588072,0.553430945206002
8.411359955011212,18562183656.46539,19157640890.23026,6.513795131050917,6.722751496413442,0.621451636529725,0.641177168793124
8.47182758772312,18562974342.307705,19160250219.09827,6.514072596552023,6.723667155583199,0.7052665906475654,0.7276883063725841
8.53272991050005,18563777587.844097,19162860865.33073,6.514354469469608,6.724583277039199,0.7878933350178218,0.8129819331015558
8.594070048244438,18564593612.824684,19165472561.83663,6.514640826917834,6.725499767054531,0.869348834034077,0.8970753728188038
8.655851148323034,18565422641.549717,19168085039.604687,6.5149317476075845,6.726416531228428,0.9496498118958485,0.9799857016100045
8.718076380728396,18566264902.989204,19170698027.647064,6.515227311888444,6.727333474466515,1.028812756048127,1.061729751322067
8.780748938241544,18567120630.906673,19173311252.941795,6.515527601792125,6.7282505009606055,1.1068539205726065,1.14232411302719
8.84387203659578,18567990063.987186,19175924440.37391,6.515832701077394,6.729167514168042,1.1837893295313013,1.2217851404373514
8.907448914641687,18568873445.969807,19178537312.675217,6.516142695276555,6.730084416790562,1.2596347802632524,1.3001289532699316
8.971482834513317,18569771025.784683,19181149590.36271,6.516457671743552,6.731001110752687,1.3344058466350168,1.377371440565162
9.035977081795568,18570683057.695004,19183760991.6755,6.516777719703789,6.73191749717959,1.4081178822456206,1.4535282639560771
9.100934965692772,18571609801.44404,19186371232.51026,6.517102930305727,6.732833476374442,1.4807860235866377,1.5286148608916312
9.166359819198489,18572551522.40739,19188980026.35515,6.517433396674309,6.733748947795221,1.5524251931580786,1.6026464478136486
9.232254999266518,18573508491.75086,19191587084.22209,6.517769213966359,6.7346638100309555,1.6230501025407162,1.675638023288244
9.29862388698315,18574480986.594063,19194192114.577427,6.518110479428002,6.73557796077738,1.6926752554255298,1.747604371092364
9.365469887740646,18575469290.180065,19196794823.27083,6.518457292454187,6.736491296811996,1.7613149506008792,1.8185600632560774
9.432796431411974,18576473692.051376,19199394913.462414,6.518809754650449,6.7374037139684955,1.8289832848980563,1.8885194630612254
9.50060697252679,18577494488.23257,19201992085.548065,6.519167969896991,6.738315107110547,1.8956941560958323,1.9574967279970554
9.568904990448692,18578531981.41984,19204586037.08275,6.519532044415206,6.739225370104897,1.9614612657846224,2.0255058126734395
9.63769398955375,18579586481.177776,19207176462.701904,6.519902086836725,6.740134395793776,2.026298122190867,2.0925604716922557
9.706977499410309,18580658304.143856,19209763054.04075,6.520278208275183,6.741042075966583,2.090218042962251,2.158674262477541
9.776759074960097,18581747774.24082,19212345499.65142,6.52066052240074,6.7419483013308135,2.1532341579143366,2.2238605480649722
9.84704229670063,18582855222.89751,19214923484.917908,6.5210491455175745,6.742852961482202,2.21535941173922,2.2881324998512613
9.917830770868921,18583980989.278423,19217496691.968666,6.521444196644446,6.743755944874061,2.27660656667677,2.351503100303991
9.98912812962652,18585125420.522583,19220064799.5868,6.521845797598514,6.744657138785758,2.3369882051490523,2.4139851456324863
10.060938031245884,18586288871.992027,19222627483.117786,6.5222540730825385,6.74555642929034,2.3965167323584935,2.475591248420231
10.133264160298081,18587471707.530544,19225184414.374542,6.522669150775671,6.746453701221215,2.455204378850353,2.5363338402193736
10.206110227841842,18588674299.733097,19227735261.539864,6.523091161428006,6.747348838137918,2.5130632030400695,2.5962251741078437
10.279479971613977,18589897030.226517,19230279689.06594,6.523520238959078,6.74824172229085,2.5701050937060197,2.6552773272096095
10.353377156221164,18591140289.96204,19232817357.571045,6.523956520560519,6.749132234585023,2.626341772448269,2.7135022031785803
10.427805573333101,18592404479.52038,19235347923.73309,6.524400146803111,6.750020254542706,2.681784796113823,2.7709115346466375
10.50276904187707,18593690009.429882,19237871040.18006,6.524851261748439,6.750905660264982,2.7364455591889496,2.8275168856363315
10.578271408233874,18594997300.498596,19240386355.37709,6.525310013065409,6.75178832839211,2.7903352961590886,2.883329653938681
10.654316546435203,18596326784.160904,19242893513.510098,6.5257765521519,6.752668134062703,2.843465083836889,2.9383610734565915
10.730908358362406,18597678902.839603,19245392154.36581,6.526251034261813,6.75354495087162,2.895845843658905,2.992622216514347
10.808050773946702,18599054110.324257,19247881913.20805,6.5267336186378495,6.754418650826551,2.9474883439514667,3.046123996133644
10.885747751370822,18600452872.16668,19250362420.650066,6.527224468650288,6.75528910430322,2.998403202166257,3.0988771682766245
10.9640032772721,18601875666.09465,19252833302.522778,6.52772375194217,6.756156179999148,3.048600887086103,3.1508923340563535
11.042821366947035,18603322982.44474,19255294179.738712,6.528231640581178,6.7570197448859055,3.0980917210015124,3.202179941915186
11.12220606455731,18604795324.615486,19257744668.15152,6.528748311218671,6.757879664159815,3.1468858818584566,3.252750289771468
11.202161443337305,18606293209.54203,19260184378.410748,6.529273945256238,6.758735801190988,3.194993405377923,3.302613527134973
11.282691605803084,18607817168.193527,19262612915.811745,6.529808729020247,6.759588017470654,3.2424241871477437,3.351779657191527
11.363800683962907,18609367746.09462,19265029880.14045,6.530352853944845,6.760436172556694,3.2891879846872056,3.400258538857211
11.445492839529237,18610945503.87253,19267434865.51277,6.530906516763937,6.761280124017277,3.335294419484981,3.4480598888025593
11.527772264132281,18612551017.83123,19269827460.208405,6.531469919712672,6.76211972737254,3.380752979010844,3.495193283447146
11.61064317953506,18614184880.554363,19272207246.498684,6.532043270739022,6.762954836034186,3.425573018701724,3.541668160924963
11.694109837850029,18615847701.538837,19274573800.468338,6.532626783726122,6.763785301242924,3.4697637639225993,3.5874938230209614
11.778176521757253,18617540107.860817,19276926691.830685,6.533220678725972,6.764610972003627,3.51333431190273,3.6326794370791418
11.862847544724152,18619262744.87634,19279265483.736053,6.533825182205301,6.7654316950180995,3.55629363364777,3.6772340378825707
11.948127251226829,18621016276.958656,19281589732.573055,6.534440527304311,6.766247314615342,3.5986505758282696,3.7211665295056737
12.034020016972978,18622801388.274868,19283898987.762356,6.5350669541092135,6.767057672679178,3.640413862645091,3.7644856871391745
12.120530249126404,18624618783.60418,19286192791.542515,6.535704709939366,6.767862608573107,3.6815920976722745,3.8072001588880275
12.20766238653316,18626469189.200764,19288470678.747543,6.536354049650068,6.768661959062241,3.7221937656778814,3.8493184675426826
12.2954208999493,18628353353.70418,19290732176.575687,6.537015235952047,6.76945555823217,3.762227234423375,3.890849012324029
12.383810292270278,18630272049.100483,19292976804.34902,6.537688539748717,6.770243237404596,3.801700756442063,3.9318000706023373
12.47283509876198,18632226071.73764,19295204073.263317,6.538374240492522,6.771024825049563,3.840622470797193,3.9721797995905272
12.562499887293445,18634216243.399036,19297413486.12768,6.539072626561634,6.771800146694081,3.8790004048202418,4.011996238012079
12.652809258571233,18636243412.43902,19299604537.09336,6.539783995658439,6.7725690248269705,3.916842475829995,4.051257307743895
12.74376784637549,18638308454.985134,19301776711.37116,6.540508655231432,6.773331278799691,3.9541564928330204,4.089970815434395
12.835380317797707,18640412276.21165,19303929484.936775,6.541246922922104,6.774086724722945,3.9909501582061155,4.128144454097185
12.927651373480186,18642555811.68981,19306062324.22342,6.541999127038779,6.774835175358806,4.027231069361392,4.165785804680526
13.020585747857242,18644740028.82026,19308174685.800903,6.542765607059276,6.775576440008111,4.063006720394599,4.202902337612924
13.114188209398106,18646965928.35403,19310266016.04047,6.543546714164648,6.7763103243928375,4.098284503717398,4.239501414325098
13.208463560851621,18649234546.008682,19312335750.764473,6.544342811806314,6.777036630533176,4.133071711674231,4.27559028874859
13.30341663949265,18651546954.186924,19314383314.88002,6.545154276309155,6.777755156618964,4.167375538144519,4.311176108791254
13.399052317370288,18653904263.805824,19316408121.99553,6.545981497513414,6.778465696875133,4.201203080130928,4.346265917789911
13.495375501557842,18656307626.245167,19318409574.019306,6.546824879458408,6.779168041420839,4.234561339334477,4.380866655940364
13.59239113440462,18658758235.42466,19320387060.738766,6.547684841111462,6.779861976121805,4.267457223717279,4.4149851617050295
13.690104193789518,18661257330.02031,19322339959.379272,6.548561817145663,6.780547282435513,4.299897549053772,4.448628173198386
13.788519693376431,18663806195.831562,19324267634.141205,6.549456258770546,6.781223737248745,4.33188904047134,4.481802329550473
13.887642682871519,18666406168.31155,19326169435.713783,6.550368634619985,6.781891112706986,4.363438333981228,4.514514172248613
13.987478248282292,18669058635.27452,19328044700.76418,6.551299431702291,6.782549176035136,4.394551978000755,4.546770146457567
14.08803151217858,18671765039.795353,19329892751.400185,6.552249156417696,6.783197689348953,4.42523643486788,4.5785766023183
14.189307633955377,18674526883.318043,19331712894.60469,6.55321833564918,6.783836409456606,4.455498082349224,4.609939796225506
14.29131181009756,18677345728.99156,19333504421.63994,6.554207517933073,6.784465087649609,4.485343215142707,4.6408658920840775
14.394049274446527,18680223205.253304,19335266607.419487,6.5552172747165605,6.785083469482441,4.514778046376096,4.671360962544643
14.497525298468751,18683161009.682854,19336998709.84555,6.556248201710029,6.785691294539998,4.543808709102809,4.7014309902183085
14.601745191526248,18686160913.150673,19338699969.109184,6.557300920342921,6.786288296192023,4.572441257796404,4.731081868870711
14.706714301149008,18689224764.289593,19340369606.95058,6.55837607933285,6.7868742013335295,4.600681669845328,4.760319404595523
14.812438013309373,18692354494.319603,19342006825.876488,6.559474356378712,6.787448730110176,4.628535847049616,4.7891493169674195
14.918921752698395,18695552122.260067,19343610808.331512,6.560596459989742,6.7880115956274665,4.656009617121346,4.817577240174672
15.026170983004178,18698819760.567375,19345180715.819653,6.5617431314638575,6.788562503642477,4.683108735190848,4.845608724131337
15.134191207192217,18702159621.240376,19346715687.972244,6.562915147030173,6.7891011522367855,4.7098388853207735,4.873249235569118
15.242987967787757,18705574022.44088,19348214841.557938,6.564113320172241,6.789627231469052,4.736205682030426,4.90050415910891
15.35256684716018,18709065395.68235,19349677269.430088,6.5653385041506915,6.790140423005642,4.762214671832857,4.927378798311976
15.462933467809437,18712636293.64603,19351102039.406242,6.566591594746054,6.790640399727417,4.787871334787556,4.953878376710774
15.57409349265454,18716289398.691486,19352488193.07416,6.567873533245247,6.791126825310747,4.8131810860718165,4.980008038819339
15.686052625324123,18720027532.136402,19353834744.51791,6.5691853096980255,6.791599353780475,4.838149277574139,5.005772851123113
15.798816610449103,18723853664.39069,19355140678.957207,6.570527966473219,6.792057629032438,4.862781199513462,5.031177803048157
15.912391233957429,18727770926.04032,19356404951.292133,6.571902602148237,6.7925012843227845,4.887082082088278,5.056227807909503
16.026782323370963,18731782619.98949,19357626484.544827,6.573310375769972,6.792929941721131,4.911057097160316,5.080927703838544
16.14199574810449,18735892234.783916,19358804168.188507,6.574752511530174,6.793343211524194,4.9347113599778005,5.105282254689123
16.258037419766872,18740103459.255234,19359936856.353252,6.576230303904428,6.793740691626162,4.958049930944038,5.1292961509221255
16.37491329246439,18744420198.645752,19361023365.896828,6.577745123310613,6.7941219668417165,4.981077817437639,5.152974010468168
16.492629363106232,18748846592.395596,19362062474.32718,6.579298422350718,6.7944866081769995,5.0037999756914955,5.176320379568029
16.6111916717122,18753387033.800846,19363052917.56195,6.580891742709233,6.7948341720433865,5.026221312738516,5.199339733590341
16.730606301722624,18758046191.781776,19363993387.508297,6.582526722791999,6.795164199408204,5.048346688433083,5.22203647782603
16.850879380310513,18762829035.036835,19364882529.444405,6.584205106202268,6.795476214875857,5.070180917558388,5.244414948258856
16.972017078695913,18767740858.900204,19365718939.18156,6.585928751165486,6.795769725691949,5.091728772031125,5.266479412311391
17.094025612462605,18772787315.270935,19366501159.982998,6.5876996410319535,6.7960442206620515,5.112994983216588,5.288234069565613
17.216911241876968,18777974446.040817,19367227679.212475,6.589519896007246,6.796299168975631,5.133984244368976,5.3096830524571805
17.340680272209223,18783308720.518288,19367896924.681953,6.591391786284926,6.79653401892439,5.154701213213859,5.330830426942357
17.46533905405696,18788797077.42939,19368507260.663353,6.593317746785406,6.796748196502714,5.1751505146921835,5.351680193136383
17.590893983670984,18794446972.17647,19369056983.524483,6.595300393739858,6.796941103876249,5.195336743888034,5.372236285921906
17.717351503283492,18800266430.155315,19369544316.9433,6.5973425434001305,6.797112117702501,5.215264469165853,5.392502575525929
17.84471810143865,18806264107.075493,19369967406.64789,6.599447233206206,6.797260587285001,5.234938235546676,5.412482868063466
17.9730003133255,18812449357.40336,19370324314.62141,6.601617745804057,6.797385832539718,5.254362568357788,5.432180906045888
18.10220472111329,18818832312.25887,19370613012.701744,6.603857636380996,6.797487141749067,5.273541977195783,5.451600368851568
18.232337954289203,18825423968.356148,19370831375.494118,6.606170763876482,6.797563769074822,5.292480960249718,5.470744873156186
18.36340668999852,18832236289.894638,19370977172.50159,6.608561326737502,6.797614931796566,5.311184009039168,5.4896179733195725
18.495417653387225,18839282325.698402,19371048059.361965,6.611033904024807,6.797639807236575,5.329655613631664,5.5082231617255255
18.628377617947063,18846576344.38498,19371041568.060055,6.61359350284603,6.79763752932512,5.347900268415755,5.526563869070493
18.7622934058631,18854133990.948154,19370955095.960766,6.6162456133033185,6.797607184751995,5.365922478520308,5.544643464596342
18.89717188836376,18861972468.893944,19370785893.4796,6.6189962724080385,6.797547808639875,5.3837267669880555,5.562465256261651
19.033019986073406,18870110753.02149,19370531050.17203,6.621852138749316,6.797458379662835,5.401317682833002,5.580032490845075
19.16984466936741,18878569839.148636,19370187478.979992,6.624820580127114,6.797337814518168,5.418699810137838,5.597348353973192
19.307652958729822,18887373038.625446,19369751898.3201,6.62790977690218,6.797184961640829,5.435877778380627,5.614415970063903
19.4464519251136,18896546327.465958,19369220811.631897,6.631128844512483,6.7969985940265545,5.452856274221473,5.631238402174879
19.58624869030339,18906118762.50533,19368590483.920353,6.6344879795100535,6.796777401000217,5.4696400550320625,5.647818651744539
19.72705042728098,18916122980.359978,19367856914.721836,6.637998634654815,6.7965199787291075,5.4862339645174325,5.664159658210695
19.868864360593324,18926595799.415073,19367015806.787872,6.641673730162542,6.796224819233526,5.5026429508640815,5.680264298488909
20.01169776672324,18937578950.986393,19366062529.60882,6.645527910282343,6.795890297586592,5.518872087958315,5.696135386289088
20.155557974462777,18949119973.77101,19364992076.675766,6.649577857175074,6.795514656916701,5.534926600361319,5.7117756712439975
20.300452365289228,18961273316.537205,19363799015.086792,6.653842677866515,6.795095990723481,5.550811892915184,5.7271878378176915
20.446388373743908,18974101708.911625,19362477425.717117,6.658344385280588,6.794632221882446,5.566533586103345,5.742374503954308
20.593373487813597,18987677880.8918,19361020831.65635,6.66310850164639,6.794121077532377,5.5820975586237465,5.757338219418034
20.741415249314763,19002086741.044617,19359422111.917374,6.668164822866157,6.7935600587942595,5.59750999908817,5.772081463762595
20.89052125428052,19017428165.393253,19357673396.46373,6.673548397184512,6.792946403934554,5.612777469388193,5.786606643852138
21.040699153350403,19033820610.229336,19355765937.270527,6.679300792987476,6.7922770431182125,5.6279069831441095,5.800916090833358
21.19195665216289,19051405852.863976,19353689948.25241,6.685471762414986,6.791548542236604,5.642906103896349,5.81501205642912
21.34430151175081,19070355301.53476,19351434404.187035,6.692121455617696,6.790757032346236,5.657783069493747,5.828896708383128
21.497741548939544,19090878527.555016,19348986784.797745,6.69932341483749,6.789898119862894,5.672546951774174,5.8425721248283375
21.65228463674811,19113235007.844624,19346332744.22291,6.707168695067069,6.788966770572643,5.687207864602769,5.856040287271199
21.80793870479314,19137750610.146873,19343455676.99229,6.715771649001078,6.7879571573253354,5.701777239442369,5.869303071766643
21.964711739695726,19164841263.94875,19340336137.276833,6.7252782335763355,6.786862456239206,5.716268197287433,5.882362237684676
22.12261178549124,19195047837.12426,19336951044.839783,6.735878248796411,6.785674568055214,5.730696061526878,5.895219413203733
22.281646944042055,19229089077.848644,19333272571.79171,6.74782391597594,6.784383727479897,5.745079082845108,5.907876076247393
22.44182537545326,19267944830.859398,19329266535.17693,6.761459079783114,6.782977939115818,5.759439493897176,5.92033352889783
22.60315529849135,19312992365.25416,19324889992.975147,6.777267048050051,6.781442133856458,5.773805097380408,5.932592862154646
22.76564499100595,19366241147.07611,19320087491.656036,6.79595297758213,6.779756852087446,5.78821175856489,5.9446549058181
22.929302790354516,19430762818.23469,19314784888.384766,6.818594761287014,6.777896075790349,5.802707523157603,5.9565201542802715
23.094137093830167,19511542558.564148,19308878459.40507,6.846941786022021,6.775823406483663,5.8173598782461875,5.968188650728946
23.26015635909252,19617346550.215523,19302213850.328964,6.884070258534705,6.773484678511042,5.832269704511695,5.979659793190735
23.427369104601667,19765440652.065434,19294539689.30107,6.936039070901849,6.770791681088781,5.847601492718075,5.990931974802935
23.595783910055257,19996318286.531044,19285381736.243923,7.017058073788766,6.767577995073275,5.86366175330511,6.002001798632727
23.7654094168287,20439830140.594753,19275736536.820526,7.172694145978866,6.764193325779786,5.881178569136631,6.012867232747709
23.93625432841862,22065719544.014545,19269231063.98796,7.743247194888835,6.7619104415003175,5.903621467954384,6.0235378367008
24.108327410889345,18243276463.990406,19266901664.396378,6.4018850155146385,6.761093014413142,5.920214424917771,6.034034649316441
24.28163749332275,18247694396.921314,19266015100.44091,6.403435345505294,6.760781903604017,5.927076795747823,6.044374141479448
24.45619346827127,18252201224.051968,19265115918.278175,6.4050168700265155,6.760466364845111,5.9338638305075175,6.054562107355478
24.63200429221416,18256799396.102837,19264203944.84281,6.406630449079014,6.760146337404759,5.940577050631437,6.0646006388448
24.809078986017074,18261491465.10056,19263279003.412674,6.408276978213601,6.759821759268068,5.947217968399629,6.074491797219376
24.987426635394918,18266280090.438828,19262340913.570736,6.409957390658069,6.759492567123544,5.953788087588677,6.08423761354018
25.16705639137803,18271168045.419685,19261389491.07075,6.4116726596126465,6.759158696315957,5.960288904144955,6.093840089068148
25.34797747078173,18276158224.322514,19260424547.6951,6.413423800730626,6.758820080796448,5.96672190688228,6.103301195668577
25.530199156679235,18281253650.053455,19259445891.1041,6.41521187480268,6.758476653069656,5.973088578206376,6.112622876209047
25.71373079887797,18286457482.434322,19258453324.676205,6.417037990665589,6.75812834413764,5.979390394868827,6.121807044950918
25.898581814399314,18291773027.197193,19257446647.338196,6.418903308358598,6.757775083440288,5.985628828753434,6.130855587934432
26.08476168796178,18297203745.75899,19256425653.38465,6.420809042553487,6.757416798791967,5.991805347698249,6.139770363357444
26.272279972467675,18302753265.859768,19255390132.28562,6.422756466287737,6.757053416314032,5.997921416356858,6.148553201947864
26.46114628949327,18308425393.159046,19254339868.481663,6.424746915033883,6.7566848603629035,6.003978497102917,6.157205907329786
26.65137032978248,18314224123.896774,19253274641.164898,6.426781791142467,6.7563110534532305,6.0099780509823795,6.165730256383371
26.842961853744097,18320153658.739704,19252194224.044987,6.428862568700975,6.755931916175772,6.015921538718339,6.1741279995984595
27.035930691952583,18326218417.950184,19251098385.09849,6.43099079885683,6.755547367109445,6.021810421773991,6.182400861421966
27.23028674565251,18332423058.033146,19249986886.300148,6.433168115659115,6.755157322727016,6.027646163479919,6.190550540599017
27.426039987266552,18338772490.039185,19248859483.33417,6.435396242481439,6.754761697293801,6.033430230232567,6.198578710507856
27.623200460907213,18345271899.726578,19247715925.283794,6.437676999097146,6.754360402758714,6.039164092771689,6.206487019488494
27.821778282892158,18351926769.81526,19246555954.296646,6.440012309488623,6.753953348636845,6.044849227545496,6.21427709116505
28.021783642263298,18358742904.599857,19245379305.223606,6.442404210484442,6.753540441882728,6.050487118173391,6.221950524761811
28.223226801309583,18365726457.23001,19244185705.228306,6.444854861332511,6.753121586753304,6.056079257017415,6.229508895412877
28.426118096093575,18372883960.013718,19242974873.364098,6.447366554334038,6.752696684659479,6.061627146875093,6.236953754465399
28.630467936981766,18380222358.155922,19241746520.114872,6.4499417266829955,6.752265634004981,6.0671323028080595,6.244286629776293
28.83628680917877,18387749047.411602,19240500346.89576,6.452582973679251,6.751828330011156,6.072596254122883,6.251509026002346
29.04358527326528,18395471916.2118,19239236045.50894,6.455293063511324,6.751384664525992,6.078020546522864,6.2586224248835745
29.25237396573997,18403399392.916073,19237953297.54937,6.4580749538381035,6.7509345258155875,6.083406744452333,6.265628285519734
29.46266359956522,18411540498.958202,19236651773.754272,6.460931810438599,6.750477798335871,6.08875643365823,6.272528044639769
29.674464964716833,18419904908.788517,19235331133.289474,6.463867028246761,6.750014362482165,6.094071223997538,6.279323116864039
29.887788928737635,18428503017.680923,19233991022.96457,6.466884255146145,6.749544094313776,6.099352752523686,6.2860148949590675
30.102646437295117,18437346018.672523,19232631076.367466,6.469987418969379,6.7490668652502865,6.104602686890376,6.292604750084541
30.31904851474305,18446445990.146873,19231250912.90772,6.473180758232655,6.748582541735847,6.109822729117714,6.299094032032264
30.537006264687125,18455815995.86971,19229850136.75592,6.476468857240018,6.748090984866993,6.115014619773099,6.305484069456662
30.75653087055472,18465470199.6521,19228428335.664486,6.4798566863206775,6.747592049978829,6.120180142628635,6.311776170096427
30.97763359616868,18475423997.268562,19226985079.652557,6.483349648121376,6.747085586183548,6.125321129867824,6.317971620986776
31.2003257863253,18485694168.82027,19225519919.534668,6.48695363107331,6.746571435854107,6.13043946792789,6.324071688661742
31.424618867376406,18496299055.437004,19224032385.26893,6.490675071399937,6.74604943404458,6.135537104080483,6.330077619345782
31.650524347815644,18507258765.096157,19222521984.09612,6.494521025342466,6.745519407837133,6.14061605387368,6.335990639133897
31.878053818868988,18518595413.45732,19220988198.435204,6.498499253672928,6.74498117560352,6.145678409583212,6.341811954159299
32.10721895508948,18530333407.03868,19219430483.4939,6.5026183210657305,6.7444345461665955,6.1507263498516105,6.347542750747453
32.33803151495627,18542499777.89425,19217848264.544296,6.506887713541758,6.743879317844275,6.155762150732746,6.35318419555519
32.57050334147791,18555124581.322067,19216240933.80254,6.511317978031139,6.743315277354567,6.160788198407623,6.35873743569322
32.80464636280005,18568241371.225594,19214607846.83805,6.515920889185875,6.742742198555502,6.165807003899005,6.364203598830184
33.04047259281747,18581887771.818092,19212948318.420216,6.5207096500009225,6.742159840987664,6.170821220190732,6.369583793275859
33.27799413179049,18596106169.760033,19211261617.688198,6.525699134697314,6.741567948179195,6.175833662258888,6.3748791080407745
33.51722316696586,18610944558.059975,19209546962.500877,6.530906184861757,6.740966245663084,6.180847330652882,6.3800906128688215
33.75817197320208,18626457572.880405,19207803512.786064,6.536349973279939,6.740354438643298,6.185865439436624,6.385219358238672
34.000852913599225,18642707777.83596,19206030362.658924,6.542052454619261,6.739732209228992,6.190891449527308,6.390266375328901
34.245278440133276,18659767269.026596,19204226531.0132,6.5480389286630665,6.7390992131328105,6.195929108773857,6.395232675940456
34.491461094295076,18677719700.275425,19202390950.200367,6.554338751002041,6.738455075698198,6.200982500529243,6.4001192523684605
34.7394135077338,18696662865.448006,19200522452.289818,6.5609862392152545,6.737799387077863,6.2060561030361185,6.404927077213277
34.98914840290509,18716712028.924667,19198619752.235508,6.568021841591187,6.737131696326657,6.211154862731184,6.409657103117932
35.24067859372385,18738004275.169163,19196681427.037674,6.5754936634675,6.7364515040890565,6.21628428568332,6.414310262415216
35.49401698622174,18760704268.286495,19194705889.650063,6.5834594883606865,6.735758253442754,6.221450552973399,6.418887466662639
35.749176579209355,18785011996.37574,19192691355.89045,6.591989495595017,6.735051318286979,6.226660668152797,6.423389606036216
36.00617046494324,18811173364.036034,19190635801.878765,6.601169977398294,6.734329988406793,6.231922648393872,6.427817548544016
36.26501182979761,18839494960.8928,19188536908.411247,6.611108521436185,6.733593449953002,6.237245776253183,6.432172139005684
36.52571395494097,18870365103.676723,19186391986.934166,6.621941394846028,6.732840759465046,6.242640937283436,6.436454197722796
36.788290217017554,18904284567.064316,19184197878.97149,6.633844328226661,6.732070808578405,6.2481210821412345,6.440664518732081
37.05275408883371,18941912760.22757,19181950816.180443,6.64704871979789,6.731282274915644,6.253701874200213,6.444803867482907
37.31911914004917,18984139451.104744,19179646220.094715,6.661866804702481,6.730473551812798,6.2594026224299,6.448872977698204
37.58739903787329,19032200619.33062,19177278405.875378,6.678732309827105,6.729642644360388,6.265247669542405,6.4528725470400214
37.857607547766385,19087874583.53424,19174840126.073452,6.698269278303847,6.72878700930172,6.271268539731171,6.456803230957323
38.12975853414594,19153833658.989662,19172321832.150608,6.721415472334768,6.727903295887567,6.27750742437566,6.460665633637055
38.40386596109809,19234321809.511326,19169710400.850483,6.749660173102649,6.726986898937583,6.2840231899615855,6.464460294057468
38.67994389309403,19336588403.675655,19166986744.450787,6.785547310923567,6.726031120235931,6.290902576814868,6.468187663087023
38.958006495711736,19474331553.98543,19164120760.428158,6.83388379322698,6.7250253962802935,6.298283428437887,6.4718480623167975
39.23806803636276,19677636359.358856,19161058480.79369,6.905227007789961,6.723950788758781,6.306411045348647,6.475441598732624
39.520142885024306,20031650791.965675,19157821716.34191,7.0294568683555765,6.7228149514609425,6.315815322129453,6.478968298220121
39.80424551497656,20959194579.43761,19154808098.000042,7.354948217783465,6.721757420038702,6.328289386472381,6.4824292364707965
40.09039050354529,17982904213.099007,19152440007.234436,6.3105158354921995,6.720926415541366,6.335437998843014,6.485827520629194
40.37859253284984,17992726912.541958,19150426414.999725,6.313962792649257,6.720219810783159,6.335108107449672,6.489166535087492
40.66886639055646,18002794733.81638,19148394324.78058,6.317495767347241,6.719506714758451,6.334832552079306,6.4924479581345285
40.96122697063706,18013117537.4469,19146343511.240593,6.321118219816827,6.718787048392753,6.334611808068719,6.495672516056799
41.2556892741334,18023705837.894802,19144273745.030766,6.3248338397665105,6.718060731203488,6.334446394849875,6.498840923675253
41.552268409926846,18034570867.133064,19142184792.74051,6.328646568692197,6.717327681282795,6.3343368787460355,6.501953884488227
41.850979595513564,18045724646.375755,19140076416.74021,6.332560625048306,6.716587815242282,6.334283876065871,6.505012090811843
42.151838157785335,18057180067.259693,19137948375.010136,6.336580532735835,6.715841048152991,6.334288056535263,6.508016223917567
42.45485953381599,18068950984.023808,19135800420.95394,6.340711153449707,6.715087293479947,6.334350147113067,6.5109669541669275
42.7600592716535,18081052318.53433,19133632303.1947,6.3449577235339545,6.714326463010586,6.334470936244885,6.5138649411433525
43.06745303111773,18093500180.37562,19131443765.351006,6.349325896123689,6.713558466776188,6.334651278618267,6.516710833781044
43.37705658460391,18106312004.686188,19129234545.790268,6.353821789514173,6.712783212965296,6.3348921004942005,6.519505270490863
43.68888581789202,18119506710.990295,19127004377.35594,6.3584520428976115,6.712000607828003,6.3351944057033105,6.522248879283122
44.00295673096177,18133104886.98931,19124752987.06451,6.363223880858751,6.711210555569614,6.335559282412107,6.524942277887182
44.31928543881365,18147129002.173927,19122480095.767754,6.368145188335149,6.7104129582321335,6.335987910785075,6.527586073867769
44.63788817229572,18161603657.254322,19120185417.77428,6.373224598146584,6.709607715561452,6.336481571693709,6.530180864737825
44.95878127893651,18176555876.852066,19117868660.42388,6.3784715937057666,6.708794724857979,6.337041656655075,6.53272723806777
45.281981223783724,18192015454.75503,19115529523.606007,6.383896630174327,6.707973880807671,6.337669679221595,6.535225771590931
45.607504590249086,18208015363.438892,19113167699.212704,6.389511278171083,6.707145075290055,6.338367288093145,6.537677033304902
45.935368080959265,18224592242.691425,19110782870.513416,6.395328395238856,6.706308197158833,6.339136282284852,6.540081581568547
46.26558851861285,18241786986.29653,19108374711.436527,6.401362331722164,6.705463131989769,6.339978628763736,6.542439965194261
46.59818284684357,18259645451.206,19105942885.73882,6.407629179628005,6.704609761789234,6.340896483069673,6.54475272353505
46.93316813108961,18278219320.962605,19103487046.038998,6.414147075616131,6.70374796465505,6.341892213569215,6.547020386565899
47.2705615594693,18297567165.079975,19101006832.68561,6.420936572753994,6.702877614379228,6.342968430164958,6.549243474958722
47.61038044366301,18317755749.712296,19098501872.42108,6.428021100453676,6.701998579979152,6.344128018513828,6.5514225001501085
47.95264221980141,18338861673.85892,19095971776.79287,6.435427538644731,6.701110725140026,6.34537418111615,6.553557964400783
48.29736444936013,18360973431.9463,19093416140.24808,6.443186941570279,6.7002139075462415,6.34671048705528,6.555650360845518
48.64456482006084,18384194041.579212,19090834537.827316,6.451335459910912,6.699307978072107,6.348140932740587,6.557700173531795
48.994261146778804,18408644430.260166,19088226522.34618,6.459915529243801,6.698392779792792,6.349670016803736,6.559707877445151
49.34647137245695,18434467855.988117,19085591620.912987,6.468977421308165,6.6974681467623265,6.351302833423894,6.561673938518407
49.701213569026564,18461835758.53789,19082929330.575462,6.478581297321626,6.696533902485955,6.353045189974083,6.563598813621219
50.058505938334505,18490955625.24553,19080239112.80671,6.488799968221965,6.695589857985163,6.354903757246325,6.565482950525134
50.418366813077206,18522081748.80225,19077520386.41915,6.4997226697653065,6.694635809311059,6.356886264045282,6.567326787837688
50.78081465774125,18555530227.7702,19074772518.308342,6.511460326469646,6.69367153429621,6.359001753337806,6.569130754896624
51.14586806955088,18591700345.47381,19071994811.137955,6.524153053842012,6.692696788233095,6.3612609256093355,6.57089527161177
51.513545779422124,18631105808.440823,19069186486.60704,6.537981120494178,6.691711298002289,6.3636766087433285,6.572620748236614
51.883866652923956,18674421720.277683,19066346662.157524,6.553181432097694,6.690714753898716,6.366264416554883,6.574307585043183
52.25684969124625,18722557617.791477,19063474317.618767,6.570073161037403,6.689706797926642,6.369043697703291,6.575956171860084
52.63251403217474,18776775599.172863,19060568245.809387,6.589099199658375,6.688687006464993,6.372038948605421,6.577566887410431
53.01087895107299,18838890646.57296,19057626976.346386,6.610896456964296,6.687654863530639,6.375282001754772,6.579140098345528
53.39196386187141,18911630605.12774,19054648652.06935,6.636422181557692,6.686609717413486,6.378815582704345,6.58067615779329
53.77578831806337,18999331893.950397,19051630815.3338,6.66719809880388,6.68555070568307,6.382699454176894,6.582175403084755
54.16237201370853,19109417251.856434,19048570005.548218,6.705828977670256,6.6844766139572585,6.387021904140239,6.583638151973439
54.55173478444328,19255964368.582653,19045460904.282074,6.757254925881274,6.683385575905692,6.391923683577727,6.585064695766414
54.943896608498605,19470092710.51228,19042294145.361866,6.832396308861578,6.682274304774158,6.397656493814348,6.586455284942145
55.33887760772505,19840990526.97613,19039075242.700745,6.962550844325306,6.681144735491288,6.404769231023633,6.587810156935071
55.73669804862528,20827752828.36265,19035871290.645756,7.308823006762258,6.680020412637784,6.415174659241286,6.589129727563665
56.137378343393884,17745995375.73889,19032746185.056362,6.227380377948025,6.6789237583890735,6.420167163699219,6.590414733619845
56.54093905096473,17762527224.173866,19029650018.922447,6.233181692913762,6.677837259501805,6.41746636216318,6.591665935310586
56.94740087806597,17779557537.805458,19026524301.60086,6.239157928041416,6.676740390585561,6.414887743627947,6.592883811421249
57.35678468028229,17797113521.25553,19023368684.710625,6.24531862990895,6.675633029387358,6.412432126368066,6.594068687600096
57.76911146312517,17815224933.447006,19020182815.116825,6.251674241443275,6.674515051985975,6.41010045920757,6.595220883112526
58.18440238311063,17833924440.106155,19016966334.966995,6.2582362256194735,6.673386332804717,6.407893833295642,6.596340710908202
58.60267874884476,17853248030.608032,19013718881.602665,6.265017211739159,6.67224674458038,6.40581349563548,6.597428477687145
59.023962022117104,17873235513.836365,19010440087.465572,6.2720311694363895,6.671096158330337,6.403860864699236,6.598484483964377
59.44827381900181,17893931111.770863,19007129579.9976,6.279293616977844,6.669934443317422,6.402037548540745,6.599509024133204
59.875635910966814,17915384174.87252,19003786981.533325,6.286821872304045,6.668761467012231,6.400345365918543,6.600502386527071
60.30607022599089,17937650050.510544,19000411909.183674,6.294635357775568,6.667577095052284,6.398786371072548,6.601464853479962
60.73959884968879,17960791145.381004,18997003974.708927,6.302755972994343,6.666381191197469,6.397362882968956,6.602396701385349
61.17624402644447,17984878236.152042,18993562784.378647,6.311208554731994,6.665173617280884,6.396077520053885,6.60329820075363
61.61602816055244,18009992100.97723,18990087938.815575,6.320021449456436,6.66395423315406,6.394933241858417,6.604169616268016
62.05897381736731,18036225570.363556,18986579032.819603,6.329227233017343,6.662722896625186,6.393933399205825,6.6050112068387925
62.50510372446168,18063686132.693874,18983035655.16659,6.338863624969582,6.661479463388514,6.393081795330713,6.605823225655854
62.9544407727922,18092499282.96914,18979457388.375153,6.348974663705474,6.660223786942518,6.392382760995713,6.6066059202394305
63.407008017874226,18122812881.73404,18975843808.432167,6.35961223607809,6.658955718493573,6.391841247785024,6.6073595324888075
63.86282868096469,18154802908.726254,18972194484.464233,6.370838096457479,6.657675106840661,6.391462945321698,6.608084298728853
64.32192615025363,18188681175.809547,18968508978.337223,6.382726573333891,6.6563817982348485,6.391254430444136,6.608780449754062
64.78432398206425,18224705845.773155,18964786844.15879,6.395368260548581,6.655075636204707,6.391223359787327,6.609448210869734
65.2500459020616,18263196056.850594,18961027627.647217,6.408875149293431,6.65375646133483,6.391378722412519,6.610087801929746
65.7191158064699,18304552702.54808,18957230865.312267,6.42338792011644,6.652424110978382,6.391731177258314,6.610699437370166
66.19155776329869,18349288697.461838,18953396083.36559,6.439086563726749,6.651078418874737,6.392293513272959,6.611283326237623
66.66739601357779,18398074331.560375,18949522796.23106,6.456206296606108,6.649719214626734,6.393081291864212,6.6118396722108335
67.146654972601,18451807520.292126,18945610504.444386,6.475062213001203,6.648346322963613,6.3941137689512315,6.612368673612858
67.629359231179,18511726939.70529,18941658691.58583,6.4960889860173685,6.646959562664648,6.39541526196518,6.612870523410271
68.11553355690098,18579602927.374947,18937666819.611855,6.519907858095163,6.645558744920945,6.397017256893642,6.613345409193024
68.60520289540557,18658078486.019936,18933634321.38925,6.54744630514798,6.644143670715534,6.39896181418809,6.613793513124302
69.09839237166068,18751323438.29326,18929560587.998146,6.5801675909273865,6.642714126367774,6.401307412674943,6.6142150118407
69.59512729125278,18866410520.118313,18925444945.36173,6.62055366225999,6.6412698753323145,6.404139783754156,6.614610076263721
70.09543314168529,19016594433.68496,18921286606.42189,6.6732558261356205,6.639810641416689,6.407594226506474,6.614978871236065
70.59933559368633,19230665945.091095,18917084558.692257,6.748377266290552,6.638336069321708,6.411909188670288,6.6153215547625
71.10686050252588,19588621973.05558,18912838241.775574,6.873990301655238,6.636845962394167,6.417591689081942,6.615638278678869
71.61803390934244,20469100074.664,18908551028.180103,7.182965478142959,6.6353415041062425,6.426288833606625,6.615929199714731
72.13288204247921,17515522027.941307,18904227558.238945,6.146503246328976,6.633824322832036,6.429654093444917,6.616194492379566
72.65143131882986,17539723528.01522,18899864505.9521,6.154995976293463,6.632293251419936,6.425687159171295,6.6164343319096375
73.17370834519397,17564784433.264423,18895456992.6928,6.163790286575763,6.63074657787442,6.421899604281747,6.616648870558201
73.6997399196422,17590764784.870926,18891004490.285744,6.172907246677517,6.62918411684953,6.41829331735164,6.616838244957808
74.22955303289137,17617732008.54261,18886506464.858227,6.182370517459745,6.627605680999991,6.414870478282557,6.617002587146895
74.76317486968934,17645762254.70765,18881962377.09494,6.1922068214405215,6.62601108107062,6.411633594374833,6.61714202460734
75.30063281020978,17674942062.509487,18877371682.405518,6.202446526719938,6.624400125955127,6.408585543387537,6.617256680302529
75.84195443145715,17705370446.242744,18872733831.143967,6.213124379146983,6.6227726227731125,6.405729625349816,6.617346672715842
76.38716750868164,17737161539.58023,18868048268.893814,6.224280430225077,6.621128376970133,6.4030696254467445,6.617412115889851
76.9363000168043,17770447986.01295,18863314436.837303,6.235961226876818,6.619467192447257,6.400609891078246,6.6174531194666155
77.48938013185247,17805385341.975918,18858531772.23346,6.248221356577889,6.617788871728825,6.398355427281683,6.61746978872949
78.04643623240547,17842157876.097603,18853699709.038704,6.2611254824151965,6.616093216180241,6.396312016271999,6.617462224647093
78.6074969010507,17880986326.96008,18848817678.717285,6.274751065420682,6.614380026292357,6.3944863691337375,6.6174305239202384
79.17259092585026,17922138461.893833,18843885111.308113,6.289192069837233,6.612649102055851,6.392886321093649,6.617374779032861
79.741747301818,17965943729.237988,18838901436.844547,6.30456410485324,6.610900243459454,6.391521086972406,6.617295078308448
80.3149952324073,18012814040.10878,18833866087.270256,6.321011717288896,6.609133251162255,6.390401601491444,6.617191505973983
80.89236413100953,18063273985.34745,18828778499.069088,6.338718995252083,6.607347927416575,6.389540982102802,6.61706414223433
81.47388362246318,18118006042.918377,18823638116.95101,6.3579254322056205,6.605544077361423,6.38895517360873,6.616913063361358
82.05958354457395,18177920491.048233,18818444399.151566,6.378950460711462,6.603721510882166,6.38866387114322,6.616738341804202
82.64949394964574,18244267828.69308,18813196825.291447,6.402232902740241,6.601880045368599,6.388691885461056,6.616540046330836
83.24364510602263,18318828179.712814,18807894908.489708,6.428397434911144,6.600019509965676,6.389071242768971,6.616318242217527
83.84206749964191,18404249080.82658,18802538214.954773,6.458373124197626,6.598139752448342,6.389844571746152,6.61607299151477
84.44479183559842,18504692322.032333,18797126397.701782,6.49362041555201,6.5962406510535345,6.391070902520193,6.615804353442611
85.05184903971988,18627191805.641926,18791659259.62242,6.53660762840692,6.594322136612496,6.392836392709458,6.615512385022184
85.66327026015385,18784880413.011562,18786136886.360603,6.59194332068948,6.592384239179177,6.395276359858076,6.615197142187887
86.2790868689658,19006159444.62758,18780559985.854122,6.669594005836215,6.590427207181338,6.398627991478069,6.6148586820646385
86.89933046374898,19369433720.551933,18774927839.293407,6.79707330749305,6.58845078837612,6.403392107898593,6.614497060924921
87.52403286924549,20240129418.25661,18769229356.2885,7.102615667233697,6.586451090951576,6.4111726552477855,6.6141123046754755
88.1532261389794,17287743817.651512,18763450807.025745,6.0665718856332544,6.584423296875788,6.413613015485148,6.6137043768863295
88.78694255690131,17320523530.915844,18757598936.32944,6.078074860747073,6.582369773025653,6.408758788407285,6.613273224396038
89.42521463904485,17354652130.769016,18751684038.137318,6.0900511837739035,6.580294131724092,6.404140605468923,6.6128188373552605
90.06807513519514,17390246080.225445,18745705347.362602,6.102541723623906,6.578196104488766,6.399762133791873,6.612341229737373
90.71555703056912,17427439823.69775,18739662091.990463,6.115593659194594,6.5760754204061564,6.395627614695464,6.611840411480741
91.36769354750803,17466389908.37462,18733553493.774063,6.129261925634455,6.573931806375828,6.3917419556053785,6.611316388513266
92.02451814718209,17507280374.43309,18727378768.964275,6.1436111058627905,6.571764987366494,6.3881108444049275,6.610769162780158
92.6860645313074,17550329912.292038,18721137129.264954,6.158717942175227,6.56957468675124,6.384740893490711,6.6101987322755065
93.35236664387507,17595801527.36536,18714827783.091133,6.174674727774773,6.567360626749047,6.381639823784873,6.609605091078951
94.02345867289306,17644015838.327785,18708449937.241432,6.191593973366045,6.565122529011666,6.3788167034720304,6.608988229399115
94.6993750521402,17695369765.772926,18702002799.14759,6.209614965332471,6.562860115413025,6.376282263219404,6.608348133626247
95.38015046293313,17750363433.170444,18695485579.94689,6.228913205753006,6.560573109127386,6.3740493207662015,6.607684786397378
96.06581983590569,17809639965.052525,18688897498.757988,6.249714378282327,6.55826123612982,6.372133366052185,6.606998166678926
96.75641835280128,17874046262.083714,18682237788.7707,6.272315675186565,6.555924227333212,6.370553389214901,6.6062882498739866
97.45198144827802,17944729318.85711,18675505706.167442,6.297119596943798,6.5535618217189535,6.369333089189098,6.605555007965605
98.15254481172693,18023295755.39596,18668700543.655327,6.324689934640168,6.55117377108559,6.36850270421168,6.604798409714087
98.85814438910306,18112090544.884193,18661821651.89804,6.355849580408982,6.548759847569645,6.36810191113322,6.604018420938821
99.56881638476996,18214717301.53096,18654868475.37179,6.391863105548758,6.546319856228096,6.3681846797787935,6.603215004939211
100.2845972633575,18337095005.3703,18647840616.79931,6.434807583750827,6.543853657649396,6.368827998858652,6.6023881231601695
101.00552375163227,18489858738.220966,18640737964.7943,6.488415051366699,6.5413612127461445,6.370149118675611,6.601537736328087
101.73163284038309,18694744321.55624,18633560985.755047,6.560312988584177,6.538842685185662,6.372344510134439,6.600663806619163
102.46296178631758,19006229220.99467,18626311630.784008,6.6696184915846946,6.536298759643951,6.375798350253239,6.599766302794309
103.19954811397544,19626159836.46435,18618979691.45403,6.8871629949346165,6.533725853805249,6.3815303848482055,6.598845173342017
103.94142961765213,24172189513.022633,18611541301.753525,8.482444375660757,6.531115592668374,6.40010884105292,6.597900282320679
104.68864436333986,17086308805.644022,18603999622.094612,5.995884814288577,6.528469085277254,6.411980272493962,6.596931444288243
105.44123069067895,17129787959.175722,18596371231.260128,6.011142410259962,6.525792149416956,6.406170611960135,6.595938525824104
106.19922721492682,17175386535.61606,18588656880.47502,6.027143748825346,6.5230850487054655,6.40066592154292,6.59492143851505
106.96267282893764,17223335934.122566,18580855502.27038,6.043970031999185,6.520347408549255,6.3954730219419025,6.593880094399943
107.7316067051596,17273913375.53447,18572966021.296104,6.061718541426044,6.517578851589156,6.390599906628308,6.5928144014208305
108.50606829764314,17327455480.63212,18564987356.27225,6.080507403229478,6.5147789983851085,6.386055987889966,6.591724263446773
109.28609734406707,17384377320.392582,18556918422.173935,6.10048227308015,6.511947468182892,6.381852420857483,6.590609580307648
110.0717338677758,17445199797.271267,18548758133.236378,6.121825944766797,6.509083879968641,6.378002538876701,6.589470247840438
110.86301817983464,17510590104.337875,18540505407.164925,6.1447725480151725,6.506187853946217,6.374522452116871,6.5883061579528786
111.65999088109645,17581423450.950745,18532159171.156303,6.169629209107535,6.503259013650176,6.371431892880381,6.587117198711745
112.46269286428664,17658880825.196396,18523718370.75322,6.196810357433776,6.500296989052998,6.368755447250695,6.585903254467049
113.27116531609953,17744610875.364677,18515181983.307903,6.226894532534392,6.4973014212896825,6.366524417796485,6.584664206030197
114.08544971931353,17841012791.46424,18506549039.35151,6.260723652175421,6.494271970156641,6.364779770872033,6.583399930936618
114.90558785491778,17951764714.146095,18497818658.400574,6.299588440288231,6.4912083266768175,6.363577068954607,6.582110303847494
115.73162180425774,18082898419.140488,18488990113.398083,6.345605552548168,6.488110235713179,6.3629953386009,6.58079519719621
116.56359395119254,18245246441.12201,18480062958.56964,6.402576314969789,6.484977540835689,6.363154614028216,6.579454482306102
117.40154698427162,18460974315.51465,18471037322.492382,6.4782790018873,6.481810287164313,6.36425567777462,6.578088031544309
118.24552389892312,18785864518.208656,18461914840.19025,6.592288660427514,6.478609048457572,6.366691294396069,6.576695723508358
119.09556799966195,19428998264.545513,18452684749.391075,6.81797554851325,6.475370048045792,6.371511041230872,6.575277415632631
119.95172290230977,24689998255.54097,18443322705.730385,8.664152526396391,6.472084743065391,6.391038653769212,6.573832879641144
120.81403253623492,16859625636.288147,18433832185.636353,5.916337722622604,6.468754353455863,6.403759017189787,6.57236183867279
121.6825411466044,16913795722.323786,18424229524.43206,5.935346953928461,6.465384611567987,6.3969615918530485,6.570864069364342
122.55729329665617,16970979075.445858,18414514662.19116,5.955413593394878,6.461975496372556,6.390538788872182,6.569339392002209
123.43833386998361,17031568239.904612,18404686169.35671,5.976675391669803,6.458526506213023,6.384501303419562,6.567787625699453
124.32570807284056,17096049624.602474,18394742607.484398,5.999303038150505,6.4550371363140995,6.378861873010846,6.566208584984238
125.21946143645881,17165037449.711872,18384682532.926247,6.023512073445922,6.451506880074442,6.373635802002104,6.56460207982991
126.11963981938636,17239324631.579964,18374504501.551086,6.04958074578035,6.447935230723149,6.3688416904946905,6.562967915705623
127.0262894098384,17319961764.940315,18364207075.651543,6.0778777272339095,6.444321683743538,6.364502477237086,6.561305893655312
127.9394567280692,17408384864.95132,18353788834.36163,6.108906940659642,6.440665740528866,6.360646984056897,6.559615810418777
128.85918862875712,17506632414.98694,18343248389.97225,6.1433837255521775,6.436966914107723,6.357312299626652,6.557897458617852
129.7855323034107,17617737093.793823,18332584414.785294,6.182372301963401,6.433224738567602,6.354547650224239,6.556150627047719
130.71853528278805,17746488430.623413,18321795688.279716,6.227553399536733,6.429438785606309,6.352421099781744,6.55437510114904
131.65824543933772,17901071394.19984,18310881187.68654,6.281799267055495,6.4256086963163055,6.351032155327613,6.552570663817487
132.6047109896529,18097093598.421986,18299840286.078,6.350586889410225,6.42173425069767,6.350538354793384,6.5507370969231715
133.5579804969476,18369642099.905125,18288673292.48266,6.446228928881036,6.41781555719393,6.351221689794532,6.548874184653864
134.51810287354627,18823439641.77633,18277375571.526947,6.6054744289488,6.4138509891713715,6.3537096913424085,6.546981703425466
135.48512738339562,20075028893.136776,18265929942.758198,7.044679003284951,6.40983451770845,6.360425625674019,6.545059378275516
136.45910364459024,16595032703.084976,18254325499.127945,5.823487431304159,6.405762315330959,6.3614422286586985,6.543106868109795
137.4400816319206,16658837896.747623,18242571900.402542,5.8458777905155195,6.40163777181998,6.35395014516412,6.541123833756767
138.42811167943523,16726511963.25053,18230676731.183434,5.869625804921761,6.397463548744914,6.346892801211862,6.5391099838881
139.42324448302537,16798618447.546051,18218638131.865143,5.894929232310153,6.393238993537647,6.340284735893342,6.537065045522967
140.42553110302407,16875873147.714497,18206454230.544548,5.922039258755384,6.388963449314613,6.334143475755594,6.5349887402504745
141.4350229668284,16959207033.294016,18194123147.99409,5.951282577762755,6.38463625662197,6.328490409863812,6.532880784257975
142.45177187153575,17049865528.531506,18181643004.83394,5.983096230498632,6.38025675595244,6.323352057554013,6.530740888389297
143.47582998660403,17149572372.769512,18169011932.564476,6.018085107268191,6.375824291616806,6.318761975466718,6.52856875824763
144.50724985652602,17260815152.540367,18156228091.20625,6.057122145724794,6.371338217934072,6.314763760106422,6.526364094368557
145.54608440352786,17387377424.40984,18143289699.01854,6.101535062089349,6.366797909660235,6.311416050545556,6.524126592508925
146.59238693028206,17535419016.03274,18130195086.169853,6.153485447698771,6.362202780822198,6.308801489050218,6.521855944139954
147.64621112264496,17715932889.022724,18116942801.544754,6.216830925188416,6.357552322198155,6.307044394372869,6.519551837334284
148.70761105240882,17951298962.411648,18103531858.6279,6.299424999852759,6.352846187602607,6.306350708552874,6.517213958521912
149.77664118007874,18297640526.020252,18089962546.619633,6.420962316391942,6.348084478521016,6.307119669013767,6.514841996864152
150.85335635766464,18965003185.30709,18076224716.942177,6.655151554100173,6.343263633639813,6.310410496906522,6.512435621244026
151.93781183149804,24324553809.834946,18062296811.152756,8.535911674179612,6.3383760877241,6.328738027287322,6.509994426020116
153.03006324506438,16381369385.760736,18048180745.89704,5.748509233597012,6.33342251335839,6.340237897219115,6.507517962510006
154.13016664186063,16459071783.074186,18033889053.39751,5.775776364806278,6.328407308318896,6.332015739635894,6.505005824568772
155.23817846826822,16542247194.82772,18019420374.655178,5.804964072574411,6.323329995709088,6.324312091488811,6.502457639589745
156.35415557645197,16631864622.855715,18004772326.400497,5.8364123966051205,6.318189739197969,6.317149322879116,6.4998730309173585
157.47815522727458,16729215979.46416,17989942513.08025,5.870574691538368,6.312985698143986,6.310555131240439,6.497251615326843
158.61023509323707,16836083427.67449,17974928536.933544,5.908076349570818,6.307717031130874,6.304564496492052,6.494593003081574
159.75045326143626,16955030916.223461,17959728013.61657,5.949817105189899,6.3023829014506605,6.299222754722408,6.491896798053826
160.898868236546,17089947733.408833,17944338598.682495,5.997161777731852,6.296982486395916,6.294590714564458,6.489162597948966
162.0555389438188,17247153475.85339,17928758035.61815,6.052328024260823,6.291514994116676,6.2907538200869135,6.486389994712634
163.22052473210942,17437917436.04999,17912984251.795166,6.119270436754183,6.285979697291369,6.287840241422825,6.483578575291912
164.39388537692,17685209336.885395,17897015580.43953,6.206049493002176,6.280376011019821,6.286061881653483,6.4807279231802495
165.57568108346715,18046914060.438046,17880851539.791374,6.332978011260572,6.274703766244062,6.285829733386589,6.47783762244392
166.7659724897711,18742884105.08396,17864482010.774963,6.577206081194189,6.268959412003307,6.288243549521547,6.474907236522457
167.96482066976697,25532018003.37046,17847886623.889236,8.959631993422894,6.263135800283115,6.3093583209247805,6.471936258882062
169.1722871364386,16131064439.171404,17831066957.610756,5.660672846857909,6.257233484998538,6.323509632891625,6.4689241434926865
170.3884338449747,16221807818.918383,17814033583.919548,5.692516287053863,6.251256176042406,6.314308693383683,6.4658703824957335
171.61332319594783,16319699243.71386,17796783965.233505,5.726868101366525,6.245202982932742,6.305709474591345,6.462774495190944
172.84701803851607,16426198616.529285,17779315108.7125,5.764240595300635,6.239072855429564,6.297742753421466,6.459635993909036
174.08958167364793,16543335113.010443,17761624008.517113,5.805345842106097,6.232864738731208,6.290447581907957,6.456454382946133
175.34107785737027,16674058594.259026,17743707662.97158,5.851218999673658,6.226577579497112,6.283874891185693,6.453229158656158
176.6015708040397,16822909502.887568,17725563103.916687,5.90345338878549,6.220210336148259,6.278093595962888,6.449959809658095
177.8711251896373,16997421798.216679,17707187452.495136,5.964692807630877,6.213761998443234,6.273201791950097,6.446645817253044
179.14980615508722,17211457715.66418,17688578038.554924,6.039801757242738,6.207231629378964,6.269349635307756,6.443286656273115
180.43767930959908,17494718949.926216,17669732713.7311,6.1392030821460635,6.200618475056587,6.266794011914267,6.439881796999365
181.73481073403437,17929123616.42689,17650647682.71442,6.291643282821069,6.1939212036356635,6.266067193741644,6.436430702399047
183.041266984297,18903921325.635147,17631310167.592308,6.633716860451505,6.18713533112302,6.268872537926039,6.432932801635552
184.35711509474848,15798728050.631475,17611706190.592842,5.54405019137694,6.180255952473845,6.266284609766401,6.4293874652061
185.68242258164713,15897581984.189543,17591838868.131454,5.578739766860775,6.173284161292859,6.2562591097931675,6.425794045607726
187.0172574466127,16004432293.255913,17571713586.19079,5.61623541046763,6.166221847615637,6.246889667475948,6.422151925787589
188.36168818011527,16120960769.585161,17551326649.46502,5.65712729235987,6.159067714694692,6.238211077002708,6.4184605016081395
189.71578376498965,16249530308.947731,17530674336.67536,5.702244594020101,6.151820456668164,6.23026773819792,6.414719159015062
191.07961367997484,16393626268.417706,17509752918.339684,5.752810388248341,6.144478764795497,6.223118025055201,6.410927274093185
192.45324790327902,16558722623.508366,17488558688.79905,5.810745588860863,6.137041338696113,6.216841859136535,6.407084213246021
193.8367569161701,16754168664.47706,17467088029.597496,5.879331025445617,6.129506908590481,6.211555054758096,6.403189333611128
195.2302117065921,16997931829.18762,17445337553.00305,5.9648717864254355,6.12187428566416,6.207440031197936,6.39924198398666
196.6336837728076,17331349546.873657,17423304523.770794,6.081873899229818,6.114142510071831,6.204824831037436,6.395241507157994
198.0472451270663,17885220348.402542,17400981521.883972,6.276236857651117,6.106308977999748,6.204463235917993,6.391187229872074
199.47096829930004,19628232292.348022,17378353132.479424,6.887890255977509,6.098368280102627,6.209849820803439,6.387078431390974
200.90492634084416,15552944751.03335,17355412354.409748,5.457800529707514,6.090317959555307,6.209287040928426,6.382914345359405
202.3491928281859,15668070107.034786,17332163118.327415,5.498200032118506,6.082159395692536,6.198886212376209,6.378694208757319
203.8038418667395,15793842743.061636,17308604968.853764,5.542335851445225,6.073892428713972,6.189234638090058,6.374417278052063
205.26894809464875,15932920581.17268,17284733350.913067,5.591140699058575,6.065515460163817,6.180381463414333,6.370082807745617
206.74458668661651,16089264398.518246,17260543682.669025,5.646004480984401,6.057026882195518,6.172391664803389,6.365690040140424
208.23083335776192,16269187012.305487,17236031387.88572,5.709142475271247,6.0484250889277975,6.165354955661972,6.3612382054604
209.72776436750547,16483709295.29498,17211191961.24105,5.78442209906444,6.0397084993642745,6.159403075662911,6.356726522214262
211.2354565234818,16754752904.714409,17186021121.23069,5.87953604557061,6.030875611050144,6.154748203824143,6.35215419809914
212.7539871854806,17135840556.602144,17160515332.622318,6.01326637263293,6.021925183410508,6.1517880726447505,6.347520432580076
214.28343426941632,17819171533.194782,17134664732.225325,6.253059172370424,6.01285375527915,6.151529253474493,6.342824403013514
215.8238762513255,21671181231.24263,17108452120.571222,7.604796795501066,6.003655291061545,6.162621441292877,6.338065230850452
217.37539217139383,15291045676.28325,17081874105.016567,5.365895560469709,5.994328600219727,6.167154864156548,6.3332419987694
218.93806163801148,15423339619.237165,17054934395.72617,5.412319820536793,5.984874984715464,6.156089066722127,6.328353803352821
220.5119648318579,15569531326.479092,17027628508.213951,5.463621049339192,5.975292870864104,6.14587581993919,6.323399752027699
222.09718251001587,15733702537.82408,16999950873.640425,5.52123160081896,5.9655803044624,6.136582590741742,6.318378939816889
223.69379601011508,15922342811.484686,16971895898.263924,5.587428774536859,5.955735322568497,6.128302291077117,6.3132904467566435
225.30188725450574,16146761732.552588,16943458022.610233,5.666181301848408,5.945755974265587,6.121170976312909,6.308133338133667
226.9215387544619,16429448751.215967,16914631861.07975,5.765381124447915,5.935640369652509,6.1154072198787865,6.30290666521564
228.55283361441502,16825464426.268238,16885412705.26075,5.904349956117503,5.925386856465178,6.1114203215078176,6.297609467579142
230.19585553621832,17534686100.43065,16855789908.959818,6.153228254786087,5.914991698767991,6.110251310574925,6.292240760087783
231.85068882344135,21902293637.49614,16825746134.339462,7.685898183917468,5.904448812410313,6.121802041650934,6.2867995017173035
233.51741838569555,14989637575.96923,16795277094.274899,5.260126182651872,5.893756692965022,6.126735882309716,6.2812846123975286
235.19612974299116,15137516236.166798,16764384603.407043,5.312019392772424,5.882915977221377,6.114779572346661,6.275695021305132
236.88690903012514,15302493390.252237,16733062622.13055,5.36991276366589,5.871924545776154,6.103774287111183,6.2700296622336396
238.58984300110075,15490238601.730024,16701304391.478962,5.435795844397944,5.860780026789722,6.0938060461520305,6.2642874521940906
240.30501903357893,15710281204.29186,16669103127.342691,5.513012644948876,5.849480039599289,6.084997612371108,6.258467289801879
242.03252513336167,15980626689.794907,16636452122.069664,5.607881607553821,5.83802223037234,6.077538797839087,6.252568055667385
243.77244993890756,16341944265.394117,16603345052.67268,5.73467426881927,5.826404380261999,6.071763353729792,6.246588613805671
245.52488272587985,16919965525.79116,16569772248.806683,5.937512045952606,5.814623095774929,6.068416336332477,6.240527804445092
247.2899134117272,18590897935.443172,16535718167.345118,6.52387147411802,5.802672922555978,6.070739485367858,6.234384421332039
249.06763256029734,14622991605.94056,16501172896.3141,5.131463694520506,5.790550382320023,6.067246551800568,6.228157211891903
250.85813138648365,14781408355.124443,16466134456.52424,5.187054904510042,5.778254780534868,6.0543327140163266,6.221844911760485
252.66150176090665,14958844160.847942,16430597846.13742,5.249320234321778,5.765784361967972,6.042440931786424,6.215446257108157
254.47783621462517,15161888495.568624,16394554910.000267,5.3205720451738046,5.75313626483328,6.031668104809623,6.208959969217538
256.3072279438879,15401881844.704508,16357997436.80827,5.404789911886993,5.74030760764032,6.02215454534441,6.202384746712958
258.14977081491105,15701055546.38195,16320917271.498642,5.509775200115526,5.727295528634826,6.0141224535178255,6.1957192658839855
260.0055593686991,16112899921.435684,16283306728.036377,5.654298599658625,5.714097330652589,6.007980129370888,6.188962182317741
261.87468882589127,16826388626.846956,16245153295.220634,5.904674274276465,5.700708623294255,6.004736401788081,6.182112120274293
263.75725509165153,20477410405.163815,16206438845.64819,7.18588171856752,5.687123045336757,6.012457725918258,6.175167647066298
265.65335476058544,14327644238.864353,16167155459.374353,5.027821134074252,5.673337817532884,6.013745416444459,6.16812728546903
267.56308512170034,14507016660.331707,16127300352.105116,5.090766056246267,5.659351962825135,6.000170851737235,6.160989552600849
269.48654416339343,14711005290.446526,16086864487.296984,5.162349236879695,5.645162310132236,5.987746359377847,6.153752957115153
271.42383057848343,14949753221.405924,16045837989.544254,5.2461300645567315,5.6307653940014815,5.976603856801792,6.146415981671631
273.3750437692705,15242424087.603394,16004210948.09388,5.348833393998982,5.616157736576162,5.9669466074578095,6.138977081131402
275.3402838526408,15632545123.45167,15961973700.617722,5.485733693600529,5.60133594717622,5.959131661049167,6.1314346834867335
277.31965166519916,16257397560.308235,15919113308.616037,5.705005350219652,5.586295485455636,5.953963076376607,6.123787182655281
279.31324876844724,18172613668.10787,15875611810.584152,6.3770882036586265,5.5710300484080495,5.955218878311405,6.116032918236607
281.3211774539906,13934123220.207731,15831456956.5594,4.889727720996805,5.5555353373071545,5.9506035386282905,6.108170178099173
283.3435407487913,14125099657.211927,15786642465.649643,4.956744695320841,5.539809148077967,5.93599192397846,6.100197228270153
285.38044242045015,14343406119.83768,15741158654.089916,5.033352253981284,5.523848082517871,5.9226098510091125,6.092112319566889
287.43198698253525,14600882344.833918,15694993611.637835,5.123705167829202,5.507647961114354,5.910605902247023,6.0839136737743855
289.49827969994016,14920638544.054562,15648135338.915998,5.235913214692337,5.491204573075865,5.90021387327713,6.075599478298226
291.57942659428966,15358228867.843405,15600572130.303848,5.389471318266963,5.474513810695273,5.891860849459158,6.067167887167691
293.675534449375,16111632628.455498,15552287941.092928,5.653853884370988,5.457570043603555,5.886601866328077,6.0586170113730144
295.7867108166378,20290897888.03019,15503261865.085712,7.120431211856156,5.440365935450089,5.893758937301396,6.049944896510725
297.91306402068363,13605932893.498701,15453481943.476007,4.7745599911790535,5.422897289680471,5.894463536316057,6.04114953403457
300.0547031648451,13820183887.952333,15402940024.597805,4.849744415076766,5.4051612457324225,5.879070603602759,6.032228893811588
302.2117381367749,14069542817.765408,15351622179.401289,4.937248827971351,5.387152915658571,5.865053981379759,6.023180919426312
304.3842796140894,14372202363.119698,15299513976.781372,5.043457359757329,5.368867235331558,5.852614899749343,6.014003512929937
306.57243907004215,14768160716.92907,15246600990.297363,5.182406076399515,5.3502991422608455,5.84209715033465,6.004694534194289
308.77632877924896,15376876111.902771,15192866245.944672,5.396014962582169,5.3314426799711345,5.8342383056684115,5.995251795142543
310.99606182344337,16964874059.976969,15138288341.779272,5.953271236613359,5.312290338145677,5.831982410266129,5.985673043005477
313.23175209728413,13138838877.38321,15082849302.460749,4.6106485255764404,5.292835808922907,5.824124664507921,5.975955958812766
315.48351431419394,13359674787.02417,15026536503.145151,4.688143711466354,5.273074662024114,5.807417243830195,5.966098180257158
317.7514640122508,13616724656.634842,14969335050.333181,4.7783470097471605,5.25300167105972,5.792140469599359,5.95609730993423
320.03571756011064,13928623966.472408,14911227508.68485,4.887797936609983,5.23261071766376,5.778501428795094,5.94595090383347
322.3363921629838,14336332094.98217,14852196319.614862,5.0308698548458395,5.211895640221333,5.766853195217086,5.935656465371461
324.6536058686436,14962636030.85078,14792221328.971584,5.25065086787326,5.190849366287881,5.757953219258363,5.925211439332176
326.98747757348826,16614283208.719866,14731278170.467552,5.830242770664845,5.169463345306661,5.754874161214822,5.914613195696277
329.33812702863656,12722314135.353283,14669345811.074,4.4644827033429255,5.147730196419746,5.746198101330334,5.903859028579157
331.7056748460776,12960273794.589317,14606407780.257698,4.547986912675448,5.125644139828751,5.728562931569722,5.892946177026711
334.0902425048538,13240561931.204165,14542445120.106905,4.646344925577513,5.10319852287063,5.712472392099353,5.8818718309145925
336.49195235729957,13587390178.803806,14477436549.215147,4.768053028047374,5.080385877527375,5.6981764354365385,5.870633119642397
338.9109276353137,14058556145.779732,14411360679.870464,4.933393412476535,5.057198698476518,5.6861264321935145,5.859227106949583
341.34729245668814,14860296560.287447,14344192061.103659,5.214738156448407,5.033628054527511,5.677427618863242,5.847650781407922
343.80117183147047,19589569052.545986,14275900847.450588,6.874322648424751,5.009663472384612,5.682691579098549,5.835901036379445
346.2726916683841,12363864229.549784,14206464513.159754,4.338696357600396,4.9852970473673635,5.6815433743545825,5.823974678775958
348.7619787812831,12633578797.600548,14135862793.895227,4.433343920228656,4.96052166836561,5.663118201181217,5.811868454155475
351.2691608956644,12960498577.282213,14064069902.79912,4.5480657928566615,4.935328286319581,5.646444660272683,5.799579039386461
353.794366655216,13386440021.419928,13991059642.315653,4.697536100676326,4.909707708048429,5.631888110772282,5.7871030288628535
356.337725628423,14036029299.603962,13916803017.910543,4.92548834787566,4.883649758862595,5.620224851582848,5.7744369276503225
358.8993683152106,15729423810.37475,13841266913.270424,5.519730120468246,4.857142817668099,5.614584284637185,5.7615771354776895
361.47942615364536,11810026572.120214,13764420972.658243,4.144345030023652,4.830176232105506,5.60341826937556,5.748519944899539
364.07803152667356,12081808843.279377,13686238133.561918,4.239718185862777,4.802740505465661,5.583345067810474,5.735261557934136
366.6953177689198,12410041817.611124,13606688437.413567,4.354900881477783,4.774825124762743,5.565055371220299,5.721798088287082
369.3314191735225,12834311891.422873,13525739650.85798,4.5037846761967835,4.746418778748243,5.548904733724692,5.708125549708029
371.9864709990302,13468613438.151749,13443356772.837875,4.726372190853848,4.71750918493855,5.535627613812635,5.694239844823304
374.66060947633594,14987915921.69527,13359500627.36365,5.259522024033757,4.688082595793234,5.527922080867792,5.68013674937702
377.3539718156733,11293292600.467073,13274133665.756496,3.9630140351958723,4.658125834823703,5.51485052555781,5.665811907729508
380.06669621365035,11578312935.973255,13187221150.226683,4.063032659514569,4.627626711931537,5.493491012115938,5.651260845813287
382.79892186034687,11925899643.211386,13098725564.02962,4.185006918746572,4.596572061834421,5.4740146953192275,5.636478972847305
385.5507889464501,12383100108.5769,13008606671.39093,4.3454465642284115,4.564947765094898,5.4568249247615634,5.6214615692761365
388.32243867045383,13096197371.062252,12916820483.603237,4.595684874672287,4.532738385305632,5.442802701035936,5.606203772440097
391.1140132458974,15228383948.185507,12823318470.006536,5.343906463338663,4.499926892208617,5.436093685190085,5.590700557901934
393.9256559086688,10814038907.990604,12728054986.587795,3.7948355263325544,4.466497268520791,5.4237259226651275,5.574946737683114
396.7575109243476,11125806767.536774,12630985607.275497,3.904240324987408,4.432433924356089,5.401337384583903,5.558936972819127
399.6097235956138,11515991372.790474,12532061372.01129,4.041162932205946,4.397719678773108,5.381019889423055,5.542665767179698
402.48244026969815,12056299301.429317,12431230122.545506,4.230766441144941,4.362336228529137,5.3633149946540435,5.5261274504188345
405.3758083458938,13030475023.128698,12328434881.460876,4.572621752472131,4.326263579251203,5.349645561045069,5.509316160429183
408.2899762831188,10086146237.630264,12223615800.699953,3.539405248307621,4.289480729208455,5.331218559165887,5.492225826895359
411.2250936075334,10380090274.569523,12116715307.079395,3.642555355646931,4.251967474963177,5.3064679549786335,5.47485017281463
414.18131092021247,10740163328.586546,12007673866.714264,3.7689112925068584,4.213702925033148,5.283702248094165,5.457182718183077
417.15877990487274,11216207210.449535,11896426759.885885,3.935963422645958,4.174664368136326,5.263348123455754,5.439216765018416
420.1576533356557,11965263472.487968,11782903867.574883,4.198820375408069,4.134827198281546,5.246343480792212,5.420945374040948
423.1780850849665,14352634929.921423,11667029069.486906,5.036590804967602,4.094164703525221,5.237423045203792,5.402361339647601
426.22023013136896,9665186877.697794,11548727651.577032,3.3916832410348743,4.052650665401298,5.222825877267916,5.383457182298389
429.28424456753794,10014077432.527483,11427923304.33101,3.514115043207444,4.010258305565615,5.197653473902033,5.36422515191382
432.37028560826803,10468239743.982668,11304532702.552742,3.673488547306635,3.9669583837484543,5.174844271003333,5.344657210183485
435.4785115985405,11152732098.611729,11178465973.07876,3.9136888949242152,3.922719361883744,5.155203344826821,5.324745000818777
438.6090820216479,12857699106.910263,11049625845.284527,4.511991659447784,3.8775071060068482,5.141814367718863,5.304479819264176
441.7621575073773,8965448586.89951,10917913447.909908,3.146132827572384,3.831286920462083,5.123106928108136,5.2838525952459765
444.93789984025193,9316126198.71642,10783226676.965307,3.2691917393198673,3.7840229751724173,5.095864687059963,5.262853885896885
448.1364719678326,9774271172.784771,10645455092.15202,3.429962829436866,3.7356765147040454,5.071029507257119,5.2414738521369735
451.3580380090786,10467779374.71415,10504478608.336184,3.673326995672664,3.6862053990816968,5.049423907575596,5.2197022194215625
454.6027632627684,12218033578.241398,10360167171.934956,4.287521829644485,3.6355639902268786,5.03423405271332,5.197528234982884
457.8708142159812,8271855603.604089,10212386918.420748,2.902738910071349,3.583705312733887,5.0137289004987435,5.174940640297683
461.1623585526398,8636754915.473394,10060996806.715405,3.030788465283579,3.5305798728198154,4.984616031764099,5.1519276508291725
464.4775651621137,9124090059.244333,9905843189.224274,3.2018028968523273,3.476133752854471,4.958045310430625,5.128476914087257
467.81660414788564,9899648350.673574,9746758376.720095,3.4739598755814094,3.4203081077530157,4.935006954188134,5.104575451187635
471.17964683627906,12492032964.315844,9583559703.984911,4.3836730099126,3.3630388370933573,4.920718024708941,5.080209593333042
474.56686578524915,7577559766.469261,9416056797.993454,2.659098348856315,3.30425913564891,4.900769926739447,5.055364935078858
477.9784347932366,7972685370.793738,9244044769.635695,2.797754839128992,3.2438971042448785,4.869873943851466,5.030026289285436
481.41452890808546,8526420576.816957,9067295953.68818,2.9920702147140834,3.1818728511696257,4.841786948447051,5.004177605091757
484.8753244360247,9529471550.570213,8885561660.221535,3.34405835737822,3.118099106774219,4.817988803622138,4.977801870901514
488.36099895071436,6535480663.461928,8698572895.194164,2.2934145525441942,3.052481476341376,4.789524581347744,4.950881024909377
491.8717313023573,6874745923.07847,8506037335.403941,2.412468670159027,2.9849173785430603,4.7548695419999785,4.923395861115151
495.4077016268755,7326275684.6738825,8307632426.987155,2.570918366436024,2.9152936235829743,4.7226820547729655,4.895325911866128
498.96909135515324,8024820803.925958,8102998266.946791,2.8160500751193758,2.843483915200235,4.693824892386066,4.866649297078085
502.55608322234616,9865882340.168758,7891733590.674844,3.4621107915031644,2.769347442620732,4.671726589769573,4.837342547848869
506.16886127725735,5772360965.549065,7673398752.497046,2.0256224939874157,2.6927299264824316,4.6442680282057704,4.807380430067982
509.80761089178105,6160901198.946553,7447500904.629227,2.1619680623408684,2.6134584178717644,4.607993455664199,4.776735740825297
513.472518770414,6727176316.4306555,7213476327.408597,2.360683912338315,2.531335097692512,4.574619407819987,4.745379026601786
517.1637729598355,7846513914.882982,6970685288.187901,2.7534790669246356,2.4461354725617848,4.54593185790109,4.713278248650854
520.8815628585555,4620195920.136499,6718404154.091103,1.6213076136979205,2.3576056070379434,4.5123550554304845,4.680398420599452
524.6260792266336,4959651319.532047,6455797416.609579,1.740428454689142,2.2654523065617624,4.472082883802405,4.646701161520796
528.3975141954656,5446154619.276296,6181889632.616595,1.911150977629513,2.1693332710673046,4.434446232737221,4.612144115516557
532.1960612776436,6326729335.079704,5895527685.256897,2.2201600577292524,2.068843851667548,4.400760312161359,4.576680215253871
536.0219153768832,17952346499.25088,5595336490.590109,6.299792598864237,1.9635015073403055,4.3988617101713965,4.540256751188098
539.8752727980255,3652331586.6419168,5279685768.602764,1.2816670789573354,1.8527341442947558,4.390083792249917,4.50281426064874
543.756331257109,4072550960.2560983,4946568951.578581,1.429129412079329,1.7358376227991545,4.346922037057051,4.464285046798575
547.6652898915138,4831530423.924198,4593449545.924422,1.6954685899748627,1.6119218428565028,4.307320210914278,4.424591032715829
551.6023492701808,9060486391.408237,4217119528.2919507,3.179483256580724,1.479861052925202,4.280761257669237,4.383640909262062
555.5677114039012,2120627984.5622451,3813469825.297004,0.7441654762315937,1.3382133072353881,4.247714556970416,4.341326396506032
559.5615797556832,2449856847.4453125,3377064967.717267,0.8596976465698715,1.1850712045022467,4.198704518818551,4.297516922203545
563.5841592511906,3100478439.355677,2893590566.995774,1.0880121507239227,1.0154115752424906,4.152839920273891,4.252034401627727
567.6356562892583,7461151971.672491,2345709283.5526,2.61824881622606,0.8231504435494513,4.120167722094894,4.204624261834771
571.7162787524823,0.0,1724934720.7228067,0.0,0.6053097842996144,4.080116616662772,4.1549711808865295
575.8262360178859,0.0,987785258.7696129,0.0,0.3466311360870664,4.0220808441318425,4.102634310867522
579.9657389676634,0.0,0.0,0.0,0.0,3.9648705751856674,4.046734665094532
584.1350000000001,0.0,0.0,0.0,0.0,3.90847406782205,3.989173719028109
