R_kpc,Sigma_bar,Sigma_eff,kappa_bar,kappa_eff,kappa_bar_mean,kappa_eff_mean
1.0,40445504725.87253,40448552211.42416,16.189015261426317,16.190235070412225,0.0,0.0
1.0120606264911474,40445551300.650696,40448596546.779854,16.189033903789657,16.190252816407853,0.38354696976715347,0.3835758585433909
1.0242667116936537,40445605797.04506,40448641966.33581,16.18905571691737,16.190270996373453,0.7580075047819282,0.7580645440569235
1.0366200099307066,40445638362.935074,40448688496.6379,16.18906875198008,16.19028962093447,1.1235968116751158,1.1236813583425873
1.0491222966837304,40445686788.26279,40448736165.175804,16.189088135057993,16.19030870109413,1.480525038007103,1.4806365025735622
1.0617753688475675,40445736551.43354,40448785000.02522,16.189108053630807,16.190328248090214,1.8289974614071107,1.8291351981444792
1.0745810449887383,40445787880.88386,40448835030.06527,16.189128599134197,16.19034827348209,2.1692144287577646,2.169377804657898
1.0875411656068144,40445839705.03094,40448886284.92197,16.189149342648555,16.190368789128094,2.5013715363306943,2.5015599351161963
1.1006575933989453,40445891280.14931,40448938794.7262,16.18916998648485,16.190389807088625,2.8256597377737576,2.8258725683829637
1.113932213527575,40445949104.69797,40448992590.325386,16.189193131764085,16.190411339710906,3.1422654901931515,3.142502158979826
1.127366933891388,40446001496.84495,40449047703.454926,16.189214102630263,16.19043339969758,3.451370808098702,3.451630744283839
1.1409636853995222,40446055348.07927,40449104166.663635,16.189235657521472,16.19045600007687,3.75315337156507,3.7534360491856047
1.1547244222490889,40446114516.331856,40449162013.39003,16.189259340641527,16.19047915423313,4.047786701990339,4.0480915882678605
1.1686511222060412,40446176988.85768,40449221277.84828,16.1892843463543,16.190502875861174,4.335440218322242,4.335766765563115
1.1827457868894284,40446231879.37102,40449281994.99593,16.189306317234973,16.190527178953364,4.616279264257126,4.616626971947138
1.19701044205908,40446295053.748436,40449344200.820114,16.189331603876024,16.19055207791417,4.890465290574415,4.890833680226235
1.2114471379067577,40446360078.7307,40449407932.31531,16.189357631253785,16.19057758755128,5.158155967086827,5.158544537973007
1.2260579493508208,40446428223.903595,40449473227.36073,16.189384907542003,16.190603723026513,5.4195052038622356,5.4199134581619175
1.2408449763344431,40446492334.2363,40449540124.70499,16.1894105688154,16.190630499849657,5.674663236418102,5.675090707656939
1.2558103441274293,40446564321.258575,40449608663.98376,16.189439382870514,16.19065793388559,5.923776764018542,5.924222993602773
1.2709562036316695,40446629646.239296,40449678885.93173,16.189465530327865,16.19068604143908,6.166988997150842,6.167453547770388
1.2862847316902777,40446702982.50711,40449750832.40927,16.189494884441924,16.190714839265457,6.404439754857957,6.404922208905388
1.3017981314004599,40446780055.090096,40449824546.33269,16.189525734080977,16.190744344542725,6.636265592384993,6.6367655031252095
1.3174986324301545,40446852420.98604,40449900071.63642,16.189554699786854,16.190774574856405,6.862599769317829,6.863116722411025
1.3333884913384921,40446933373.18026,40449977453.30335,16.18958710230764,16.190805548211674,7.083572411698322,7.084106001240043
1.34946999190012,40447007385.025734,40450056737.5059,16.189616726833382,16.19083728308984,7.2993105512394285,7.299860391403032
1.3657454454334392,40447090128.2868,40450137971.68699,16.189649846259762,16.190869798480772,7.509938211620247,7.510503935050346
1.3822171911327976,40447177505.77378,40450221204.51134,16.1896848206155,16.190903113863353,7.7155765324962,7.716157736007512
1.3988875964046932,40447258430.288574,40450306485.84447,16.18971721205712,16.190937249197127,7.916343711311625,7.91694002940089
1.415759057208029,40447348483.1478,40450393866.76847,16.18975325727703,16.190972224928593,8.112355167268792,8.112966249633748
1.4328339983984741,40447433152.039696,40450483399.616425,16.18978714747057,16.19100806200497,8.30372358929588,8.304349096752116
1.4501148740769754,40447526187.5452,40450575138.19968,16.189824386546427,16.191044781965182,8.490558993710177,8.491198601239542
1.467604167942475,40447622083.050934,40450669137.825584,16.189862770387013,16.19108240694696,8.67296882888716,8.673622187277907
1.4853043936488803,40447718173.87655,40450765455.1184,16.189901232407774,16.191120959615148,8.851057958894355,8.851724734508727
1.5032180951663396,40447822463.71705,40450864148.0271,16.189942976226547,16.191160463164824,9.024928789000112,9.025608638330363
1.5213478471468749,40447916881.064514,40450965276.08481,16.189980768408628,16.19120094142516,9.1946812498308,9.195373868768012
1.5396962552944244,40448023279.21246,40451068900.4743,16.19002335611405,16.191242418885615,9.360412923543551,9.36111802795047
1.5582659567393489,40448129210.40637,40451175083.87946,16.190065756913015,16.19128492063651,9.522219124021237,9.52293640622476
1.5770596204174525,40448236720.9913,40451283890.587685,16.190108789890648,16.191328472409985,9.68019285808365,9.680922036941118
1.5960799474535783,40448347497.44762,40451395386.58208,16.190153130089985,16.19137310061693,9.834424946741613,9.835165749940922
1.615329671549826,40448462315.5216,40451509639.570305,16.190199088016943,16.191418832358504,9.985004070942466,9.985756223777978
1.6348115593784562,40448579327.3031,40451626719.03174,16.19024592401341,16.191465695445043,10.13201680546492,10.132780036702961
1.65452841097953,40448701200.32105,40451746696.22349,16.190294705804146,16.191513718398433,10.275547677990803,10.276321716440188
1.6744830601633456,40448835985.10648,40451869644.22525,16.190348655753912,16.19156293047009,10.41567926456281,10.416463788785302
1.6946783749177292,40448947065.415215,40451995638.164856,16.190393117575454,16.19161336173124,10.552492048134846,10.553286825052949
1.7151172578202367,40449079111.84262,40452124755.22244,16.190445971449897,16.19166504307457,10.686064645375781,10.686869488401333
1.7358026464553273,40449210561.72594,40452257074.4768,16.19049858654721,16.19171800615273,10.816473918069281,10.81728857905861
1.7567375138365704,40449346613.79811,40452392677.0407,16.190553043750494,16.191772283432528,10.943794830176406,10.944619078477682
1.7779248688339402,40449484838.86469,40452531646.22585,16.190608370732505,16.191827908260912,11.068100582542835,11.068934192446306
1.7993677566062685,40449626704.58057,40452674067.580154,16.190665154947585,16.191884914879914,11.189462637306793,11.19030539317682
1.8210692590389104,40449772171.96522,40452820028.92776,16.190723380793106,16.19194333844268,11.307950770271805,11.30880246039903
1.8430324951866892,40449922689.18018,40452969620.43447,16.190783627920858,16.192003215039637,11.423633110851675,11.42449352148007
1.8652606217221832,40450076377.811874,40453122934.65246,16.1908451444632,16.192064581716394,11.536576172217828,11.53744509059422
1.88775683338942,40450236014.9692,40453280066.59443,16.19090904200617,16.192127476503437,11.64684489611914,11.647722106965363
1.9105243634630407,40450393336.138374,40453441113.83095,16.190972012534687,16.192191938455082,11.754502659385711,11.75538797220411
1.9335664842130058,40450557544.37317,40453606176.58099,16.191037739730753,16.19225800768571,11.859611342283678,11.860504586761367
1.9568865073748998,40450730732.697334,40453775357.78054,16.191107061363454,16.192325725397232,11.962231412383467,11.96313238551889
1.9804877846259143,40450900899.57739,40453948763.13483,16.19117517361071,16.192395133900003,12.0624218572885,12.063330372537278
2.0043737080665673,40451084146.47707,40454126501.21294,16.191248521362844,16.19246627665069,12.160240287318944,12.16115615498139
2.0285477107082346,40451261469.637344,40454308683.493675,16.191319498035462,16.192539198270612,12.25574293314432,12.256665976242692
2.0530132669665586,40451445366.50087,40454495424.48224,16.191393105946904,16.192613944592466,12.348984663274392,12.34991474827763
2.0777738931608125,40451639517.40257,40454686841.90951,16.191470818215105,16.19269056274008,12.440019122742452,12.440956083181362
2.102833148019282,40451834444.1491,40454883056.74194,16.19154884102866,16.192769101132377,12.528898657770279,12.529842324014432
2.1281946331907466,40452043178.99719,40455084193.22288,16.19163239077453,16.19284960949991,12.615674391895418,12.61662457489936
2.153861993762124,40452243917.9975,40455290379.02744,16.19171274004354,16.192932138946862,12.700396194865997,12.701352730405107
2.1798389187823672,40452469292.618034,40455501745.28599,16.19180295014714,16.193016741960438,12.783112807812664,12.78407550423622
2.206129141792668,40452666949.87576,40455718426.73851,16.191882065895193,16.193103472472654,12.863871721175975,12.864840457243135
2.232736441363065,40452891369.20106,40455940562.08805,16.19197189362529,16.193192386001815,12.942719313381902,12.94369402477125
2.2596646416355184,40453123194.552444,40456168293.98834,16.192064685745873,16.19328353964755,13.0197010285084,13.02068154336371
2.2869176128735367,40453358416.91365,40456401768.87225,16.1921588375786,16.193376992022156,13.094861123632066,13.095847276830604
2.314499272018431,40453593518.256744,40456641137.150505,16.192252940971724,16.193472803330135,13.16824277162442,13.169234441700752
2.3424135832522777,40453832618.44147,40456886553.51374,16.192348644970615,16.193571035489104,13.239888125585061,13.240885232072822
2.3706645585676736,40454086081.11182,40457138177.26553,16.19245009780366,16.193671752263082,13.309838408782563,13.310840843880696
2.399256258344359,40454346445.91293,40457396172.41636,16.192554313334348,16.19377501930011,13.378133881091927,13.379141498585996
2.4281927919327986,40454615036.56237,40457660707.65798,16.192661821403593,16.19388090412199,13.444813819712284,13.445826466309569
2.4574783182447963,40454888296.79348,40457931956.27832,16.192771198553956,16.193989476090223,13.509916560571236,13.510934088414444
2.4871170463512398,40455163314.47291,40458210096.41393,16.192881279153507,16.19410080650706,13.573479500697868,13.574501799554566
2.5171132360870474,40455446358.20698,40458495311.50987,16.192994572320735,16.194214968799564,13.635539167294443,13.636566149204523
2.547471198663417,40455741037.69239,40458787790.39945,16.193112522899394,16.194332038551547,13.696131268931078,13.697162822681749
2.578195297287452,40456045192.86681,40459087727.40831,16.193234266287043,16.194452093545216,13.755290674887435,13.756326661671556
2.6092899477892684,40456355702.13876,40459395322.54762,16.193358553012516,16.19457521383852,13.81305140325712,13.814091684267282
2.6407596192566607,40456663671.12663,40459710781.75582,16.19348182294519,16.194701481861888,13.869446609046095,13.87049110453774
2.6726088346774195,40456988566.77459,40460034317.06687,16.193611868067357,16.1948309824856,13.924508712695028,13.925557351632996
2.7048421715894047,40457316849.244576,40460366146.82851,16.193743268823827,16.194963803107115,13.978269393711747,13.979322088439362
2.7374642627384485,40457660662.14835,40460706495.95715,16.193880885905973,16.195100033753146,14.030759575169562,14.03181622979464
2.770479796744201,40458007899.063644,40461055596.100235,16.194019873508157,16.195239767144592,14.082009447005927,14.08306996027377
2.803893518774003,40458364833.537674,40461413685.92724,16.194162742726544,16.19538309881306,14.132048456770312,14.133112751555329
2.837710231224885,40458736988.33918,40461781011.42063,16.19431170414517,16.1955301272173,14.18090541025822,14.181973379379256
2.8719347944137956,40459115218.38306,40462157826.05345,16.19446309728501,16.19568095381429,14.228608413212125,14.229679940105118
2.9065721272761507,40459498660.01405,40462544391.0632,16.194616576453043,16.195835683168884,14.275184858277818,14.276259866880157
2.941627208072808,40459895777.75327,40462940975.70569,16.194775529720765,16.195994423055385,14.32066152542511,14.321739945426827
2.977105075105571,40460295674.60628,40463347857.72154,16.194935595377014,16.1961572846443,14.36506454807447,14.366146329459722
3.013010827441318,40460717181.98195,40463765323.74503,16.195104311020046,16.196324382665978,14.408419478965014,14.409504555741377
3.0493496256448713,40461144096.50661,40464193669.412,16.195275190968307,16.196495835453792,14.450751276910902,14.451839558783817
3.086126692520694,40461587169.95755,40464633199.6099,16.195452538807277,16.196671765044233,14.492084284324509,14.4931756852035
3.123347313863546,40462035946.04541,40465084228.93107,16.195632169225654,16.196852297358348,14.53244226770122,14.533536707739534
3.161016839218183,40462500565.07649,40465547082.15913,16.195818141057035,16.19703756239642,14.571848429552727,14.572945838944172
3.1991406826482205,40462972953.28551,40466022094.69211,16.196007222636727,16.19722769440733,14.61032543196258,14.611425744553346
3.237724323514275,40463462658.52024,40466509612.89991,16.19620323565653,16.19742283203164,14.647895407599254,14.648998556544056
3.2767733072614837,40463965948.495964,40467009994.51176,16.196404686204694,16.19762311845669,14.684579991965876,14.685685885885988
3.3162932462165258,40464477436.61141,40467523609.14274,16.196609418200577,16.197828701627323,14.720400264697338,14.721508834995328
3.356289820394258,40465001888.43827,40468050838.79759,16.19681933914696,16.198039734447573,14.755376803358166,14.756488009898428
3.396768778314074,40465544864.58567,40468592078.357574,16.197036674774154,16.198256374975514,14.789529746977996,14.790643532111991
3.4377359378261105,40466102539.895905,40469147736.13011,16.197259893996403,16.19847878664328,14.82287876541872,14.823995050246689
3.4791971869474256,40466668310.35262,40469718234.485886,16.197486353441533,16.198707138512066,14.855443012998853,14.856561751341527
3.521158484708249,40467256011.616646,40470304010.448975,16.19772159107293,16.19894160550835,14.887241225106736,14.888362371935461
3.56362586200845,40467853632.02872,40470905516.27298,16.197960799015497,16.19918236865448,14.918291701169789,14.919415208882281
3.606605422484327,40468479949.75886,40471523220.22966,16.19821149355771,16.19942961538436,14.948612340027893,14.949738129915703
3.6501033433858567,40469110084.601776,40472157607.29979,16.198463715965563,16.199683539819958,14.978220586291597,14.979348583971195
3.6941258764645224,40469763504.8493,40472809179.87503,16.19872525876076,16.199944343052255,15.007133446877132,15.00826361126987
3.7386793488718437,40470438127.51444,40473478458.60087,16.198995288191615,16.200212233478652,15.035367607596777,15.036499853170765
3.7837701640687524,40471123991.9349,40474165983.258,16.19926981733015,16.200487427155732,15.06293930161689,15.064073561797919
3.8294048027459335,40471824085.950645,40474872313.700356,16.199550042111177,16.20077014817475,15.089864344817274,15.091000609447986
3.875589823755259,40472553255.08939,40475598030.80561,16.19984190471483,16.201060629042086,15.116158263265604,15.117296497783911
3.922331865052462,40473294319.15567,40476343737.51072,16.200138528469683,16.20135911109371,15.141836203209111,15.1429763668202
3.9696376446511854,40474058722.10716,40477110059.9296,16.200444494018424,16.20166584494259,15.166912925668347,15.168055003705549
4.017513961588521,40474858530.70033,40477897648.555504,16.20076463128977,16.201981090959936,15.191402953443214,15.192546851308403
4.06596769690221,40475664211.070946,40478707179.532005,16.201087118841947,16.202305119783954,15.215320381259412,15.216466016610818
4.115005814619619,40476487690.21588,40479539355.96426,16.201416730662473,16.202638212844686,15.238678887608325,15.23982627891569
4.164635362758645,40477346222.21412,40480394909.353546,16.20176037299593,16.202980662938213,15.261491965427606,15.262641097872603
4.214863474340702,40478223292.770195,40481274601.16901,16.20211143570893,16.203332774855777,15.283772790531023,15.284923621327763
4.265697368415905,40479129514.3186,40482179224.51604,16.20247416661257,16.203694866051578,15.305534199360883,15.306686693003305
4.317144351100639,40480064296.58037,40483109605.90873,16.202848329437447,16.204067267352226,15.326788771443123,15.327942860011035
4.369211816627631,40481015618.719635,40484066607.21423,16.20322911263537,16.204450323735003,15.347548728151388,15.348704380205715
4.421907248408684,40482002401.69786,40485051127.72589,16.203624089649566,16.204844395157686,15.367826034909639,15.368983229383245
4.4752382201102385,40483018126.45997,40486064106.27827,16.20403065111509,16.2052498574051,15.387632431740437,15.388791108328137
4.529212396741896,40484048355.44284,40487106523.75123,16.204443018146716,16.205667103091436,15.4069792809328,15.408139449715936
4.583837535758073,40485126982.42602,40488179405.931244,16.204874757317988,16.206096542805533,15.425877769208592,15.42703942487759
4.639121488172954,40486236871.20743,40489283826.09552,16.2053190095666,16.20653860614522,15.444338896262309,15.445501950429321
4.695072199688863,40487367000.74385,40490420907.88833,16.20577136352872,16.206993742868622,15.462373267851543,15.463537694771384
4.75169771183828,40488540136.79965,40491591828.90324,16.20624093159666,16.207462424328003,15.47999129511264,15.481157084463414
4.8090061631396015,40489762167.03696,40492797824.34339,16.206730070409385,16.207945144934857,15.49720327790475,15.498370310483182
4.867005790266854,40490988219.330215,40494040190.94953,16.207220819119815,16.20844242373218,15.514019085776436,15.515187334372985
4.925704929233514,40492268742.71478,40495320291.34156,16.20773337082997,16.20895480613223,15.530448383601225,15.531617894279632
4.9851120165906035,40493585292.398506,40496639558.752235,16.208260342691656,16.2094828658113,15.546500757065335,15.547671510894435
5.0452355906392325,40494949530.71543,40497999502.327,16.20880640275649,16.210027206831043,15.562185533449425,15.56335749329999
5.106084292657776,40496350396.652565,40499401712.892265,16.209367123662044,16.210588465947342,15.577511821259527,15.578684944730984
5.1676668681438365,40497796847.81635,40500847869.21769,16.20994609084577,16.211167315116896,15.592488503800462,15.593662768255555
5.229992168071196,40499407340.29653,40502339745.04695,16.210590718413574,16.211764464311393,15.607124861163005,15.608299672385108
5.293069150161929,40500838254.89211,40503879216.92073,16.211163466816213,16.212380664648812,15.621428872826568,15.622604176621648
5.356906880173848,40502417279.35721,40505468272.83133,16.2117954987648,16.213016711857577,15.635408272762605,15.636584616951875
5.4215145332034815,40504060555.03392,40507109021.86764,16.212453248376022,16.21367345013712,15.649071756135951,15.650249151297915
5.486901395004776,40505746995.347694,40508803704.97938,16.213128275382417,16.214351776466465,15.662427316291046,15.663605764935667
5.5530768633236836,40507501515.11377,40510554707.07193,16.213830552371217,16.215052645445386,15.67548277665482,15.676662275893252
5.620050449248863,40509313477.47597,40512364570.53981,16.21455582175612,16.21577707471141,15.688245841992085,15.689426340343113
5.687831778578659,40511177942.20159,40514236010.60065,16.21530210612325,16.216526151077527,15.700723960830747,15.701905458003266
5.756430593204574,40513123275.174065,40516171932.72041,16.216080759409774,16.217301037506914,15.71292451724965,15.714106977566015
5.825856752511429,40515116696.914,40518175452.36964,16.216878661060132,16.218102981020728,15.7248546977206,15.726038102174368
5.896120234794399,40517192428.61986,40520249917.54526,16.217709508702967,16.218933321712854,15.736521527195208,15.737705894969285
5.967231138693149,40519338986.854706,40522398934.57775,16.218568705893336,16.219793503079654,15.747931970704089,15.749117284734739
6.039199684643272,40521571212.571884,40524626397.91384,16.219462192980398,16.22068508394103,15.759092844931756,15.760279071672725
6.11203621634521,40523882180.07691,40526936524.57164,16.220387197834736,16.221609752231668,15.770010841974987,15.771197933346153
6.1857512022509145,40526271375.292404,40529333894.205215,16.221343514687952,16.2225693410376,15.780692460289211,15.781880430834466
6.2603552370684294,40528768025.36133,40531823495.98467,16.222342842211297,16.223565847360756,15.791144181358808,15.792333015155862
6.335859043284609,40531344846.55656,40534410783.75111,16.223374259619444,16.224601454195692,15.801372340718823,15.80256203402136
6.412273472706223,40534032395.06578,40537101741.40026,16.224449997556864,16.225678556700537,15.81138314096449,15.812573739000738
6.489609508019627,40536841848.93196,40539902960.82326,16.22557453022926,16.22679979339413,15.821182835073602,15.822374293198576
6.567878264369249,40539753690.3455,40542821735.449486,16.226740045294584,16.227968083598167,15.830777487464083,15.83196977956201
6.647090990955133,40542798662.25277,40545866173.75112,16.227958848150713,16.22918667286938,15.840173073529698,15.841366209973952
6.727259072649714,40545970480.91539,40549045338.06326,16.229228423622292,16.230459188564677,15.849375542018022,15.85056953532794
6.808394031634124,40549305856.78061,40552369415.82695,16.230563465703003,16.231789708384152,15.858390846231137,15.859585656835502
6.89050752905422,40552778447.14855,40555849933.25956,16.23195343027,16.23318284589637,15.867224845793581,15.868420438891782
6.973611366696582,40556429066.84018,40559500025.340576,16.23341465416378,16.234643858604844,15.875883332033565,15.877079723931317
7.057717488684729,40560253319.15549,40563334781.40199,16.234945377528852,16.236178786276607,15.884372130464808,15.88556934985275
7.142837983195795,40564291104.02692,40567371694.001526,16.236561571005705,16.237794630611493,15.892697098182637,15.893895170800594
7.228985084197899,40568534984.0244,40571631252.226395,16.23826025763386,16.239499592722282,15.90086410609366,15.902063082400291
7.3161711732084855,40573046701.60985,40576137740.724144,16.240066150905342,16.24130339296065,15.908879145467088,15.910079053003022
7.404408781073854,40577828080.413445,40580920339.47214,16.241979980759776,16.243217711119005,15.91674836532545,15.917949163202042
7.493710589770156,40582911593.428894,40586014677.63653,16.24401474507652,16.245256808389495,15.924477932499345,15.925679657007937
7.58408943422613,40588352224.83637,40591465095.43432,16.246192452228016,16.247438432713576,15.932074283036298,15.933277009923927
7.67555830416779,40594208212.541916,40597328056.62436,16.248536412946972,16.249785184690737,15.939544237440176,15.940748022346103
7.768130345985381,40600531402.985794,40603677528.00412,16.251067379670978,16.252326670815474,15.946894976410935,15.948099952494232
7.861818864622859,40607448055.45037,40610613935.15967,16.25383588986923,16.255103088171662,15.954134357132562,15.955340714265699
7.956637325490131,40615086517.95701,40618280157.08818,16.256893317064957,16.258171626557804,15.961271257924574,15.962479188904865
8.052599356398389,40623646973.13314,40626892920.09516,16.26031978782927,16.2616190344393,15.968315906541148,15.969525754419928
8.149718749518765,40633469783.675026,40636813329.46385,16.264251538238877,16.265589850473315,15.975280855415985,15.976493286851905
8.24800946336461,40645179387.52553,40648743203.752426,16.2689385104185,16.270364989718914,15.982182942293392,15.983399406748953
8.3474856247977,40660271680.50504,40660692996.90507,16.274979462633866,16.27514810183558,15.989048684385176,15.990255134912129
8.448161531058608,40685542008.80106,40667053981.06209,16.28509435014036,16.27769419614924,15.995943434412876,15.997035100771335
8.550051651821585,40690828156.63758,40667786132.073746,16.287210222561278,16.277987252299283,16.002819151788593,16.00368790940241
8.653170631274223,40680476462.155334,40667247607.11617,16.283066777174934,16.27777169833807,16.009507508246006,16.010183983057697
8.757533290222188,40700937209.78362,40666720034.350334,16.291256546541383,16.277560528181695,16.01608621363199,16.016521098483246
8.863154628219347,40703877397.58171,40666206824.06317,16.292433407739118,16.277355106856692,16.022619515873497,16.022703141811103
8.970049825723585,40691551675.32763,40665676539.18557,16.287499823474764,16.27714285113051,16.028953096864566,16.028733773223788
9.078234246278617,40697076283.18364,40665139148.77566,16.28971114365733,16.276927751291694,16.035104883664435,16.034616465573247
9.187723438722127,40697239238.647705,40664602358.20462,16.28977636941017,16.276712891548797,16.041137738961982,16.040354693172777
9.298533139420517,40683389815.6658,40664056211.24063,16.2842328974833,16.276494286747226,16.046962372138307,16.045951836848477
9.410679274530622,40684148113.268364,40663497383.46801,16.284536419260164,16.276270606231908,16.05258735260369,16.0514111345466
9.524177962288718,40703597429.54667,40662932862.40178,16.292321345673813,16.276044646877004,16.058175413347946,16.056735765162408
9.639045515327101,40679377024.297134,40662364786.36934,16.28262670808973,16.27581726458517,16.063607219534866,16.061928875410036
9.755298443018628,40691745850.160675,40661789717.04555,16.2875775453219,16.275587083107098,16.068855181871008,16.066993531129853
9.872953453849549,40682537858.062035,40661207682.62424,16.283891886665337,16.275354113727854,16.073993184513434,16.071932709456295
9.992027457820912,40693802137.014046,40660617433.25073,16.28840060982503,16.27511785617141,16.07901979046504,16.07674931116129
10.112537568878977,40690117222.47231,40660017916.82609,16.286925658822256,16.2748778893169,16.08396281999258,16.081446157383137
10.234501107374921,40710449762.33434,40659410737.86557,16.295064110805015,16.274634855399412,16.08886835804762,16.086026005117112
10.357935602554209,40703724070.464836,40658797579.60891,16.29237203589936,16.274389428164866,16.093721423301226,16.09049156163156
10.48285879507597,40693789974.20853,40658177215.95126,16.288395741451016,16.274141116843513,16.09838042676232,16.094845472139617
10.60928863956282,40696791499.49782,40657549381.31482,16.289597154044213,16.273889815133227,16.102896546783203,16.099090312139033
10.737243307181362,40692365575.224884,40656912433.30404,16.287825601035145,16.273634865636684,16.10729870691492,16.103228587023576
10.866741188253847,40703766541.21823,40656266894.060616,16.29238903555555,16.273376477350162,16.111630094152723,16.107262737579557
10.997800894901342,40676812656.227776,40655614328.87224,16.281600275261354,16.273115276807225,16.115784028417227,16.11119515669394
11.130441263718758,40699706567.684135,40654954157.90394,16.29076396068135,16.272851031918865,16.119821714826518,16.115028185173486
11.264681358482123,40686854367.71735,40654283614.31306,16.28561964457464,16.272582635208284,16.123810338286674,16.118764092436543
11.400540472888565,40684174409.821526,40653604238.515366,16.284546944911984,16.27231070325363,16.127631107112688,16.12240508844217
11.538038133329287,40717905191.3758,40652919196.88703,16.29804827567947,16.272036503451922,16.131509618192258,16.12595335315512
11.677194101695985,40682304311.94017,40652226307.33878,16.2837984057765,16.271759162384058,16.135285402777242,16.129411019407875
11.818028378221166,40685464728.2498,40651521791.4137,16.285063417258392,16.271477167657064,16.13881901665257,16.132780141194875
11.960561204352672,40674601512.306725,40650807128.197334,16.2807152265291,16.27119111130062,16.14223199130056,16.136062713094635
12.104813065662881,40657223526.549,40650085174.65846,16.27375938610749,16.270902136866056,16.145430014945635,16.139260703029215
12.250804694792999,40686789076.71487,40649354643.12075,16.28559351071767,16.27060972893857,16.148611393533745,16.142376039620114
12.39855707443289,40669318857.778305,40648612790.41184,16.27860075236538,16.270312789515817,16.15177341305822,16.14541058664261
12.548091440336803,40679502275.93675,40647860726.386566,16.282676842232423,16.270011762836457,16.154826754089758,16.14836615608089
12.699429284375467,40714389565.049225,40647100577.613335,16.296641085223076,16.269707500096402,16.158022162015573,16.151244532364473
12.852592357625056,40697788657.50806,40646330753.54808,16.289996283845046,16.269399364652784,16.16122710697328,16.15404746008249
13.007602673493352,40702948517.36568,40645551086.70581,16.292061607310487,16.26908728946683,16.164302491507797,16.15677663419632
13.164482510883603,40694643453.6597,40644761632.72,16.288737361414817,16.268771296806804,16.167289718922152,16.15943370898668
13.32325441739661,40691421587.12509,40643961931.456345,16.287447753413815,16.26845120249596,16.170151662815904,16.162020297608795
13.483941212571365,40693878582.446236,40643151878.148346,16.288431208436094,16.268126964599695,16.17294233688204,16.164537972330976
13.646565991164776,40677189472.20865,40642331605.77737,16.28175110239793,16.2677986363461,16.17559886879438,16.166988268312224
13.811152126471006,40679034752.385086,40641501175.84769,16.282489707816268,16.26746624235334,16.17812260709384,16.16937268526098
13.977723273680795,40679778421.738174,40640659814.07543,16.282787374382384,16.267129472700848,16.18059879777547,16.17169268395152
14.146303373281274,40687365985.4122,40639807178.173805,16.28582442843693,16.266788190382393,16.18305602033159,16.173949685267775
14.316916654496875,40695845005.1679,40638944101.20716,16.28921830326078,16.266442728846446,16.185531232331584,16.176145078790846
14.489587638771654,40683813787.991554,40638069995.887924,16.284402599765382,16.266092853020957,16.18793037636445,16.178280222305137
14.664341143293623,40684756866.74708,40637184601.12232,16.284780083405884,16.265738458398616,16.190220474443805,16.180356437413376
14.84120228456165,40673196938.351776,40636288486.4538,16.280153021425058,16.265379772949068,16.192405620588087,16.18237501589328
15.020196481995317,40673730270.54626,40635379339.66647,16.28036649689271,16.26501587116778,16.194487057535497,16.18433721057323
15.201349461588306,40684033024.51216,40634457933.693375,16.284490352987948,16.26464706243461,16.19657083875165,16.18624423738895
15.384687259605924,40697080610.74955,40633525829.295074,16.289712875840696,16.264273971471063,16.198716045696333,16.188097294556187
15.570236226327143,40676387908.94054,40632581630.744255,16.281430262787485,16.263896039613055,16.2007732203926,16.189897552601245
15.758023029831811,40685789175.599625,40631625300.652176,16.28519328294145,16.263513251895098,16.20272897363109,16.191646147562043
15.948074659833509,40659564546.295105,40630656271.096954,16.27469641989292,16.263125380996602,16.204557610638364,16.193344185676548
16.14041843155869,40696346014.94478,40629674586.181564,16.28941884111978,16.262732444570542,16.206394770207364,16.194992744507655
16.335081989672556,40682486302.103355,40628680685.328125,16.28387125049804,16.26233461850325,16.208295648959393,16.196592878392764
16.532093312252265,40688156660.03589,40627673921.236916,16.286140909678455,16.261931643701782,16.210113217533767,16.198145615673575
16.731480714808132,40670528716.42879,40626653760.349365,16.279085019289223,16.261523306600054,16.211830365290947,16.1996519547327
16.933272854353273,40673502114.20331,40625620518.57255,16.280275173356436,16.26110973364536,16.21343793136898,16.201112869291432
17.13749873352231,40676309411.5155,40624574163.735214,16.28139884283067,16.26069091196059,16.21503481591905,16.20252931133731
17.34418770473983,40680018994.878914,40623513428.32466,16.28288366795749,16.2602663342018,16.216624793013207,16.203902204105972
17.553369474439055,40691591492.991615,40622438685.89474,16.287515761185873,16.25983614989039,16.218249784552064,16.20523244476789
17.765074107331372,40676849239.21149,40621350460.839966,16.28161491823554,16.25940056892437,16.21982049975247,16.206520913499872
17.979332030727445,40692345691.85104,40620248074.229034,16.28781764236966,16.258959319549707,16.221358437380328,16.207768468858834
18.196174038910378,40680850446.50637,40619131178.07411,16.28321647090252,16.25851226247822,16.222878143193416,16.208975944201192
18.415631297561585,40691534542.355,40617999648.691925,16.287492965705102,16.258059348203542,16.22435862874001,16.210144150909567
18.637735348240156,40682640761.3556,40616853366.373825,16.283933075494634,16.2576005288102,16.225811971324404,16.21127387998956
18.862518112916142,40686258936.99004,40615692019.582565,16.285381313091406,16.25713567960001,16.227206222815163,16.21236590165621
19.090011898558522,40668970230.45089,40614515592.993515,16.27846120822661,16.256664794439025,16.228502028623108,16.213420966335377
19.320249401778593,40690785931.62213,40613323791.84248,16.287193321265963,16.256187755342754,16.22978971073616,16.21443980519576
19.553263713529255,40682125601.77373,40612116152.045906,16.28372687393059,16.255704376553698,16.23110839570361,16.21542312848044
19.789088323861044,40699160076.247894,40610892590.56914,16.29054521799878,16.2552146248358,16.23243627516509,16.216371627022248
20.027757126735455,40694453469.65941,40609653105.45087,16.288661317021234,16.254718499404014,16.233790529765855,16.21728597488621
20.269304424896426,40761407578.87501,40608397407.18435,16.3154608613279,16.254215884378237,16.23540988444857,16.218166828777395
20.513764934800466,40673356499.42859,40607125010.67917,16.280216888515483,16.25370658559261,16.236886436429057,16.21901482616402
20.76117379160629,40669065724.12484,40605835790.341606,16.27849943122705,16.25319055277607,16.237892545625595,16.219830586526182
21.011566554224647,40680258722.07162,40604529555.06586,16.282979622927208,16.252667709435197,16.238907985427954,16.22061471316386
21.264979210429043,40691325764.21964,40603206011.6636,16.287409398632754,16.25213793821628,16.240004910601765,16.22136779278462
21.52144818202804,40682853300.130974,40601865070.767,16.28401814782842,16.251601203348294,16.241087594569823,16.222090396387742
21.78101033010006,40705098637.1833,40600506434.68028,16.292922230086173,16.251057385673334,16.2422108052847,16.22278307960334
22.043702960291224,40680070266.83963,40599129753.01268,16.28290419044967,16.250506344941414,16.243292865716043,16.223446381823216
22.309563828177094,40680773627.793335,40597734792.390236,16.283185722879317,16.249947987740562,16.24423468389184,16.224080826895428
22.578631144689147,40701578045.55198,40596321439.84259,16.291513052180374,16.249382268852425,16.245256739682862,16.224686924618343
22.85094358160664,40661530236.42345,40594889156.406235,16.27548322148441,16.248808972547508,16.246161608609626,16.225265169609024
23.126540277114675,40669080766.52863,40593437690.84453,16.278505452210254,16.248227998263985,16.246892305725154,16.225816041027606
23.405460841429427,40687227954.41105,40591967055.838,16.285769179132974,16.247639351077453,16.24772783886454,16.22634000555843
23.687745362491093,40652246830.73495,40590476768.197205,16.271767377229587,16.247042837582956,16.248462248214295,16.226837516584236
23.9734344117255,40686924849.66513,40588966557.74914,16.285647856197563,16.246438349639057,16.249179800730005,16.22730901318028
24.26256904987534,40692921576.00589,40587436253.63597,16.288048149998005,16.245825818856943,16.25007239830079,16.22775492193101
24.555190832901552,40699334033.932915,40585885508.40535,16.290614847581516,16.245205106162782,16.251002698911268,16.22817565685171
24.851341817956033,40684279449.05807,40584314004.97217,16.284588988689528,16.244576084637757,16.25186937204841,16.228571618998842
25.15106456942623,40659132306.4958,40582721379.44525,16.27452340841105,16.243938608628106,16.25252460780449,16.228943196696957
25.454402165052805,40690700731.120255,40581107368.70531,16.2871592182863,16.243292572815765,16.253196378463453,16.22929076610034
25.76139820212097,40661929989.9922,40579471885.00187,16.275643229788653,16.24263794207709,16.253863784030457,16.229614692792865
26.072096803726463,40701410628.41072,40577814566.621414,16.291446040563798,16.241974571629964,16.254568098617266,16.22991533155812
26.38654262511724,40628119013.76206,40576134481.038734,16.262109799710245,16.241302088214987,16.25509220598458,16.230193022621357
26.70478086011153,40697533636.145256,40574431671.80893,16.28989420711829,16.240620509265845,16.255589569378344,16.23044809395994
27.02685724759327,40664305243.32231,40572706334.54608,16.27659396616026,16.239929913080466,16.2562438099895,16.230680866919226
27.35281807808605,40649590879.00951,40570957603.073845,16.270704286453288,16.23922995295674,16.256655754881955,16.23089165202164
27.68271020040616,40664542038.94997,40569184896.91315,16.276688747720186,16.238520396547838,16.25705990597341,16.23108074558156
28.016581028395926,40672229828.204575,40567388235.45754,16.279765918802934,16.237801251616364,16.257561618711023,16.231248434249792
28.354478547738374,40650158339.07483,40565567395.90844,16.27093142219359,16.237072428983325,16.257982398499564,16.23139499691452
28.696451322853907,40665730145.84584,40563721850.62224,16.27716430812671,16.2363337174502,16.258363460733655,16.231520702289686
29.042548503880234,40686191148.626,40561851263.269135,16.285354179622125,16.235584982395157,16.2589064843487,16.231625808631787
29.39281983373656,40666943081.50935,40559955245.02487,16.277649806678426,16.234826068184532,16.25944126533623,16.23171056463894
29.747315655272857,40695368493.656,40558033401.17109,16.289027571257538,16.234056816825454,16.260008245967693,16.231775209401807
30.10608691850536,40674799747.001495,40556085355.838,16.280794573406354,16.233277077869516,16.26059765390238,16.23181997269333
30.469185187939466,40858480632.8072,40554110758.53012,16.3543160360187,16.23248671102482,16.261952303080882,16.231845075399374
30.8366626499808,40709856094.88975,40552109213.55795,16.294826485106288,16.23168555790977,16.263431634131823,16.23185072963326
31.208572120435743,40642226412.93384,40550080208.20908,16.267756531084693,16.230873413302326,16.263852844376306,16.23183713817245
31.58496705210235,40660772780.52935,40548023504.91647,16.275180036615968,16.230050182112162,16.26403379488343,16.231804495440596
31.965901542452947,40701910776.97358,40545938740.998314,16.291646233706942,16.229215719169588,16.264494095344105,16.231752988405432
32.35143034140928,40631349762.87371,40543825030.31285,16.26340296311688,16.22836966978098,16.264800805835335,16.231682793668902
32.74160885921138,40674718791.359955,40541682162.85363,16.280762169505714,16.227511949887617,16.264974556386782,16.231594078470753
33.13649317438156,40671483638.09502,40539509993.70014,16.279467243260285,16.226642501482544,16.265333161691064,16.231487004407438
33.53614004178425,40652335401.79591,40537307885.0517,16.271802829334028,16.22576106927497,16.265576687317964,16.231361725521644
33.94060690078302,40669036729.04013,40535075378.99194,16.27848782544114,16.224867469975923,16.265803860204358,16.231218387016213
34.34995188349621,40668529144.352066,40532812026.60461,16.278284655859817,16.22396152389888,16.266101944891506,16.231057126354386
34.764233823151955,40676944124.674484,40530517358.00329,16.28165289778899,16.223043042963642,16.266430714125963,16.230878073385522
35.1835122625439,40636681807.265,40528190885.04717,16.26553720643045,16.222111831783387,16.266599305800877,16.230681350339598
35.60784746258914,40691359080.0247,40525832128.473854,16.287422733861973,16.22116769852501,16.266834950433825,16.230467071964007
36.03730041098919,40660957678.042305,40523440596.55054,16.275254045054716,16.220210446363932,16.26717769881027,16.23023534568324
36.4719328309954,40664532184.95274,40521015784.61992,16.276684803486766,16.219239873302307,16.267386092115196,16.229986271651924
36.91180719028024,40655593401.24574,40518557181.03019,16.27310690016149,16.218255774542612,16.267563757710555,16.229719942832787
37.356986709915475,40662803677.02305,40516064290.387665,16.275992938186953,16.21725795179493,16.26772947730667,16.229436445211647
37.807535373458514,40651047290.62737,40513536586.612305,16.271287240481637,16.216246194486597,16.267869176150743,16.229135857892935
38.26351793614863,40660409593.50792,40510973540.05826,16.275034664706965,16.215220290617662,16.267994813896827,16.228818253101103
38.724999934213855,42026480679.47025,40508374603.521225,16.821828327160397,16.214180021160114,16.2746776866134,16.22848369624308
39.19204769429011,40593982224.73714,40505739152.26926,16.248445957405735,16.213125136054142,16.280807723562397,16.228132245617214
39.66472834295417,40623454419.51129,40503066634.3312,16.26024271490006,16.21205541436371,16.280181596192634,16.22776395256336
40.143109816371364,40690784950.764656,40500356537.32789,16.287192928660733,16.21097065100017,16.280030371441637,16.2273788621595
40.62726087005974,40638168472.91594,40497608262.78998,16.266132270160643,16.209870606415777,16.27994908745564,16.22697701314612
41.11725108877194,40641897706.73207,40494821219.90881,16.267624960722227,16.20875504412911,16.2796395305697,16.22655843770706
41.61315089649633,40636115556.78924,40491994818.59097,16.265310554849364,16.207623727945034,16.279327303359505,16.226123161664436
42.11503156657874,40641971436.20366,40489128404.65189,16.26765447222292,16.20647639601483,16.279023153731043,16.22567120432698
42.62296523196612,40639081211.98452,40486221362.282166,16.266497609814856,16.205312801850084,16.278740023102753,16.22520257852536
43.13702489557402,40667484379.211945,40483273073.14348,16.277866470478955,16.20413269795016,16.27858546000902,16.224717290934436
43.65728444077888,40658707418.26869,40480282870.46536,16.274353339523554,16.20293581742861,16.278526560225675,16.224215341976187
44.18381864203688,40631653975.58636,40477250095.799866,16.263524729535202,16.201721896730202,16.278298645682433,16.22369672577927
44.71670317563108,40639017087.25801,40474174082.92913,16.266471942780083,16.200490669189684,16.277983746814716,16.223161430330286
45.25601463054789,40576155020.349625,40471054138.70445,16.241310309430663,16.199241857362253,16.277411162874046,16.222609437454224
45.80183051948482,40657315434.15431,40467889571.93624,16.273796173721713,16.19797518458728,16.276942999875562,16.22204072284285
46.35422928999115,40640212877.72437,40464679705.00995,16.266950578669057,16.196690379637776,16.27678686765172,16.221455256274
46.91329033574276,40616133572.74302,40461423798.65565,16.257312418916328,16.195387146608127,16.276438971362655,16.220853001521586
47.479094007952895,40591704391.611374,40458121054.16534,16.2475342151618,16.194065165801593,16.27586930321333,16.220233915923725
48.05172162692088,40651602196.47124,40454770772.838554,16.271509351176903,16.192724157551183,16.275483703588634,16.219597950732116
48.631255493719785,40664349873.679474,40451372241.30328,16.276611830235343,16.191363836317368,16.27545034980527,16.2189450516576
49.21777890202509,40656614514.47838,40447924644.2182,16.273515618455868,16.189983875745632,16.27544097010568,16.2182751584459
49.811376150086275,40613955745.457016,40444427193.39472,16.25644070574551,16.188583960349817,16.275191875031275,16.217588204667848
50.41213255284251,40617288679.84957,40440879097.50137,16.257774770584415,16.18716377338576,16.27476352418781,16.2168841179787
51.02013445418457,40629956260.147,40437279532.58865,16.262845189464098,16.18572298505337,16.274421453888273,16.21616282008785
51.6354692393646,40662382325.20983,40433627657.86914,16.275824284810493,16.1842612588129,16.274301862061044,16.215424226665665
52.2582253475557,40674298861.721825,40429922644.85066,16.28059408537952,16.182778263045964,16.27439477222301,16.214668247465863
52.8884922845628,40736682116.44505,40426163634.844955,16.305564065841295,16.181273654047693,16.274839209837637,16.213894786379587
53.526360635686835,40592669130.18051,40422349720.801956,16.247920368518642,16.179747068755546,16.274880202423923,16.2131037412013
54.171922078744295,40610261747.28927,40418480007.587204,16.254962118863766,16.178198148876426,16.274325391547507,16.21229500360214
54.825269397243595,40687157910.1445,40414553573.62301,16.28574114269956,16.176626525532864,16.27423343154608,16.211468459205005
55.48649649372027,40680977403.35058,40410569497.39074,16.283267287582948,16.175031829871035,16.274476589133496,16.210623987603498
56.15569840323338,40640634766.015495,40406526878.99034,16.267119446780107,16.17341370169032,16.274492424290486,16.209761462608192
56.83297130702432,40638245891.83553,40402424751.17137,16.266163258426936,16.17177175383194,16.27430635045454,16.20888075216426
57.51841254634043,40673199097.1118,40398262119.753845,16.280153885506223,16.17010558835811,16.274280150950002,16.207981718044543
58.21212063642555,40639747452.87413,40394037979.21384,16.26676428429457,16.168414802790416,16.274259747680095,16.20706421581476
58.91419528067912,40611871707.02317,40389751295.34515,16.255606533190623,16.16669898316988,16.273949200919176,16.206128094790298
59.6247373849859,40630158534.98962,40385401046.48938,16.262926153480652,16.164957720559997,16.27360185748168,16.20517319810896
60.34384907221895,40588406678.80827,40380986190.253136,16.246214248375402,16.163190597724714,16.273149776823935,16.20419936283753
61.07163369691718,40595879279.229095,40376505646.05137,16.24920528639249,16.161397182141116,16.2725472698487,16.203206419835766
61.808195860139854,40672177225.4597,40371958310.27034,16.279744863641294,16.159577032068643,16.27235819360642,16.202194193613533
62.553641424500675,40803454994.205666,40367343068.26214,16.33229106911255,16.157729701350128,16.27315938497952,16.201162502320145
63.308077529382736,40617215367.21243,40362658793.07533,16.257745425928945,16.1558547389037,16.27367196734957,16.200111157784328
64.07161260633724,40594151328.48095,40357904321.29471,16.248513644114258,16.153951679052224,16.273184624845285,16.199039965432046
64.84435639466776,40622600748.51761,40353078460.84571,16.259901018268042,16.152020044647166,16.27273582736686,16.19794872412965
65.62641995720267,40582366036.62026,40348180001.216415,16.243796376494874,16.150059351160124,16.272239830341977,16.19683722611626
66.41791569625771,40614394728.57491,40343207746.84612,16.256616416357687,16.148069120047175,16.271718729158934,16.195705257145185
67.21895736979077,40620883840.38394,40338160453.07549,16.25921379598792,16.146048853111814,16.27139188105408,16.194552596473876
68.02966010775216,40554123452.762726,40333036821.06138,16.232491792111748,16.143998030469533,16.27078491694182,16.19337901652794
68.85014042863149,40614609661.84986,40327835555.33372,16.256702447131488,16.141916133585944,16.27016620025906,16.192184282823717
69.68051625620426,40628008360.78818,40322555324.32192,16.262065508936892,16.13980262947682,16.26991113092689,16.1909681539757
70.52090693648064,40609094156.47978,40317194771.43532,16.254494770376905,16.13765697514319,16.26963503435598,16.18973038157052
71.37143325485853,40611468797.32418,40311752556.00249,16.255445261590477,16.13547863395805,16.26928766131325,16.188470710291487
72.23221745348323,40598350899.4395,40306227297.01175,16.25019459528053,16.13326705314751,16.268897138416232,16.187188877964765
73.10338324881701,40673577654.62064,40300617543.522446,16.280305409719595,16.131021651947385,16.268812869295044,16.1858846151981
73.98505584942022,40725330529.79114,40294921837.53651,16.301020396258554,16.12874184676864,16.26933200659561,16.184557645188622
74.87736197394675,40698849228.57514,40289138706.95047,16.290420795822516,16.126427048376318,16.269956446873376,16.183207683797875
75.78042986935695,40598851378.01682,40283266630.83209,16.25039492051769,16.124076647990886,16.26996429952697,16.1818344394262
76.69438932934987,40490702306.27415,40277304054.16425,16.207106377456654,16.121690023189753,16.268984800621187,16.18043761279682
77.61937171301778,40572132741.83014,40271249424.56361,16.239700322640314,16.119266552604543,16.2679072088471,16.17901689698957
78.55550996372601,40568046608.68029,40265101145.787094,16.238064776925867,16.116805597311263,16.26721944658981,16.17757197742528
79.50293862822011,40669114606.42023,40258857563.43416,16.278518997214206,16.11430649510738,16.267010809228875,16.176102531563043
80.4617938759637,40576906889.891426,40252517026.6136,16.24161125826464,16.111768585195033,16.26684363292183,16.174608228831506
81.43221351870939,40630491420.36467,40246077842.015396,16.26305939662976,16.109191189797496,16.266501428149546,16.173088730633314
82.41433703030589,40564375883.28991,40239538259.4353,16.236595505377196,16.106573608365146,16.266104512684745,16.171543690063984
83.40830556674398,40522023186.03012,40232896522.961,16.21964310320176,16.1039151380636,16.26520337138287,16.169972751813294
84.41426198644395,40573291169.004105,40226150844.70836,16.240164003223008,16.101215063261197,16.2643685126212,16.16837555218506
85.4323508707883,40591581599.62681,40219299384.1276,16.24748506553873,16.098472647245952,16.263882308847162,16.166751718893916
86.46271854490156,40565842336.24559,40212340264.01671,16.237182478625286,16.09568713863517,16.263371053894097,16.165100870845727
87.50551309868081,40538431425.83934,40205271577.98866,16.22621078597603,16.09285777436436,16.262619851094843,16.163422618034357
88.56088440808018,40540390771.41612,40198091376.65344,16.22699504805064,16.08998377415633,16.261766601148718,16.16171656141013
89.62898415665175,40516291819.937485,40190797638.46772,16.217349024446378,16.08706432885328,16.260827850109386,16.15998229254724
90.70996585734608,40536310637.56249,40183388320.974075,16.225361903658627,16.084098620926174,16.259893247598313,16.158219393426066
91.80398487457624,40425716261.363205,40175861414.58349,16.181094585046754,16.081085846002125,16.258547608991975,16.156427436718666
92.91119844654749,40522539976.2744,40168214846.889595,16.21984995746674,16.07802517456452,16.25717445216865,16.154605985864603
94.03176570785615,40588607913.45643,40160446437.694664,16.246294796036068,16.074915733951375,16.256605308611956,16.15275459447944
95.16584771236167,40484177740.92321,40152553969.67209,16.20449480693092,16.071756636639233,16.255862907774464,16.150872805902356
96.31360745633391,40482625109.156235,40144535204.91167,16.20387333911784,16.06854698686569,16.254638499553266,16.148960153166446
97.47520990187972,40567735535.83605,40136387866.096954,16.237940264620804,16.065285873095313,16.25384175422534,16.147016158957907
98.65082200065248,40554871555.17741,40128109627.41171,16.23279123308771,16.061972364379784,16.253403658975135,16.145040335444108
99.84061271784705,40584908675.28014,40119698101.112915,16.244814111749957,16.058605504983515,16.25305858916963,16.143032183998816
101.04475305648423,40588517917.94721,40111150859.42891,16.24625877377149,16.055184323148765,16.252880478637678,16.14099119497514
102.26341608198875,40438737116.19236,40102465436.97736,16.186306408189395,16.051707832063464,16.252009152180314,16.13891684759854
103.49677694706244,40588288159.831856,40093639306.45133,16.24616680909801,16.04817502012914,16.25116588705971,16.136808609757846
104.74501291685849,40524723551.00045,40084669890.8363,16.22072397115019,16.04458485585101,16.25074425016916,16.134665937744874
106.00830339445916,40592074765.542816,40075554559.535934,16.247682463756277,16.04093628628723,16.250354277719918,16.132488276039318
107.28682994666,40495936872.034424,40066290619.71268,16.20920160325627,16.037228233582827,16.2498324050524,16.130275057039167
108.58077633006585,40439412806.881355,40056875325.08323,16.18657686511533,16.03345959849025,16.248600171865384,16.128025700798688
109.89032851750162,40486309489.43758,40047305892.30667,16.20534807627362,16.029629266928982,16.247354423384184,16.125739614892193
111.21567472474072,40532427045.50906,40037579469.86955,16.223807428533437,16.025736097531276,16.24657919611271,16.12341619420986
112.5570054375567,40566925125.43248,40027693134.29408,16.237615883790838,16.0217789201244,16.24620424617747,16.121054820593706
113.91451343910114,40482332641.65052,40017643915.62382,16.203756273922448,16.017756545931743,16.245597270875198,16.11865486258583
115.28839383761098,40466631886.57382,40007428781.725975,16.197471774191875,16.013667761289533,16.244531091005523,16.116215675227878
116.67884409445062,40425307300.65576,39997044623.49838,16.18093089142545,16.009511321725654,16.243219055494993,16.113736599720692
118.08606405249265,40483599611.14744,39986488272.905014,16.204263400453822,16.00528595917871,16.242021388605888,16.11121696310838
119.51025596483952,40630940680.730446,39975756521.990875,16.263239220888778,16.00099038960903,16.241829643310194,16.10865607814551
120.95162452389278,40538676204.50151,39964846064.888084,16.226308762884077,15.996623289785616,16.24189677790397,16.1060532429805
122.410376890773,40678713012.01778,39953753509.0506,16.282360925649947,15.992183301783033,16.24219543801334,16.103407740626714
123.88672272509324,40427035633.71187,39942475451.67349,16.181622686729074,15.987669063569548,16.24194654266607,16.10071883886361
125.38087421509283,40513079404.27141,39931008392.24834,16.21606319931954,15.983079174005905,16.240927786733398,16.09798579008323
126.89304610813464,40512509694.64671,39919348722.22113,16.215835163154054,15.978412188705734,16.240335982668988,16.095207830678934
128.42345574156886,40401567748.11487,39907492794.2957,16.17142872348395,15.973666647775437,16.2392263272476,16.0923841807304
129.97232307397022,40445640639.19835,39895436870.73146,16.189069663093964,15.96884105511947,16.237830306000596,16.089514043776074
131.53987071675215,40458734938.34864,39883177121.8362,16.194310883600878,15.963933877837054,16.236737538202366,16.086596606340258
133.12632396616075,40438209800.308846,39870709649.702324,16.186095340854628,15.958943555723023,16.235634471005916,16.083631037577383
134.731910835656,40298164581.03735,39858030486.18367,16.13003981113773,15.953868500457999,16.233792792135365,16.080616489027
136.3568620886835,40385929827.446945,39845135572.43605,16.16516937431608,15.948707087419148,16.23175333384575,16.077552094267478
138.00141127184006,40468470919.457375,39832020747.67029,16.198207879022807,15.943457651178386,16.230569557264833,16.074436968427747
139.66579474844085,40390093271.37422,39818681768.85114,16.166835865011045,15.938118493387217,16.229428993993093,16.071270207751645
141.35025173249107,40360703926.41402,39805114301.6394,16.155072269592743,15.932687879151134,16.227805865130268,16.06805088922218
143.05502432306622,40417204572.3057,39791313920.48349,16.177687633767835,15.927164037066316,16.226352181129467,16.064778070152464
144.78035753910876,40342091997.31595,39777276115.00757,16.14762252193215,15.921545161776542,16.224840947932545,16.06145078781719
146.5264993546428,40433050807.888794,39762996262.31424,16.184030364596133,15.915829402886894,16.223445373874267,16.05806805899089
148.2937007344144,40266130483.88632,39748469639.63702,16.11721760775125,15.910014870028114,16.221715360735125,16.054628879426975
150.0822156699622,40353737382.77031,39733691434.61933,16.152283789584107,15.904099636970958,16.219657502154885,16.051132223457643
151.8923012161215,40390674797.144135,39718656719.604126,16.16706863079374,15.898081731335164,16.218237487806498,16.04757704352921
153.72421752796987,40354592886.584045,39703360458.86176,16.152626219834158,15.89195913748254,16.21685309721434,16.043962269661694
155.57822789821867,40218932670.33865,39687797517.796295,16.098325863687034,15.885729800201942,16.21468435555295,16.04028680899921
157.45459879505376,40244485814.74138,39671962647.135956,16.10855395324895,15.879391618381232,16.212049501748027,16.036549545338925
159.35359990043426,40272151629.076065,39655850473.694916,16.11962767561982,15.872942441309524,16.209729471416953,16.032749338552705
161.2755041488532,40371495388.51158,39639455502.938705,16.15939173959997,15.86638006970403,16.208068663026594,16.028885023991066
163.22058776656405,40340995109.51869,39622772129.150925,16.147183473553095,15.859702259779466,16.206769934885493,16.02495541196187
165.189130311282,40177354338.07161,39605794627.59006,16.081683414540265,15.852906720108678,16.204577667233483,16.020959287231882
167.1814147123639,40324426496.223885,39588517132.59753,16.14055159850769,15.84599110286001,16.2023676087557,16.016895408398764
169.1977273114714,40281554036.818726,39570933657.95026,16.12339115251229,15.838953011943778,16.200698577491522,16.012762507271777
171.23835790372596,40099797837.79325,39553038103.18385,16.050640079189673,15.831790005543226,16.19800005887157,16.008559288393304
173.30359977936027,40193055874.00218,39534824214.03023,16.08796822682115,15.824499580278998,16.19495367304642,16.004284428412827
175.3937497658705,40290389399.24786,39516285578.377975,16.126927659676067,15.81707916959221,16.192883272048434,15.9999365752699
177.5091082706783,40145273006.13223,39497415665.388916,16.068842304609912,15.809526159401532,16.190628468102727,15.995514347564125
179.64997932430765,40154181420.17198,39478207808.319084,16.07240805194876,15.801837881226977,16.18778562856818,15.991016334042428
181.81667062408056,40211665123.57535,39458655170.54906,16.0954169019554,15.794011598592961,16.185326321460582,15.986441092855468
184.00949357834142,40208207538.85161,39438750760.462036,16.09403294365794,15.78604451298351,16.183179713892972,15.981787150742573
186.22876335121506,40187167602.22248,39418487438.005905,16.085611343841176,15.777933766468838,16.180967307972963,15.977053002337364
188.4747989079024,40115062568.32172,39397857908.51728,16.05675005252693,15.769676439233317,16.178364217351888,15.972237109491342
190.74792306052458,40162390118.75069,39376854708.73311,16.07569372602967,15.76126954397637,16.175708710000333,15.967337900517615
193.04846251451977,40133119833.12478,39355470193.87224,16.063977786176384,15.752710020741656,16.173199558319634,15.962353769325045
195.37674791559772,40096939609.15997,39333696549.08044,16.049496023570182,15.74399474149813,16.17043932131178,15.957283074566572
197.73311389726268,40183277524.39418,39311525800.905106,16.08405427267202,15.735120514732996,16.16798578535684,15.952124138916444
200.11789912890913,40128052583.75737,39288949784.8843,16.06194953166705,15.726084072478654,16.16573387758117,15.946875248264002
202.53144636449608,39990801546.20977,39265960144.41411,16.007012421682532,15.716882069859349,16.162620360555326,15.941534650768407
204.97410249181,39990912396.23291,39242548346.71183,16.007056791328267,15.707511091480702,16.158934258715746,15.936100556006634
207.44621858232193,40115452621.144135,39218705645.279144,16.056906177939076,15.697967636404952,16.155930059888956,15.930571134037745
209.94814994164432,40106829135.82081,39194423086.52248,16.05345447826436,15.688248120800868,16.15354287332273,15.924944514344082
212.48025616059775,40061317078.98484,39169691529.71296,16.035237487582943,15.678348885933069,16.15095451002157,15.91921878492388
215.04290116689413,40044880081.81009,39144501620.10346,16.028658294173997,15.668266187401649,16.148134563044962,15.913391991371286
217.63645327744084,40034315474.29127,39118843794.57684,16.024429626649326,15.657996197402989,16.145253563776574,15.907462135878358
220.26128525127794,39970706738.222305,39092708264.23686,15.998969126008776,15.647534997761468,16.142087618177587,15.901427176204338
222.91777434315375,39962053458.8758,39066084996.51141,15.99550550075916,15.636878572765971,16.13865560925621,15.895285024501883
225.60630235774448,39916342300.59652,39038963734.52367,15.977208816269341,15.626022816923518,16.135046087186023,15.889033546179192
228.32725570452996,40031976300.51027,39011333981.41377,16.023493331743467,15.61496352868377,16.1318582077293,15.882670558805582
231.08102545333108,39829962053.89079,38983184997.75594,15.9426336232613,15.603696409405154,16.128327252702487,15.876193830956774
233.86800739051486,40032700539.21272,38954505801.11172,16.02378322085442,15.59221706317606,16.12489488999218,15.869601081073267
236.68860207588085,39947012571.9972,38925285142.104965,15.98948512472792,15.580520987238437,16.122090646551833,15.862889976229487
239.54321490022994,39853060944.9956,38895511503.09784,15.951879355343324,15.568603571457835,16.118500840156365,15.85605813081306
242.4322561436301,39973038717.108475,38865173088.48665,15.9999025410331,15.556460094439142,16.115125566511104,15.849103105182804
245.35614103438468,39962527650.42061,38834257813.20141,15.995695304155305,15.544085718923343,16.1123455895783,15.842022404257984
248.31528980870976,39910272502.15361,38802753327.00451,15.974779274091738,15.531475501513478,16.109332681265297,15.83481347620262
251.31012777113347,39909502147.947174,38770647010.06377,15.97447092644991,15.518624390902676,16.106141195669263,15.82747371123442
254.3410853556237,39850107106.4893,38737925919.52936,15.9506970302127,15.505527206490655,16.10273838014763,15.820000440186238
257.408598187451,39758550234.25781,38704576787.53083,15.914049802989549,15.49217863758198,16.098699527049046,15.812390932840243
260.5131071457995,39719214757.14935,38670586034.015976,15.898305095548254,15.47857324852505,16.094137216466038,15.80464239635338
263.6550584271334,39769722128.31229,38635939750.625565,15.91852154749052,15.464705472257684,16.089738520469837,15.796751973703726
266.8349036093247,39750372742.410324,38600623699.81406,15.91077661994445,15.450569609955165,16.085589788389264,15.78871674209345
270.05309971655794,39803592148.74117,38564623291.74582,15.932078611034278,15.436159821782551,16.081702005260887,15.780533711275273
273.31010928501604,39663059536.746124,38527923584.64998,15.875827993920318,15.421470127036713,16.077486826200378,15.772199821811373
276.6064004293574,39650300056.16522,38490509284.05557,15.870720790357101,15.406494403840188,16.072648305482403,15.763711943371561
279.9424469099964,39725897121.0047,38452364711.52452,15.900979827664218,15.39122637662601,16.068224875185084,15.755066872919027
283.3187282011958,39628504139.08349,38413473803.55839,15.861996596242959,15.375659615700124,16.063797981346973,15.746261332786522
286.7357295599775,39734380096.34593,38373820097.38112,15.90437528577983,15.359787531550676,16.059521967993774,15.737291968725097
290.1939420958668,39591191071.84973,38333386725.20651,15.847061393456096,15.343603372553474,16.055163261409316,15.728155347904764
293.69386284147885,39409174864.1205,38292156416.65695,15.774206247136942,15.327100225940121,16.049364748104004,15.718847956947007
297.2359948239523,39487566667.851135,38250111466.61606,15.805583927192302,15.310271004930486,16.043219675434006,15.709366199862016
300.8208471372484,39369782319.809586,38207233718.5198,15.758438697557375,15.29310844204468,16.037027834180066,15.699706395803515
304.44893501532135,39385256659.80037,38163504569.66175,15.764632570720023,15.275605091226579,16.03050137067253,15.689864776823397
308.1207799061689,39257430151.18477,38118904956.85433,15.713467792017951,15.257753322104481,16.023592737321273,15.679837485636103
311.836909546778,39433128666.97197,38073415315.469086,15.783794172483898,15.239545303596271,16.017083394814467,15.669620573173086
315.5978580389755,39385842418.907364,38027015591.18405,15.764867030969361,15.220973008611512,16.01133080270713,15.659209996058115
319.4041659261899,39153876394.05439,37979685252.09996,15.672018603389349,15.202028218901157,16.004385169281353,15.64860161425564
323.2563802711419,39159218981.97466,37931403237.18811,15.674157066933395,15.18270250442292,15.996536294304642,15.637791188586007
327.15505473447257,39292426823.33694,37882147918.46376,15.727475817468754,15.162987208200525,15.989533947676724,15.626774377876176
331.100749654316,39105549938.33458,37831897129.96819,15.652675100706388,15.142873457924265,15.982433928773718,15.615546736137885
335.0940321268354,39383189765.83689,37780628134.496025,15.763805260536968,15.12235215263305,15.97594567904949,15.604103709790605
339.13547608772984,39324980364.38797,37728317583.76951,15.740505937291973,15.101413946773464,15.970642037100289,15.592440634603411
343.2256623947215,38940361187.851105,37674941549.55877,15.586555436216647,15.080049262656187,15.963355088073993,15.580552732670153
347.36517891104063,38685251507.80971,37620475504.09357,15.484443358953191,15.058248282615464,15.95321117036725,15.568435109509428
351.5546205899174,39187161350.16121,37564894243.39637,15.685341484783496,15.036000918321834,15.944499305002436,15.55608275077533
355.79458956008955,38725374564.660126,37508171905.379234,15.50050330885588,15.013296818025719,15.93615669410539,15.54349051877104
360.08569521234466,38978993284.77328,37450281961.30047,15.602018603530118,14.99012536313781,15.927045033387026,15.530653149089598
364.428554287106,38988857032.957504,37391197152.652916,15.605966739941609,14.966475642967504,15.919391625063565,15.51756524699294
368.82379096307136,38774033626.374344,37330889508.56942,15.519979942861,14.942336461689743,15.910941332383434,15.504221283662288
373.2720369469261,39009842462.35958,37269330321.30435,15.614366522294688,14.917696328531072,15.90280355284106,15.490615592502468
377.7739315641329,38852055093.87868,37206490101.24808,15.55120938941402,14.892543439763395,15.895217326013206,15.476742365203666
382.3301218508199,38996425955.07105,37142338549.54567,15.608996332388019,14.866865667744145,15.88775580355915,15.462595647553806
386.94126264677766,38884009665.2882,37076844553.033455,15.563999761242169,14.840650558889543,15.88061527305424,15.448169335196996
391.60801668957356,38890196408.918884,37009976151.12676,15.566476112760949,14.81388532042085,15.873143595318464,15.4334571693106
396.33105470980524,38568112713.73577,36941700513.79456,15.437556523498397,14.78655681154833,15.864341771757351,15.418452732123676
401.11105552750286,38570650804.38852,36871983914.39971,15.438572438334688,14.758651532600085,15.85424257189714,15.403149442308152
405.94870614969005,38497624476.5032,36800791673.71156,15.409342383112627,14.73015560261214,15.8440462707618,15.387540550084202
410.84470186912574,38533022047.93617,36728088143.09347,15.423510875458804,14.701054752598937,15.833916202127853,15.37161913209746
415.7997463642362,38317856303.64428,36653836700.030266,15.337387051768472,14.671334323763142,15.823166636273523,15.355378086317064
420.81455180024926,38484939144.02995,36577999660.91998,15.404264858616456,14.640979232589007,15.812454624655803,15.338810126617513
425.88983893155137,38493255592.3327,36500538254.6181,15.407593661394579,14.609973960253006,15.80282354750976,15.321907776951623
431.02633720527984,38262910784.737236,36421412664.528534,15.315394154160641,14.578302569471475,15.79236111168357,15.304663365737731
436.22478486616023,38242409687.8074,36340581916.31759,15.307188234285924,14.54594865955618,15.780963121619575,15.287069020042527
441.48592906261183,38177579584.4747,36258003825.20743,15.281238860199325,14.51289534531761,15.769429310420989,15.269116659121183
446.81052595413337,38162892218.30165,36173634977.675644,15.275359986966384,14.47912524973991,15.757793146911395,15.25079798777477
452.1993408199794,37921473333.14625,36087430692.489075,15.178727887981173,14.444620488383997,15.745211886688612,15.232104489592947
457.65314816915196,37868608894.634964,35999345010.71218,15.157567978922147,14.40936266538823,15.731538706286804,15.213027420125433
463.17273185171797,37969837742.81861,35909330576.90821,15.198086582392394,14.373332825917123,15.718423168622696,15.1935577996015
468.7588851714661,37666556276.31369,35817338630.60303,15.076692911500333,14.336511452744586,15.704648827183503,15.17368640522132
474.41241099992544,37886563569.128876,35723318987.10974,15.164754649019748,14.29887845857866,15.690820850613276,15.153403763498282
480.1341218917604,37573515601.1008,35627219881.94494,15.039451766380159,14.260413123786405,15.676864178640775,15.13270014195017
485.9248402015522,41505376191.06192,35528987872.194214,16.613247211092787,14.221094056913746,15.680517502534316,15.111565539783482
491.7853982019932,37655718667.471855,35428568012.56053,15.072354970457761,14.180899265151881,15.68425287819863,15.089989679173291
497.7166382035078,37079820745.63387,35325903723.049995,14.84184183163433,14.13980610137622,15.667008919252947,15.067961996948315
503.71941267531,37578388763.93601,35220936497.973564,15.041402334386303,14.097791147669266,15.649837376808103,15.045471634461338
509.79458436792675,37106468868.21541,35113606003.3102,14.852508205217372,14.05483025429191,15.633171428965838,15.02250742679249
515.9430264371982,36817060771.34534,35003850067.32321,14.736667591315653,14.010898535927447,15.613295658767196,14.99905789262249
522.1656225697697,36882098275.425415,34891604520.75972,14.762699981151153,13.965970307718662,15.592836996225675,14.975111223539336
528.4632671101007,37202476656.80931,34776803061.86994,14.890936988967182,13.92001903123943,15.574697752261763,14.950655272201288
534.8368651890073,36961962427.82384,34659377207.909424,14.794666994315707,13.873017295082661,15.557350995929045,14.925677539912849
541.2873328537482,36554373818.23955,34539256256.50881,14.631522578992769,13.82493679939787,15.5373374709553,14.900165164082173
547.8155971996863,36802663605.78173,34416367169.08902,14.730904875913529,13.775748309226076,15.517061423896326,14.87410490523757
554.4225965035367,36918069274.80711,34290634405.98265,14.777097997986546,13.725421588504298,15.49898644703647,14.84748313301553
561.1092803582181,36523571662.550156,34161979908.604446,14.619193481558575,13.67392539292896,15.48000188507868,14.820285811618715
567.8766098093348,36433960908.66551,34030322929.12379,14.583325221981672,13.621227401779347,15.459180354767604,14.792498484721923
574.7255574933044,36162400823.5178,33895579770.15112,14.474628584551944,13.56729411372259,15.437134451925482,14.764106258691196
581.6571077771479,36184788511.185684,33757663891.84979,14.483589645114296,13.512090889687041,15.414437753250356,14.735093785484574
588.6722568999686,35561332281.65349,33616485976.651367,14.234040468187557,13.455581978765684,15.38941044259597,14.70544524677144
595.7720131161401,36047811683.040565,33471953268.616512,14.428762292202451,13.397730253783878,15.364358140689829,14.675144335581905
602.9573968402125,36406004331.00119,33323969497.776733,14.572135116541466,13.338497181015816,15.343900760235899,14.644174234916461
610.229440793577,35179201937.58831,33172435064.659172,14.081086165506598,13.277842894043783,15.319764468952295,14.612517597385898
617.5891901528903,35842420030.2218,33017246544.77523,14.346550718268858,13.215725995421124,15.293581477729926,14.580156523839818
625.0377027002941,35379332177.575615,32858296644.774494,14.161191767634364,13.152103539122093,15.268935719685507,14.547072539956849
632.5760489754474,35399581822.988205,32695474049.095352,14.169297039674971,13.086930969161099,15.242787872481324,14.51324657245141
640.2053124293863,35221843489.523575,32528663081.498894,14.098154186779412,13.020161984115774,15.216507150905421,14.478658923506952
647.9265895802449,34624809783.45018,32357743559.62508,13.859181083471215,12.951748478910563,15.187163548629625,14.443289243525932
655.7409901708554,34895654237.15952,32182590406.417774,13.967591276996835,12.88164038928284,15.15699318069281,14.407116501986405
663.6496373282415,34000016828.577293,32003073533.58253,13.60909685902591,12.809785645134864,15.124541978173214,14.370118956601816
671.6536677250424,34063346567.507122,31819057745.580334,13.63444568621909,12.736130132105618,15.088940450335702,14.332274122204195
679.7542317428836,34449807946.031815,31630401994.89004,13.789133560614337,12.660617393476663,15.05632426614785,14.293558736359731
687.9524936377117,34351928196.29705,31436959130.304085,13.749955491927087,12.583188529423131,15.025835369066652,14.253948721088346
696.249631707129,33990594294.65342,31238575931.915195,13.605325326280088,12.503782211017766,14.993883947737238,14.213419144470747
704.6468384597479,32957700993.913166,31035092517.598156,13.19189185518256,12.422334442664948,14.95605966284335,14.171944180498958
713.145320786579,34850828430.843765,30826341856.278744,13.949648969997083,12.338778367278133,14.923293486535615,14.129497064759056
721.746300134495,33240910388.46903,30612149333.93789,13.305251330894857,12.253044092565489,14.89254688225513,14.086050046799711
730.451012681785,34225619859.75156,30392332187.945053,13.699398387946326,12.165058464612011,14.859638021143109,14.041574338885486
739.2607095158205,32957601308.151344,30166699085.87222,13.191851954226188,12.074744899292517,14.82610148686313,13.996040061289296
748.176656812871,33354730897.4995,29935049618.81357,13.350809965166984,11.982023179464036,14.789277477268543,13.949416184478958
757.2001360200866,32746973442.94665,29697173619.496666,13.107544495402484,11.886809182028003,14.752298636684138,13.901670467032849
766.3324440396711,36301144987.935455,29452850185.36118,14.530163344481753,11.789014486900529,14.730284675463446,13.852769387152804
775.5748934152812,48881849771.68857,29201847427.360096,19.56580879195699,11.688546276465754,14.785552732203477,13.802678069997082
784.9288125206746,32700976401.120678,28943921556.865997,13.089133381061147,11.585306970094221,14.821623653290441,13.751360211195522
794.3955457506266,31707268612.341736,28678815689.628544,12.691384591251888,11.479193745406105,14.77583792479761,13.698777992168305
803.9764537141556,31754076124.673653,28406258721.56169,12.71012011048021,11.37009808828553,14.726676763778572,13.644891986451372
813.6729134300795,30350887993.576637,28125964408.65895,12.14846970648734,11.25790542460069,14.672207794937028,13.589661058553924
823.4863185249237,31487379220.119427,27837630589.277977,12.603370045491118,11.142494808909746,14.61783692487908,13.533042257166048
833.4180794332223,29696342193.439026,27540937171.95665,11.886476389317734,11.023738119049298,14.561567448024165,13.474990697632972
843.4696236002361,31045480291.35089,27235544477.856453,12.426492329405516,10.901499392668574,14.504625069408695,13.41545942982359
853.6423956871075,29384672739.350113,26921091838.12356,11.761725280808555,10.77563426579886,14.447468421995064,13.354399294626786
863.9378577784973,29390926412.479225,26597196808.373737,11.764228422020746,10.645989658437445,14.383868189563657,13.291758773489812
874.3574895927261,29588401114.460484,26263451304.255264,11.843271098970582,10.512402227739612,14.322746178454663,13.227483819386137
884.9027886944416,29498619116.065292,25919418852.278587,11.807334295806116,10.374697267615488,14.26357472057671,13.161517660460994
895.5752707098593,29478944444.78486,25564633503.301464,11.799459167141478,10.232688273833617,14.205288141458126,13.093800590189222
906.3764695445994,28420985515.56261,25198595743.777077,11.375992743190906,10.086175307427045,14.143243339426009,13.024269737880612
917.307937604142,28569719846.028206,24820768963.593754,11.435526240476335,9.93494358088487,14.07839167461614,12.952858808503533
928.3712460169497,27277416778.90686,24430575687.104485,10.918259507923175,9.778761949556385,14.009613245578974,12.879497794047335
939.5679848602816,30011937419.648796,24027391867.040176,12.012798856256191,9.617380627690821,13.949417059714852,12.804112646741755
950.8997633887208,26498074588.110687,23610542181.02195,10.606314269356233,9.450529305784755,13.886774170343168,12.726624910689747
962.368210265473,26389190134.820652,23179293904.991817,10.562731377067172,9.27791469831641,13.80853483070478,12.646951310835961
973.9749737964391,26838348299.33143,22732848693.12799,10.742514728253978,9.099217253514075,13.733778397788491,12.565003283588922
985.7217221671224,26245067771.578194,22270331532.102303,10.505043899710696,8.914086732105927,13.660080091114265,12.48068642713383
997.6101436823909,25021709928.048523,21790780579.48333,10.015373689552126,8.722138139964516,13.57949628515451,12.393899864238396
1009.6419470091245,23375017775.466976,21293144866.323517,9.356256574567514,8.52295080852737,13.487201208049115,12.30453556130388
1021.8188614217956,24967643132.53078,20776260214.63561,9.99373251623248,8.316058755348967,13.396928473683142,12.212477537848603
1034.1426370510137,22722843095.118534,20238823206.218678,9.095212339248011,8.100940264671527,13.30559309403557,12.117600857049501
1046.6150451350566,20916032504.774624,19679378236.01865,8.372005040443478,7.877012705307855,13.197223248039423,12.019770455757254
1059.2378782744452,21537672449.715717,19096290411.979454,8.620827217938173,7.643621683336408,13.085870381543032,11.918839811945212
1072.0129506895892,19741585605.88216,18487713892.728523,7.901912284801775,7.400028368710354,12.971518278969603,11.814649364975535
1084.9420984815295,19958648948.736023,17851541053.83793,7.988795655252324,7.145389148171302,12.852445619626002,11.707024581590122
1098.027179895836,21041049234.617775,17185338114.21772,8.422045156423776,6.878729858595927,12.742380038218357,11.595773521078257
1111.270075589688,20718001021.21322,16486294765.940569,8.292739502002373,6.598925625459033,12.638482649367736,11.48068391446729
1124.6726889021647,19704667688.273117,15751106893.27159,7.887135247510643,6.304653919089645,12.530690670110642,11.361519516088787
1138.2369461278074,17663889948.49553,14975837795.795727,7.070278536280029,5.994339006819054,12.410942130117151,11.238015326866881
1151.9647967934795,16391101023.9225,14155758371.130781,6.5608226779802505,5.6660879833378255,12.278341115413484,11.109871514385821
1165.8582139385567,14133394054.315672,13285080776.835857,5.657136277364934,5.317584164251948,12.13211372852619,10.976745453348165
1179.919194398505,15170504992.074253,12356569822.51791,6.072257930882725,4.945931539028577,11.983656887137144,10.83824084569084
1194.1497590918812,13197162984.255934,11360948618.42021,5.282393541821247,4.547416871527674,11.834192529405785,10.693892431891376
1208.5519533107824,10663731509.997562,10286016736.207865,4.26834362258979,4.11715672855071,11.666884351893243,10.54314405692511
1223.1278470148095,16722798859.22168,9115135676.97017,6.693590493692671,3.648491262121545,11.520501107007705,10.385315875442842
1237.879535128577,9177157450.807037,7824449472.819633,3.673316553584492,3.131871707035632,11.370150648954073,10.219551938188554
1252.8091378427982,16081013508.975166,6377369855.945097,6.4367047680695135,2.552652974055031,11.220729897302826,10.044729615147554
1267.918800919016,10853873563.900797,4710111463.578978,4.344451279876839,1.8853038646374347,11.08245460116026,9.859276176353848
1283.210695998004,7461541240.034578,2697267843.0433135,2.9866113880243024,1.0796282694736636,10.906637998566573,9.660757343533897
1298.6870209118815,0.0,0.0,0.0,0.0,10.683407239602412,9.444589213336274
1314.35,0.0,0.0,0.0,0.0,10.430298200296981,9.220829990383452
