R_kpc,Sigma_bar,Sigma_eff,kappa_bar,kappa_eff,kappa_bar_mean,kappa_eff_mean
1.0,40445504725.87253,40448571869.011955,18.870190615878972,18.871621617323495,0.0,0.0
1.0120606264911474,40445551300.650696,40448616204.44667,18.870212345733695,18.871642302393685,0.4470688496349773,0.4471027401698956
1.0242667116936537,40445605797.04506,40448661624.08236,18.870237771485122,18.87166349330696,0.8835463968944063,0.8836133122684421
1.0366200099307066,40445638362.935074,40448708154.464874,18.87025296537518,18.87168520244852,1.3096834902752004,1.3097826758476658
1.0491222966837304,40445686788.26279,40448755823.08387,18.87027555861937,18.87170744264389,1.7257250813360505,1.7258558450772987
1.0617753688475675,40445736551.43354,40448804658.01511,18.870298776045487,18.871730226992046,2.1319104451613287,2.132072029609963
1.0745810449887383,40445787880.88386,40448854688.13766,18.870322724232516,18.871753568966774,2.528473109473592,2.5286647721082725
1.0875411656068144,40445839705.03094,40448905943.07759,18.870346903224483,18.871777482390357,2.9156410646026907,2.9158620825145203
1.1006575933989453,40445891280.14931,40448958452.96577,18.870370966030013,18.871801981320605,3.293636889357508,3.2938865691376455
1.113932213527575,40445949104.69797,40449012248.64967,18.870397944559837,18.87182708014967,3.6626779213017437,3.6629555666343405
1.127366933891388,40446001496.84495,40449067361.86463,18.870422388556936,18.87185279368394,4.022976319633459,4.023281260960206
1.1409636853995222,40446055348.07927,40449123825.159515,18.870447513303517,18.871879137109357,4.374739191259614,4.375070811361085
1.1547244222490889,40446114516.331856,40449181671.97284,18.870475118749717,18.871906126026946,4.71816879566325,4.71852646947422
1.1686511222060412,40446176988.85768,40449240936.51875,18.870504265832405,18.871933776399608,5.053462610441743,5.053845695607499
1.1827457868894284,40446231879.37102,40449301653.75486,18.870529875463355,18.871962104537104,5.380813363010367,5.381221272263012
1.19701044205908,40446295053.748436,40449363859.66826,18.87055935000081,18.87199112722952,5.700409243134445,5.700841414972448
1.2114471379067577,40446360078.7307,40449427591.25343,18.87058968795353,18.872020861736942,6.012434033420408,6.012889880508071
1.2260579493508208,40446428223.903595,40449492886.389626,18.870621481657448,18.87205132573225,6.31706713405237,6.317546072529148
1.2408449763344431,40446492334.2363,40449559783.82546,18.87065139287272,18.872082537293945,6.614483662096191,6.614985144724674
1.2558103441274293,40446564321.258575,40449628323.19659,18.8706849790238,18.872114514914365,6.904854612700889,6.905378101512506
1.2709562036316695,40446629646.239296,40449698545.23772,18.870715456943323,18.872147277598636,7.18834691443807,7.188891896353998
1.2862847316902777,40446702982.50711,40449770491.809235,18.870749672596265,18.872180844877075,7.465123542754336,7.465689527740703
1.3017981314004599,40446780055.090096,40449844205.82746,18.870785631458492,18.87221523677265,7.735343668758192,7.735930132906743
1.3174986324301545,40446852420.98604,40449919731.22682,18.87081939437627,18.872250473783335,7.99916262208188,7.999769079320368
1.3333884913384921,40446933373.18026,40449997112.990204,18.87085716330377,18.872286576896283,8.25673207984561,8.25735805400788
1.34946999190012,40447007385.025734,40450076397.290054,18.870891694153155,18.872323567653627,8.50820011236738,8.508845150762278
1.3657454454334392,40447090128.2868,40450157631.56931,18.870930298717965,18.872361468190277,8.753711283749924,8.754374955286965
1.3822171911327976,40447177505.77378,40450240864.49267,18.870971065419877,18.872400301211147,8.993406796429095,8.994088628322448
1.3988875964046932,40447258430.288574,40450326145.925674,18.87100882143331,18.87244008998144,9.227424423349634,9.228123986803238
1.415759057208029,40447348483.1478,40450413526.95043,18.871050836352655,18.87248085833393,9.455898699090222,9.45661558309195
1.4328339983984741,40447433152.039696,40450503059.900024,18.87109033933674,18.872522630685065,9.678960975775786,9.67969478233649
1.4501148740769754,40447526187.5452,40450594798.58579,18.871133745834808,18.872565432140977,9.896739490290697,9.897489837995982
1.467604167942475,40447622083.050934,40450688798.31514,18.87117848669006,18.872609288505796,10.109359486282811,10.110125965578668
1.4853043936488803,40447718173.87655,40450785115.71226,18.871223318673444,18.872654226198023,10.316943195086834,10.317725414631953
1.5032180951663396,40447822463.71705,40450883808.726204,18.87127197597622,18.87270027225427,10.519609982019475,10.52040753902592
1.5213478471468749,40447916881.064514,40450984936.89008,18.871316027184292,18.872747454450213,10.717476327912795,10.718288865573195
1.5396962552944244,40448023279.21246,40451088561.38664,18.871365668135656,18.87279580133118,10.910655976183305,10.911483161024872
1.5582659567393489,40448129210.40637,40451194744.89984,18.871415091225682,18.872845342142895,11.09926002630859,11.100101497478734
1.5770596204174525,40448236720.9913,40451303551.71704,18.871465251193882,18.872896106879168,11.283396888614401,11.284252316237547
1.5960799474535783,40448347497.44762,40451415047.821365,18.87151693488186,18.87294812632498,11.463172425610496,11.464041490155564
1.615329671549826,40448462315.5216,40451529300.92049,18.871570504220575,18.873001432069923,11.638690005312366,11.639572384508554
1.6348115593784562,40448579327.3031,40451646380.49379,18.871625097051997,18.873056056530178,11.810050540749648,11.81094591642217
1.65452841097953,40448701200.32105,40451766357.7984,18.871681957934197,18.873112032951365,11.977352558821142,11.978260612892608
1.6744830601633456,40448835985.10648,40451889305.914,18.871744842910175,18.873169395429418,12.140692311561999,12.14161266743295
1.6946783749177292,40448947065.415215,40452015299.96847,18.871796668363057,18.873228179015886,12.30016361126759,12.30109599537897
1.7151172578202367,40449079111.84262,40452144417.1419,18.871858275735054,18.87328841971979,12.455858094859819,12.456802287885882
1.7358026464553273,40449210561.72594,40452276736.51313,18.871919604784388,18.873350154436025,12.607865353736644,12.608821064644992
1.7567375138365704,40449346613.79811,40452412339.19495,18.871983081023664,18.873413421008447,12.756272767161821,12.757239725351317
1.7779248688339402,40449484838.86469,40452551308.49903,18.872047571091766,18.87347825830682,12.901165659281938,12.902143599953462
1.7993677566062685,40449626704.58057,40452693729.97334,18.872113759735438,18.87354470624427,13.042627327576692,13.043615997714163
1.8210692590389104,40449772171.96522,40452839691.44197,18.87218162876799,18.873612805795858,13.180739103905477,13.18173825510887
1.8430324951866892,40449922689.18018,40452989283.07081,18.872251853841373,18.873682599029244,13.315580401067912,13.316589782590155
1.8652606217221832,40450076377.811874,40453142597.41199,18.872323558565917,18.873754129125402,13.447228747944106,13.448248110244739
1.88775683338942,40450236014.9692,40453299729.47822,18.87239803862516,18.87382744041331,13.5757598417374,13.576788932369562
1.9105243634630407,40450393336.138374,40453460776.840126,18.872471438140643,18.873902578415372,13.701247555555293,13.702286150992611
1.9335664842130058,40450557544.37317,40453625839.71665,18.87254805087455,18.87397958988957,13.823764018084953,13.824811918363821
1.9568865073748998,40450730732.697334,40453795021.04378,18.872628853344725,18.874058522861556,13.94337971135148,13.944436678440042
1.9804877846259143,40450900899.57739,40453968426.52681,18.872708246134728,18.87413942664903,14.060163392305345,14.061229207387928
2.0043737080665673,40451084146.47707,40454146164.73477,18.872793741517963,18.874222351905786,14.174182212512317,14.175256653127985
2.0285477107082346,40451261469.637344,40454328347.14653,18.872876473130727,18.874307350643225,14.28550171539398,14.286584573942564
2.0530132669665586,40451445366.50087,40454515088.26727,18.872962271760066,18.874394476284703,14.394185856615413,14.39527697617003
2.0777738931608125,40451639517.40257,40454706505.82787,18.87305285449721,18.874483783758556,14.500297165736786,14.501396351007651
2.102833148019282,40451834444.1491,40454902720.79483,18.87314379921129,18.87457532950272,14.603896658401544,14.605003710443734
2.1281946331907466,40452043178.99719,40455103857.41147,18.873241186211363,18.874669171483962,14.705043925071667,14.706158622338712
2.153861993762124,40452243917.9975,40455310043.35294,18.87333484268136,18.8747653692702,14.80379709477094,14.804919244676196
2.1798389187823672,40452469292.618034,40455521409.74964,18.873439993107304,18.874863984041422,14.900212980987481,14.901342359003564
2.206129141792668,40452666949.87576,40455738091.34152,18.873532211764367,18.87496507866169,14.994346939383828,14.995483403081233
2.232736441363065,40452891369.20106,40455960226.83164,18.873636916489275,18.875068717844076,15.086253029439478,15.087396502761244
2.2596646416355184,40453123194.552444,40456187958.87379,18.873745076557988,18.875174968144915,15.175984221542036,15.177134503112457
2.2869176128735367,40453358416.91365,40456421433.90081,18.873854821530223,18.87528389788368,15.263592102490207,15.264748998807324
2.314499272018431,40453593518.256744,40456660802.32345,18.873964510040434,18.875395577235764,15.349126995314878,15.350290363788886
2.3424135832522777,40453832618.44147,40456906218.832344,18.874076064243866,18.875510078373395,15.432638034383496,15.433807780237675
2.3706645585676736,40454086081.11182,40457157842.731094,18.874194319385836,18.875627475621002,15.514173270236702,15.515349266855894
2.399256258344359,40454346445.91293,40457415838.03018,18.874315794775008,18.87574784549906,15.593779630467266,15.594961706483772
2.4281927919327986,40454615036.56237,40457680373.42139,18.874441108002937,18.875871266712135,15.671502897244295,15.672690873062095
2.4574783182447963,40454888296.79348,40457951622.192665,18.874568599863498,18.87599782010918,15.747387755574856,15.748581457955247
2.4871170463512398,40455163314.47291,40458229762.48055,18.874696911676363,18.8761275888013,15.82147779606998,15.82267709565163
2.5171132360870474,40455446358.20698,40458514977.73011,18.874828968112563,18.87626065837633,15.893815595455813,15.89502038885907
2.547471198663417,40455741037.69239,40458807456.77469,18.87496645330648,18.876397116936058,15.964442776246997,15.965652933008696
2.578195297287452,40456045192.86681,40459107393.939926,18.875108359462853,18.876537055144745,16.033399982666996,16.034615340179233
2.6092899477892684,40456355702.13876,40459414989.237015,18.875253230176902,18.876680566319298,16.10072686678236,16.10194726245618
2.6407596192566607,40456663671.12663,40459730448.60443,18.875396915700033,18.876827746542048,16.166462074630076,16.16768741473998
2.6726088346774195,40456988566.77459,40460053984.076096,18.875548498498883,18.8769786947392,16.230643396025354,16.23187359701602
2.7048421715894047,40457316849.244576,40460385813.9998,18.875701661448055,18.87713351278276,16.29330775713953,16.29454271609922
2.7374642627384485,40457660662.14835,40460726163.29195,18.875862070251813,18.87729230560936,16.35449120243105,16.35573080686607
2.770479796744201,40458007899.063644,40461075263.60001,18.87602407655696,18.87745518129609,16.414228921802767,16.41547305298588
2.803893518774003,40458364833.537674,40461433353.593475,18.876190607339748,18.877622251196193,16.47255523981753,16.47380380716345
2.837710231224885,40458736988.33918,40461800679.254814,18.876364239294414,18.877793630074873,16.529503732998872,16.53075661090532
2.8719347944137956,40459115218.38306,40462177494.0571,18.87654070570454,18.87796943619212,16.585107161876653,16.586364213820374
2.9065721272761507,40459498660.01405,40462564059.23785,18.876719603624494,18.8781497914305,16.639397455783154,16.64065859246558
2.941627208072808,40459895777.75327,40462960644.05286,18.876904882247835,18.878334821413567,16.69240582990514,16.69367096874824
2.977105075105571,40460295674.60628,40463367526.2428,18.877091457490103,18.87852465572357,16.744162745800516,16.74543182789622
3.013010827441318,40460717181.98195,40463784992.441925,18.877288115303596,18.878719428092136,16.79469798817515,16.795970936007244
3.0493496256448713,40461144096.50661,40464213338.286125,18.87748729586795,18.87891927645067,16.844040649445915,16.845317357185316
3.086126692520694,40461587169.95755,40464652868.66285,18.87769401551536,18.879124343046982,16.89221910354131,16.893499470273042
3.123347313863546,40462035946.04541,40465103898.16445,18.877903395776013,18.879334774656783,16.93926105309124,16.940544985191547
3.161016839218183,40462500565.07649,40465566751.574585,18.878120167695158,18.879550722810617,16.98519354333664,16.98648095889835
3.1991406826482205,40462972953.28551,40466041764.2913,18.878340564389653,18.879772343991267,17.030042989586256,17.031333810972278
3.237724323514275,40463462658.52024,40466529282.684456,18.878569040488237,18.87999979980051,17.073835190053643,17.0751293388334
3.2767733072614837,40463965948.495964,40467029664.48336,18.87880385466206,18.88023325713996,17.116595363448,17.117892732606524
3.3162932462165258,40464477436.61141,40467543279.3031,18.87904249374696,18.880472888456648,17.158348080549082,17.15964858963759
3.356289820394258,40465001888.43827,40468070509.148415,18.879287181160528,18.880718871978104,17.199117326914923,17.20042092867187
3.396768778314074,40465544864.58567,40468611748.90057,18.879540511251736,18.8809713919395,17.238926576939857,17.240233203701674
3.4377359378261105,40466102539.895905,40469167406.86706,18.879800699361077,18.881230638840137,17.277798758148332,17.279108317491758
3.4791971869474256,40466668310.35262,40469737905.41853,18.880064664329137,18.881496809740597,17.315756197138704,17.317068634790886
3.521158484708249,40467256011.616646,40470323681.579094,18.88033886129991,18.88177010853815,17.352820732197216,17.354135995237034
3.56362586200845,40467853632.02872,40470925187.602356,18.880617686132688,18.882050746235528,17.389013693446667,17.39033172596347
3.606605422484327,40468479949.75886,40471542891.760124,18.880909899940722,18.88233894130888,17.424355944078236,17.425676653913573
3.6501033433858567,40469110084.601776,40472177279.03316,18.88120389465485,18.882634920030064,17.45886781782569,17.460191117872153
3.6941258764645224,40469763504.8493,40472828851.81316,18.88150875337046,18.88293891679416,17.492569138238885,17.49389498021941
3.7386793488718437,40470438127.51444,40473498130.74562,18.881823504252452,18.883251174512694,17.525479354583453,17.5268076384149
3.7837701640687524,40471123991.9349,40474185655.61128,18.882143500069994,18.88357194502492,17.557617388513282,17.55894803621908
3.8294048027459335,40471824085.950645,40474891986.26406,18.882470134824974,18.883901489535393,17.58900167528597,17.590334674658905
3.875589823755259,40472553255.08939,40475617703.58166,18.882810334823287,18.884240079057495,17.619650312349187,17.620985622744225
3.922331865052462,40473294319.15567,40476363410.50105,18.88315608450014,18.88458799489655,17.64958095442546,17.650918527941112
3.9696376446511854,40474058722.10716,40477129733.13618,18.883512723130313,18.884945529171272,17.678810807210564,17.68015062640908
4.017513961588521,40474858530.70033,40477917321.9803,18.883885880560577,18.88531298537478,17.707356798726245,17.708698753008534
4.06596769690221,40475664211.070946,40478726853.17705,18.884261777518027,18.88569067896757,17.735235358023704,17.736579351084828
4.115005814619619,40476487690.21588,40479559029.83156,18.88464597864343,18.886078937989264,17.762462428984378,17.76380848203474
4.164635362758645,40477346222.21412,40480414583.44515,18.88504653397254,18.886478103727953,17.789053739205105,17.790401834661548
4.214863474340702,40478223292.770195,40481294275.48695,18.885455738621832,18.886888531453472,17.815024646637774,17.81637473432505
4.265697368415905,40479129514.3186,40482198899.06241,18.885878543911925,18.88731059119584,17.84039011365713,17.841742151892692
4.317144351100639,40480064296.58037,40483129280.68565,18.886314674443202,18.88774466857218,17.865164803171844,17.86651871249772
4.369211816627631,40481015618.719635,40484086282.22381,18.886758521793528,18.88819116569385,17.889362960622204,17.890718704110316
4.421907248408684,40482002401.69786,40485070802.97027,18.887218913696703,18.888650502133753,17.912998533109224,17.91435608592788
4.4752382201102385,40483018126.45997,40486083781.759636,18.887692808632718,18.88912311591308,17.936085205002197,17.93744449658975
4.529212396741896,40484048355.44284,40487126199.471756,18.888173470635,18.889609464669572,17.958636220377816,17.959997262222732
4.583837535758073,40485126982.42602,40488199081.89313,18.888676713131638,18.890110026992552,17.980664618668715,17.98202740432579
4.639121488172954,40486236871.20743,40489303502.30101,18.889194541083334,18.89062530362856,18.00218322130526,18.003547647497943
4.695072199688863,40487367000.74385,40490440584.33967,18.88972181252963,18.891155818823286,18.023204390538282,18.024570427013323
4.75169771183828,40488540136.79965,40491611505.60268,18.890269149029482,18.891702121992918,18.043740261764793,18.045107896252393
4.8090061631396015,40489762167.03696,40492817501.293274,18.8908392975212,18.892264789431927,18.063802840675212,18.065171933997288
4.867005790266854,40490988219.330215,40494059868.15217,18.891411322536975,18.8928444261456,18.083403631382648,18.084774151596086
4.925704929233514,40492268742.71478,40495339968.7993,18.892008761498825,18.89344166787574,18.10255389942752,18.103925900003212
4.9851120165906035,40493585292.398506,40496659236.46744,18.892623008833738,18.894057183309158,18.121264818048168,18.122638276703114
5.0452355906392325,40494949530.71543,40498019180.30207,18.893259505701817,18.89469167655038,18.13954725928105,18.14092213252543
5.106084292657776,40496350396.652565,40499421391.1295,18.89391309149436,18.89534588981281,18.15741184015519,18.158788078359866
5.1676668681438365,40497796847.81635,40500867547.71945,18.89458794545804,18.896020606340585,18.174868915201277,18.176246491778468
5.229992168071196,40499407340.29653,40502359423.8159,18.895339334278436,18.896716653688888,18.191929301450426,18.193307523574553
5.293069150161929,40500838254.89211,40503898895.95947,18.896006939525464,18.89743490737354,18.208602299919104,18.209981104228753
5.356906880173848,40502417279.35721,40505487952.14221,18.896743646678594,18.898176294908964,18.224896925455543,18.226276950313064
5.4215145332034815,40504060555.03392,40507128701.453224,18.897510330775233,18.898941800308428,18.24082331329127,18.24220457084426
5.486901395004776,40505746995.347694,40508823384.84221,18.898297153696568,18.899732469105874,18.256390780604058,18.257773273599653
5.5530768633236836,40507501515.11377,40510574387.21458,18.899115739659322,18.900549413998995,18.271608446512953,18.27299217140962
5.620050449248863,40509313477.47597,40512384250.96489,18.89996112594873,18.901393821163364,18.28648529182244,18.28787018844268
5.687831778578659,40511177942.20159,40514255691.31078,18.900831007657654,18.902266957406628,18.301029998662898,18.302416066501355
5.756430593204574,40513123275.174065,40516191613.71826,18.901738619127723,18.9031701782984,18.3152511740418,18.316638371349914
5.825856752511429,40515116696.914,40518195133.6579,18.90266866681696,18.904104937387697,18.329157194632508,18.330545499097834
5.896120234794399,40517192428.61986,40520269599.12662,18.903637116913515,18.90507279671066,18.3427562488377,18.34414568266573
5.967231138693149,40519338986.854706,40522418616.45492,18.90463861172324,18.906075438831127,18.35605645521513,18.357446998365326
6.039199684643272,40521571212.571884,40524646080.08958,18.905680075417816,18.90711468073603,18.36906575940781,18.37045737263096
6.11203621634521,40523882180.07691,40526956207.04872,18.9067582767562,18.908192489910654,18.3817919618372,18.383184588946655
6.1857512022509145,40526271375.292404,40529353576.98643,18.90787297589126,18.90931100303116,18.3942426372131,18.39563629502128
6.2603552370684294,40528768025.36133,40531843179.07286,18.909037808992515,18.910472547836868,18.40642534046357,18.407820010274342
6.335859043284609,40531344846.55656,40534430467.149086,18.910240046607463,18.911679668863233,18.418347456395658,18.419743133708682
6.412273472706223,40534032395.06578,40537121425.11091,18.911493944982627,18.912935157947203,18.43001621485951,18.431412952263205
6.489609508019627,40536841848.93196,40539922644.84942,18.912804719328026,18.91424209059104,18.441438904432044,18.442836649760203
6.567878264369249,40539753690.3455,40542841419.794075,18.914163263445325,18.915603869605636,18.452622593901584,18.45402131658902
6.647090990955133,40542798662.25277,40545885858.41703,18.915583920714894,18.91702427806692,18.463574248288403,18.46497396030525
6.727259072649714,40545970480.91539,40549065023.05342,18.917063759405703,18.918507544083614,18.474300801553508,18.4757015173742
6.808394031634124,40549305856.78061,40552389101.14425,18.91861990708587,18.920058420692055,18.484809192966726,18.486210866350888
6.89050752905422,40552778447.14855,40555869618.90697,18.920240073347067,18.921682285546,18.495106252605744,18.496508842876473
6.973611366696582,40556429066.84018,40559519711.32101,18.92194330068751,18.923385266880647,18.5051987309409,18.506602256994395
7.057717488684729,40560253319.15549,40563354467.718376,18.92372753778981,18.925174404750834,18.515093418289734,18.516497913460906
7.142837983195795,40564291104.02692,40567391380.656746,18.925611400303236,18.927057860456557,18.52479714178185,18.52620263596867
7.228985084197899,40568534984.0244,40571650939.223305,18.927591418232204,18.929045193353875,18.5343167446455,18.535723296561148
7.3161711732084855,40573046701.60985,40576157428.065544,18.929696398041937,18.93114773364946,18.54365921040565,18.54506685205212
7.404408781073854,40577828080.413445,40580940027.16077,18.931927190562444,18.933379095507295,18.552831706467185,18.554240390086534
7.493710589770156,40582911593.428894,40586034365.67499,18.934298946342228,18.935755902014638,18.561841420992387,18.56325118879133
7.58408943422613,40588352224.83637,40591484783.82505,18.93683731871329,18.938298840472818,18.57069585594736,18.572106796125087
7.67555830416779,40594208212.541916,40597347745.36956,18.939569479060822,18.941034254523608,18.57940296142702,18.580815138747017
7.768130345985381,40600531402.985794,40603697217.10554,18.94251961677786,18.943996653998656,18.587971107376966,18.589384676963267
7.861818864622859,40607448055.45037,40610633624.6184,18.945746639195185,18.947232893300015,18.59640945226404,18.597824635348903
7.956637325490131,40615086517.95701,40618299846.904175,18.949310428162324,18.950809633825735,18.604728344807974,18.606145366034948
8.052599356398389,40623646973.13314,40626912610.26621,18.95330438056883,18.9548279910566,18.61293970665241,18.61435896580566
8.149718749518765,40633469783.675026,40636833019.98265,18.95788729549511,18.95945644169915,18.621058169126847,18.62248044319462
8.24800946336461,40645179387.52553,40648762894.592735,18.96335050971862,18.965022425099324,18.629103358591482,18.63053033701317
8.3474856247977,40660271680.50504,40660712688.04093,18.9703919460237,18.970597701801054,18.637106183957897,18.63852149329541
8.448161531058608,40685542008.80106,40667073672.53924,18.9821820303632,18.973565472652258,18.64514282146614,18.646424339676713
8.550051651821585,40690828156.63758,40667805823.94062,18.984648327124113,18.973907064050298,18.6531572741926,18.654178969364555
8.653170631274223,40680476462.155334,40667267299.33008,18.979818656944417,18.97365581086107,18.660953335856657,18.661750906036634
8.757533290222188,40700937209.78362,40666739726.91706,18.989364790946354,18.97340966751177,18.668621586373103,18.669137558231945
8.863154628219347,40703877397.58171,40666226517.04087,18.99073656030793,18.973170225124903,18.6762369142147,18.676343455693882
8.970049825723585,40691551675.32763,40665696232.560234,18.984985890858027,18.97292281643763,18.68361944358122,18.68337286479507
9.078234246278617,40697076283.18364,40665158842.54892,18.98756344314789,18.972672092605222,18.69079007055681,18.69022983355211
9.187723438722127,40697239238.647705,40664622052.422104,18.987639471391073,18.972421648653977,18.697822068957233,18.696918411685253
9.298533139420517,40683389815.6658,40664075905.87203,18.981177906543266,18.972166839384716,18.70461136012349,18.703442539944273
9.410679274530622,40684148113.268364,40663517078.478485,18.981531696671514,18.97190611376121,18.711167932705475,18.709805992535298
9.524177962288718,40703597429.54667,40662952557.850494,18.99060593886499,18.971642731911263,18.717681471034666,18.71601247483408
9.639045515327101,40679377024.297134,40662384482.26261,18.979305704958897,18.97137769146486,18.724012876403094,18.722065654705702
9.755298443018628,40691745850.160675,40661809413.364365,18.985076484760544,18.97110938823065,18.730129990262633,18.727969105746936
9.872953453849549,40682537858.062035,40661227379.37005,18.980780418553223,18.97083783537225,18.7361189332392,18.73372629815737
9.992027457820912,40693802137.014046,40660637130.403435,18.986035862697527,18.97056244974939,18.74197803034461,18.7393406131271
10.112537568878977,40690117222.47231,40660037614.36391,18.984316634806145,18.970282740495673,18.747739709353393,18.744815339023774
10.234501107374921,40710449762.33434,40659430435.82655,18.993802952395747,18.969999456239105,18.753457687666295,18.750153689449142
10.357935602554209,40703724070.464836,40658817278.048454,18.990665024251165,18.969713382317448,18.759114502792354,18.755358820042797
10.48285879507597,40693789974.20853,40658196914.85294,18.98603018803825,18.96942394664766,18.764545116203433,18.760433814111387
10.60928863956282,40696791499.49782,40657569080.659775,18.987430574922556,18.969131025321033,18.769809182254523,18.76538167369966
10.737243307181362,40692365575.224884,40656932133.10582,18.98536562270481,18.96883385207924,18.774940414727016,18.770205319138142
10.866741188253847,40703766541.21823,40656286594.36148,18.99068483933859,18.968532670545265,18.77998915311466,18.774907595450127
10.997800894901342,40676812656.227776,40655634029.63719,18.978109277454625,18.96822821098122,18.784831049308547,18.779491291826293
11.130441263718758,40699706567.684135,40654973859.14321,18.988790624517858,18.967920202881313,18.789537445031826,18.78395913675157
11.264681358482123,40686854367.71735,40654303316.02303,18.9827943224603,18.967607355345358,18.794186652149904,18.788313775499493
11.400540472888565,40684174409.821526,40653623940.627914,18.9815439655497,18.9672903870372,18.798640205061048,18.792557784036372
11.538038133329287,40717905191.3758,40652938899.510826,18.997281345559315,18.966970775338773,18.803161063321753,18.796693703367257
11.677194101695985,40682304311.94017,40652246010.52115,18.980671455644565,18.96664750214934,18.807562181839007,18.80072401955966
11.818028378221166,40685464728.2498,40651541495.149536,18.982145974471624,18.96631880457357,18.811681022071937,18.804651126785416
11.960561204352672,40674601512.306725,40650826832.4991,18.977077649649456,18.965985372699468,18.81565924317648,18.80847734995997
12.104813065662881,40657223526.549,40650104879.4456,18.9689698041425,18.96564853942646,18.819386913748293,18.812204982927085
12.250804694792999,40686789076.71487,40649374348.42957,18.982763860393607,18.965307704032845,18.823095182559552,18.815836273721267
12.39855707443289,40669318857.778305,40648632496.219,18.97461298272084,18.964961586640637,18.82678088611807,18.819373394791462
12.548091440336803,40679502275.93675,40647880432.59417,18.979364142165466,18.964610705027166,18.830339912182964,18.82281845821728
12.699429284375467,40714389565.049225,40647120284.31071,18.99564110050943,18.96425605144817,18.834064533828066,18.82617354396076
12.852592357625056,40697788657.50806,40646350460.7939,18.987895807384234,18.963896883807635,18.83780027199921,18.82944068554616
13.007602673493352,40702948517.36568,40645570794.50027,18.99030318342576,18.96353312393673,18.84138499234485,18.83262185865025
13.164482510883603,40694643453.6597,40644781341.07364,18.986428386059007,18.963164797796566,18.844866955256837,18.835718991531458
13.32325441739661,40691421587.12509,40643981640.36983,18.98492519711232,18.962791690702986,18.848202885573468,18.838733964511604
13.483941212571365,40693878582.446236,40643171587.66939,18.98607152895727,18.96241375379826,18.851455742570906,18.841668610254242
13.646565991164776,40677189472.20865,40642351315.89967,18.978285084121755,18.96203104910076,18.85455224119998,18.84452471816759
13.811152126471006,40679034752.385086,40641520886.5306,18.979146015117795,18.961643605289794,18.857493953342832,18.84730403633762
13.977723273680795,40679778421.738174,40640679525.2913,18.97949298031314,18.96125106112277,18.860380243176348,18.85000826746782
14.146303373281274,40687365985.4122,40639826889.92643,18.983033022001564,18.960853256917584,18.863244423441227,18.85263906776508
14.316916654496875,40695845005.1679,40638963813.558624,18.986988980027316,18.960450581374605,18.866129572506832,18.85519805694965
14.489587638771654,40683813787.991554,40638089708.86805,18.981375714399963,18.960042760474824,18.86892605546049,18.857686817679156
14.664341143293623,40684756866.74708,40637204314.749405,18.981815715730225,18.959629672397366,18.871595432602252,18.86010689043695
14.84120228456165,40673196938.351776,40636308200.71195,18.976422333849996,18.95921158285157,18.87414247598941,18.862459780941595
15.020196481995317,40673730270.54626,40635399054.47868,18.97667116447381,18.95878741302514,18.87656863417867,18.864746949511076
15.201349461588306,40684033024.51216,40634477649.06628,18.98147800104373,18.958357523575508,18.878997524887314,18.866969813460848
15.384687259605924,40697080610.74955,40633545545.318565,18.98756546221019,18.957922642727507,18.881498014466388,18.86912976945254
15.570236226327143,40676387908.94054,40632601347.45597,18.977911108033126,18.957482119268423,18.883895892164432,18.871228181872667
15.758023029831811,40685789175.599625,40631645018.04354,18.982297348113207,18.957035935732662,18.88617555129206,18.8732663749069
15.948074659833509,40659564546.295105,40630675989.07425,18.970062026606872,18.95658382711177,18.888307041585772,18.87524563800485
16.14041843155869,40696346014.94478,40629694304.7531,18.987222730355175,18.956125814029967,18.890448465921903,18.877167227192096
16.335081989672556,40682486302.103355,40628700404.58857,18.980756364686812,18.955662101543624,18.892664162417905,18.87903237142319
16.532093312252265,40688156660.03589,40627693641.22088,18.9834019179015,18.95519238762159,18.8947827511586,18.880842269351806
16.731480714808132,40670528716.42879,40626673481.0503,18.97517745245629,18.954716423308422,18.896784287692505,18.882598084710203
16.933272854353273,40673502114.20331,40625640239.94412,18.97656471621186,18.954234355974663,18.898658093963622,18.884300952484505
17.13749873352231,40676309411.5155,40624593885.7614,18.97787448439885,18.953746170624683,18.90051944966468,18.885951982327583
17.34418770473983,40680018994.878914,40623533151.01167,18.979605221736595,18.953251275900143,18.902372753918037,18.88755225037888
17.553369474439055,40691591492.991615,40622458409.29491,18.985004468124263,18.95274984610725,18.904266871601678,18.889102802396216
17.765074107331372,40676849239.21149,40621370184.94341,18.978126345553555,18.952242125877653,18.906097723865162,18.890604664329192
17.979332030727445,40692345691.85104,40620267799.04046,18.985356345949405,18.951727798457043,18.907890370034455,18.892058836926623
18.196174038910378,40680850446.50637,40619150903.60792,18.979993142490812,18.95120670149329,18.909661764891393,18.893466291563314
18.415631297561585,40691534542.355,40618019374.95953,18.98497789732546,18.950678777279535,18.91138744394087,18.89482797400109
18.637735348240156,40682640761.3556,40616873093.427795,18.98082842895086,18.95014396998389,18.913081484693492,18.896144806250152
18.862518112916142,40686258936.99004,40615711747.43833,18.98251651924338,18.949602134238717,18.914706647865692,18.897417686086886
19.090011898558522,40668970230.45089,40614535321.59393,18.974450327707213,18.949053262860307,18.916217061081213,18.89864748822045
19.320249401778593,40690785931.62213,40613343521.17712,18.984628626687794,18.94849721834575,18.917718005180255,18.899835064913386
19.553263713529255,40682125601.77373,40612135882.13097,18.9805880769124,18.947933784185377,18.91925508673193,18.9009812440374
19.789088323861044,40699160076.247894,40610912321.273605,18.988535654339053,18.94736292156999,18.9208028855417,18.902086830838584
20.027757126735455,40694453469.65941,40609672836.7233,18.986339747424783,18.946784629621643,18.922381427660923,18.903152611017845
20.269304424896426,40761407578.87501,40608417139.442215,19.017577750559564,18.94619877348731,18.92426897492949,18.90417935004409
20.513764934800466,40673356499.42859,40607144744.02872,18.976496778413235,18.945605126698766,18.925990068947634,18.9051677909642
20.76117379160629,40669065724.12484,40605855524.46562,18.97449488108446,18.945003630461642,18.927162806882123,18.906118655853682
21.011566554224647,40680258722.07162,40604549289.949936,18.979717068475875,18.944394195755184,18.92834642072892,18.907032647927608
21.264979210429043,40691325764.21964,40603225747.34541,18.98488049012935,18.94377668581422,18.929625015305977,18.907910451062616
21.52144818202804,40682853300.130974,40601884807.236145,18.98092759070522,18.943151058921,18.930887010092203,18.908752730825533
21.78101033010006,40705098637.1833,40600526172.04758,18.991306339921902,18.942517176239612,18.9321962435415,18.90956013486901
22.043702960291224,40680070266.83963,40599149491.26928,18.97962914310137,18.941874874236465,18.93345751152276,18.910333291918047
22.309563828177094,40680773627.793335,40597754531.46395,18.979957302073746,18.941224043999423,18.934555310753648,18.911072812578546
22.578631144689147,40701578045.55198,40596341179.92619,18.989663778267303,18.940564632944834,18.935746636308984,18.911779291080993
22.85094358160664,40661530236.42345,40594908897.45303,18.970979135879336,18.93989638950301,18.936801366868853,18.912453303960397
23.126540277114675,40669080766.52863,40593457432.75522,18.974501899244547,18.939219196432838,18.937653079813085,18.91309540973326
23.405460841429427,40687227954.41105,40591986798.75293,18.98296862247632,18.938533059762335,18.938626991403844,18.913706152375177
23.687745362491093,40652246830.73495,40590496511.98088,18.96664788482699,18.937837753926704,18.939483031391216,18.91428606035691
23.9734344117255,40686924849.66513,40588986302.2924,18.982827206406206,18.937133152886744,18.940319422767075,18.91483564547083
24.26256904987534,40692921576.00589,40587455999.06286,18.98562502954844,18.936419177036097,18.9413598496264,18.91535540495125
24.555190832901552,40699334033.932915,40585905254.87989,18.98861681576101,18.935695664286598,18.942444223787913,18.915845821383186
24.851341817956033,40684279449.05807,40584333752.544655,18.98159297248951,18.93496246664646,18.943454432687926,18.916307362246165
25.15106456942623,40659132306.4958,40582741127.970894,18.96986036149081,18.934219414248176,18.944218186592398,18.916740480177413
25.454402165052805,40690700731.120255,40581127118.17497,18.984588875676604,18.933466384394514,18.945001213859967,18.91714561362802
25.76139820212097,40661929989.9922,40579491635.495575,18.97116564427113,18.932703336186357,18.945779153102357,18.917523188729266
26.072096803726463,40701410628.41072,40577834318.27758,18.98958566839108,18.931930100890455,18.94660011412389,18.917873619024235
26.38654262511724,40628119013.76206,40576154233.65576,18.95539084876058,18.931146243270693,18.94721102255561,18.918197301084973
26.70478086011153,40697533636.145256,40574451425.430466,18.98777682502118,18.930351783762486,18.947790757758405,18.918494617206672
27.02685724759327,40664305243.32231,40572726089.424965,18.97227383870223,18.929546813728837,18.94855335170509,18.918765941956686
27.35281807808605,40649590879.00951,40570977358.99509,18.965408728197218,18.928730928829605,18.949033521654794,18.91901163728548
27.68271020040616,40664542038.94997,40569204653.883934,18.972384317695163,18.927903858341057,18.94950460701794,18.919232048581026
28.016581028395926,40672229828.204575,40567407993.64109,18.9759711204717,18.927065611384215,18.950089411889653,18.919427509969406
28.354478547738374,40650158339.07483,40565587155.19706,18.96567348146639,18.92621608388413,18.950579879944,18.91959834652777
28.696451322853907,40665730145.84584,40563741610.935814,18.972938638966443,18.925355029677096,18.951024052543612,18.919744871472655
29.042548503880234,40686191148.626,40561871024.75158,18.982484892011634,18.92448229195014,18.951657010074342,18.919867385832653
29.39281983373656,40666943081.50935,40559975007.701645,18.97350454430822,18.923597689238772,18.952280359858715,18.919966179495496
29.747315655272857,40695368493.656,40558053164.61708,18.986766659571156,18.922701037173596,18.95294124209389,18.920041531147138
30.10608691850536,40674799747.001495,40556105119.52465,18.977170137714626,18.921792160341138,18.953628265973876,18.920093708609635
30.469185187939466,40858480632.8072,40554130523.570564,19.062868000830424,18.92087089598072,18.955207268019596,18.920122969354786
30.8366626499808,40709856094.88975,40552128980.76304,18.993525971853217,18.919937059339052,18.956931601369373,18.920129560636244
31.208572120435743,40642226412.93384,40550099976.70087,18.961972774570874,18.918990410417916,18.957422571170458,18.920113718814303
31.58496705210235,40660772780.52935,40548043274.44977,18.970625738457258,18.918030838673626,18.957633490148936,18.92007567050615
31.965901542452947,40701910776.97358,40545958511.98722,18.98981901691229,18.91705817520154,18.958170024168655,18.92001563364559
32.35143034140928,40631349762.87371,40543844802.60281,18.956898181948336,18.91607200629944,18.958527531116417,18.919933814084242
32.74160885921138,40674718791.359955,40541701936.32009,18.97713236717875,18.91507223400105,18.95873005770451,18.919830406758027
33.13649317438156,40671483638.09502,40539529768.59483,18.97562297919621,18.914058790868047,18.959148054126054,18.91970560002727
33.53614004178425,40652335401.79591,40537327661.263336,18.96668920840089,18.913031379159783,18.95943191172488,18.919559573447472
33.94060690078302,40669036729.04013,40535095156.4595,18.97448135318367,18.91198978525498,18.959696708292167,18.919392496268596
34.34995188349621,40668529144.352066,40532831805.50174,18.974244535275663,18.91093379981746,18.960044160856476,18.919204528720744
34.764233823151955,40676944124.674484,40530537138.43975,18.978170615164867,18.90986320358796,18.96042737984927,18.918995822160092
35.1835122625439,40636681807.265,40528210666.8026,18.959385892133138,18.908777768666255,18.960623893163422,18.9187665190593
35.60784746258914,40691359080.0247,40525851911.67252,18.98489603389858,18.90767727160923,18.960898564542102,18.918516753169328
36.03730041098919,40660957678.042305,40523460381.45186,18.97071200394801,18.90656148305786,18.961298077859766,18.918246649708102
36.4719328309954,40664532184.95274,40521035571.23862,18.972379720229828,18.905430167445868,18.961540984628552,18.917956325418977
36.91180719028024,40655593401.24574,40518576969.56883,18.968209255463265,18.904283086145444,18.961748074658196,18.917645888662005
37.356986709915475,40662803677.02305,40516084081.3406,18.97157327030825,18.90312000816262,18.96194124022861,18.917315439667444
37.807535373458514,40651047290.62737,40513556375.594215,18.966088229294574,18.90194068577368,18.96210407556936,18.916965070618875
38.26351793614863,40660409593.50792,40510993322.98675,18.970456290495857,18.900744872009227,18.962250521055935,18.91659486565587
38.724999934213855,42026480679.47025,40508394390.77018,19.60780825239288,18.89953231831119,18.970040190778708,18.916204901054506
39.19204769429011,40593982224.73714,40505758946.974525,18.939464042548607,18.89830272982865,18.977185465759426,18.91579524484327
39.66472834295417,40623454419.51129,40503086430.05521,18.953214543056042,18.89705584456826,18.97645564108347,18.91536595684498
40.143109816371364,40690784950.764656,40500376334.65228,18.984628169060482,18.895791426750087,18.976279370950227,18.9149170895704
40.62726087005974,40638168472.91594,40497628061.95127,18.960079508504236,18.894509196992196,18.976184624958268,18.9144486881806
41.11725108877194,40641897706.73207,40494841020.71067,18.961819413926076,18.893208879445883,18.975823800204584,18.913960790189734
41.61315089649633,40636115556.78924,40492014621.044495,18.959121703208154,18.891890198894885,18.975459862875677,18.913453425695366
42.11503156657874,40641971436.20366,40489148208.68163,18.96185381303155,18.890552850083502,18.975105340912968,18.912926617203667
42.62296523196612,40639081211.98452,40486241167.75344,18.960505354598222,18.889196545673038,18.97477531905316,18.912380379669035
43.13702489557402,40667484379.211945,40483292880.24432,18.973757091306883,18.887820997323114,18.974595157691034,18.911814720872083
43.65728444077888,40658707418.26869,40480302679.46773,18.96966212631263,18.88642589398551,18.974526503105132,18.911229641307173
44.18381864203688,40631653975.58636,40477269906.820915,18.95704011494965,18.88501092838358,18.97426084205005,18.910625134132623
44.71670317563108,40639017087.25801,40474193896.02717,18.960475436667398,18.883575789660302,18.97389379059185,18.91000118534623
45.25601463054789,40576155020.349625,40471073953.31851,18.931146610309334,18.882120154132398,18.97322637704448,18.909357773759915
45.80183051948482,40657315434.15431,40467909388.11859,18.969012684409243,18.880643699605656,18.97268067831741,18.908694871036705
46.35422928999115,40640212877.72437,40464699523.44554,18.961033342773153,18.87914611022849,18.972498687950633,18.90801244195321
46.91329033574276,40616133572.74302,40461443619.22165,18.949798940384664,18.877627040711413,18.972093174138752,18.907310444286622
47.479094007952895,40591704391.611374,40458140876.25107,18.938401300333727,18.876086118182876,18.971429159287208,18.906588828305274
48.05172162692088,40651602196.47124,40454790596.3709,18.96634712528607,18.874523016909105,18.97097969782819,18.905847537183465
48.631255493719785,40664349873.679474,40451392066.84578,18.97229466137097,18.872937404357415,18.970940820092903,18.90508650764356
49.21777890202509,40656614514.47838,40447944472.15974,18.968685664435554,18.87132890004197,18.970929886956064,18.904305669457326
49.811376150086275,40613955745.457016,40444447023.602684,18.948782856735964,18.86969713598344,18.97063953751482,18.903504945195024
50.41213255284251,40617288679.84957,40440898929.6,18.95033786532651,18.868041742866023,18.97014024451051,18.90268425052735
51.02013445418457,40629956260.147,40437299366.385414,18.956248031523586,18.86636233635463,18.969741521570782,18.90184349419416
51.6354692393646,40662382325.20983,40433647493.13767,18.971376685073732,18.864658524157033,18.969602123309713,18.900982577897036
52.2582253475557,40674298861.721825,40429942481.87313,18.97693644547199,18.862929919970494,18.96971042096946,18.900101396443677
52.8884922845628,40736682116.44505,40426183474.88874,19.006041877975424,18.861176123626436,18.970228464986928,18.899199837816553
53.526360635686835,40592669130.18051,40422369563.530304,18.938851407232317,18.859396711184594,18.970276246640385,18.89827778288802
54.171922078744295,40610261747.28927,40418499851.679855,18.94705939080242,18.85759126455359,18.96962954967799,18.89733510537859
54.825269397243595,40687157910.1445,40414573419.55402,18.982935942734276,18.855759354600757,18.969522359541475,18.896371671963642
55.48649649372027,40680977403.35058,40410589345.93248,18.980052375274937,18.85390055152299,18.969805788147237,18.895387342302342
56.15569840323338,40640634766.015495,40406546729.908676,18.961230178305954,18.852014434994764,18.969824245874655,18.89438196930893
56.83297130702432,40638245891.83553,40402444604.08586,18.960115628952725,18.850100553668977,18.969607355057256,18.893355399054425
57.51841254634043,40673199097.1118,40398281975.12118,18.976423341037652,18.848158444093162,18.969576816470646,18.89230747041922
58.21212063642555,40639747452.87413,40394057837.33058,18.960816194892296,18.846187637056968,18.96955303407338,18.891238015052267
58.91419528067912,40611871707.02317,40389771156.03087,18.94781053106556,18.84418764982023,18.969191055504638,18.890146857313407
59.6247373849859,40630158534.98962,40385420910.03697,18.956342404553737,18.84215800594047,18.96878618610592,18.889033814361788
60.34384907221895,40588406678.80827,40381006056.41556,18.936862724672164,18.840098218828352,18.968259233227833,18.887898696279667
61.07163369691718,40595879279.229095,40376525513.36928,18.940349129287284,18.838007783762233,18.967556940884137,18.886741305904557
61.808195860139854,40672177225.4597,40371978178.597336,18.97594657821838,18.83588618645439,18.96733655041102,18.885561438673342
62.553641424500675,40803454994.205666,40367362939.99499,19.037195326049655,18.833732908042997,18.968270432656855,18.88435888263047
63.308077529382736,40617215367.21243,40362678668.669136,18.950303660698662,18.83154742183348,18.968867907356394,18.883133418455877
64.07161260633724,40594151328.48095,40357924199.5217,18.939542939323445,18.829329184239523,18.96829985267224,18.881884819345963
64.84435639466776,40622600748.51761,40353098341.87199,18.952816255669514,18.82707763973903,18.96777672672362,18.880612850849733
65.62641995720267,40582366036.62026,40348199884.83351,18.9340444122218,18.824792223382723,18.967198584183556,18.879317270797095
66.41791569625771,40614394728.57491,40343227633.17444,18.948987668004065,18.822472377525123,18.966591179811182,18.87799782945779
67.21895736979077,40620883840.38394,40338180342.71871,18.952015217730395,18.820117521685425,18.96621020011962,18.876654269534367
68.02966010775216,40554123452.762726,40333056713.35559,18.920867597035816,18.81772704928602,18.965502712461454,18.875286325761586
68.85014042863149,40614609661.84986,40327855450.00444,18.94908794693235,18.815300356096138,18.964781525807886,18.873893724815876
69.68051625620426,40628008360.78818,40322575222.009766,18.955339222684366,18.81283682128726,18.964484212670516,18.872476185336087
70.52090693648064,40609094156.47978,40317214672.32358,18.946514641483905,18.810335811717227,18.964162389827223,18.871033417771738
71.37143325485853,40611468797.32418,40311772459.835175,18.94762255015464,18.807796701679553,18.963757485920148,18.86956512452067
72.23221745348323,40598350899.4395,40306247202.84924,18.9415022844974,18.80521884653266,18.963302285811455,18.868070999981672
73.10338324881701,40673577654.62064,40300637451.01608,18.97659996022931,18.80260156960369,18.96320406029532,18.866550730139362
73.98505584942022,40725330529.79114,40294941747.92567,19.000745699688025,18.799944191392292,18.963809175532987,18.865003992352662
74.87736197394675,40698849228.57514,40289158621.98664,18.98839062574126,18.79724602531513,18.964537033705913,18.863430455441446
75.78042986935695,40598851378.01682,40283286550.78907,18.941735786989636,18.794506361079037,18.96454618689205,18.8618297795229
76.69438932934987,40490702306.27415,40277323977.44273,18.891277927394444,18.79172447230378,18.963404466363553,18.860201615746828
77.61937171301778,40572132741.83014,40271269350.19708,18.929269982414905,18.78889963500708,18.96214840712494,18.858545606347224
78.55550996372601,40568046608.68029,40265121073.84379,18.927363562605287,18.786031104931062,18.961346739779284,18.85686138464017
79.50293862822011,40669114606.42023,40258877494.74915,18.974517687530764,18.783118110559016,18.961103548534673,18.855148574671478
80.4617938759637,40576906889.891426,40252536961.44462,18.931497401371736,18.78015988138438,18.960908684997303,18.853406791127444
81.43221351870939,40630491420.36467,40246097780.75052,18.956497715027005,18.77715562743994,18.960509805313862,18.85163563933652
82.41433703030589,40564375883.28991,40239558202.503494,18.925650954781883,18.774104532172238,18.9600471539198,18.849834714945075
83.40830556674398,40522023186.03012,40232916469.19115,18.90589094743853,18.771005775599086,18.958996768342693,18.848003603792872
84.41426198644395,40573291169.004105,40226170793.8752,18.929810456362148,18.767858524009384,18.95802364281803,18.846141881941424
85.4323508707883,40591581599.62681,40219319337.06203,18.93834401069992,18.764661919171903,18.957456915457154,18.84424911545178
86.46271854490156,40565842336.24559,40212360221.05661,18.926335140749902,18.761415085032233,18.956860988017354,18.842324860120357
87.50551309868081,40538431425.83934,40205291538.994705,18.91354634981191,18.758117131926806,18.95598537330057,18.840368661350066
88.56088440808018,40540390771.41612,40198111341.5571,18.914460498980446,18.754767150384343,18.954990810699552,18.838380054000286
89.62898415665175,40516291819.937485,40190817607.690796,18.903216930353306,18.75136419746556,18.953896586574924,18.836358562004552
90.70996585734608,40536310637.56249,40183408295.15863,18.91255687819297,18.747907320347515,18.952807198045157,18.834303698117584
91.80398487457624,40425716261.363205,40175881392.229195,18.860958141224067,18.744395580439996,18.95123869887509,18.832214964233316
92.91119844654749,40522539976.2744,40168234827.3293,18.90613206027626,18.74082801123309,18.94963812400483,18.830091851477132
94.03176570785615,40588607913.45643,40160466423.10707,18.936956612390833,18.737203596864962,18.948974720627348,18.827933839544084
95.16584771236167,40484177740.92321,40152573959.92694,18.888233836519763,18.733521301745956,18.948109365626404,18.82574039615351
96.31360745633391,40482625109.156235,40144555198.4282,18.88750944310206,18.729780081083483,18.946682174648288,18.82351097699077
97.47520990187972,40567735535.83605,40136407863.1218,18.927218428951843,18.725978873228986,18.945753474788077,18.82124502568315
98.65082200065248,40554871555.17741,40128129628.18687,18.921216630513353,18.722116593051148,18.94524282353809,18.8189419736072
99.84061271784705,40584908675.28014,40119718106.501274,18.935230701687203,18.718192126818064,18.944840604323364,18.816601239561628
101.04475305648423,40588517917.94721,40111170870.546005,18.936914624228613,18.714204341950303,18.944632995668087,18.814222229503976
102.26341608198875,40438737116.19236,40102485452.169556,18.867033130627046,18.71015208691101,18.943617362779143,18.811804336406922
103.49677694706244,40588288159.831856,40093659325.246376,18.93680742864627,18.706034183115044,18.942634438660008,18.809346940020426
104.74501291685849,40524723551.00045,40084689914.02423,18.907150825441484,18.70184942882353,18.94214297155303,18.806849406590587
106.00830339445916,40592074765.542816,40075574588.26749,18.938574101408477,18.697596596877894,18.941688413055598,18.804311088603963
107.28682994666,40495936872.034424,40066310654.74478,18.893720158103577,18.693274430728376,18.94108010942784,18.801731324464054
108.58077633006585,40439412806.881355,40056895364.74647,18.867348379804554,18.68888164794136,18.93964379753693,18.799109438170383
109.89032851750162,40486309489.43758,40047325935.548004,18.88922842172976,18.684416950213294,18.938191731990006,18.79644473916588
111.21567472474072,40532427045.50906,40037599517.3256,18.910744955636453,18.679879007934897,18.937288113941158,18.793736522121815
112.5570054375567,40566925125.43248,40027713187.56698,18.92684032515771,18.67526645758348,18.9368510659407,18.790984066514955
113.91451343910114,40482332641.65052,40017663975.31958,18.887372989925886,18.670577913036116,18.936143565239266,18.788186636318965
115.28839383761098,40466631886.57382,40007448847.448685,18.8800476705086,18.66581195915828,18.934900807909884,18.78534347975982
116.67884409445062,40425307300.65576,39997064693.51961,18.86076733716423,18.660967144750487,18.93337147707792,18.78245382891751
118.08606405249265,40483599611.14744,39986508345.95754,18.887964105207384,18.65604199195406,18.931975456249795,18.77951689936623
119.51025596483952,40630940680.730446,39975776599.16821,18.956707321231594,18.651035005172,18.931751954682774,18.776531890040104
120.95162452389278,40538676204.50151,39964866146.99511,18.91366055335678,18.645944641889177,18.93183020790331,18.77349798285947
122.410376890773,40678713012.01778,39953773598.20216,18.97899590444169,18.640769319895856,18.93217833118951,18.770414342108456
123.88672272509324,40427035633.71187,39942495547.173935,18.86157370549706,18.63550745027349,18.931888214553595,18.767280114305446
125.38087421509283,40513079404.27141,39931028492.85808,18.901718150788874,18.630157399576646,18.93070073536909,18.76409442801441
126.89304610813464,40512509694.64671,39919368829.82692,18.901452347968842,18.6247174856627,18.93001091851968,18.760856393165607
128.42345574156886,40401567748.11487,39907512907.89927,18.849691449136163,18.619186005508897,18.92871748535025,18.757565100674867
129.97232307397022,40445640639.19835,39895456989.37613,18.87025402738497,18.61356121526031,18.92709025932017,18.754219622161582
131.53987071675215,40458734938.34864,39883197247.18592,18.876363282854076,18.607841329364494,18.925816510650563,18.750819009428213
133.12632396616075,40438209800.308846,39870729783.15323,18.866787106963745,18.602024529094894,18.924530756827803,18.747362294043427
134.731910835656,40298164581.03735,39858050625.48863,18.801447831303648,18.596108961379734,18.922384064717175,18.743848487021616
136.3568620886835,40385929827.446945,39845155716.078804,18.842395445641095,18.59009273287209,18.920006837563037,18.740276578425444
138.00141127184006,40468470919.457375,39832040897.99186,18.880905686777567,18.583973904120402,18.9186270075136,18.73664553683861
139.66579474844085,40390093271.37422,39818701926.37362,18.844337935444567,18.57775049465223,18.917297547629868,18.73295430884299
141.35025173249107,40360703926.41402,39805134465.36067,18.830626089215087,18.57142048153401,18.915405601112983,18.729201818550862
143.05502432306622,40417204572.3057,39791334090.644516,18.856986941060615,18.564981800567374,18.91371116239961,18.72538696714557
144.78035753910876,40342091997.31595,39777296291.86445,18.82194253705793,18.558432347405578,18.911949643367695,18.721508632460385
146.5264993546428,40433050807.888794,39763016447.15016,18.864380135632516,18.551769965676137,18.910322938588372,18.71756566843897
148.2937007344144,40266130483.88632,39748489831.35104,18.78650205368152,18.54499245082026,18.90830640594717,18.71355690451458
150.0822156699622,40353737382.77031,39733711631.58685,18.82737578964826,18.53809755734817,18.90590773110237,18.709481145135584
151.8923012161215,40390674797.144135,39718676924.18893,18.844609251186593,18.53108298808081,18.904252538306597,18.70533716925944
153.72421752796987,40354592886.584045,39703380673.02775,18.82777493215241,18.52394639336958,18.902638869164964,18.701123729722735
155.57822789821867,40218932670.33865,39687817740.36948,18.76448151655796,18.516685376161508,18.90011094712115,18.696839552677314
157.45459879505376,40244485814.74138,39671982875.92138,18.7764035511322,18.50929748688834,18.897039716861553,18.69248333703845
159.35359990043426,40272151629.076065,39655870707.852646,18.789311269643253,18.501780219277197,18.894335450179796,18.68805375383604
161.2755041488532,40371495388.51158,39639475744.68696,18.83566093667676,18.49413101123359,18.892399583766895,18.683549445542376
163.22058776656405,40340995109.51869,39622792380.55845,18.8214307748248,18.486347247293622,18.890885764230312,18.67896902545538
165.189130311282,40177354338.07161,39605814885.954185,18.745082795718965,18.478426254304814,18.88833041989303,18.674311077073952
167.1814147123639,40324426496.223885,39588537398.73013,18.81370054885203,18.47036529723453,18.88575433826765,18.66957415338726
169.1977273114714,40281554036.818726,39570953935.1522,18.79369804210548,18.46216158432127,18.883808887133636,18.664756776192878
171.23835790372596,40099797837.79325,39553058388.41646,18.708898157805002,18.453812266384265,18.880663448086437,18.659857435483566
173.30359977936027,40193055874.00218,39534844505.53724,18.7524084794502,18.445314426040436,18.877112529128006,18.65487458871191
175.3937497658705,40290389399.24786,39516305879.519005,18.797820254804474,18.436665074052083,18.87469923462847,18.649806659901884
177.5091082706783,40145273006.13223,39497435976.18303,18.730114980308812,18.42786116184314,18.872070996927174,18.64465203888765
179.64997932430765,40154181420.17198,39478228126.60904,18.734271275851533,18.41889957797272,18.868757334975477,18.639409080675676
181.81667062408056,40211665123.57535,39458675496.83411,18.761090781452467,18.40977713399791,18.865890724922057,18.634076104612067
184.00949357834142,40208207538.85161,39438771096.177734,18.759477616200858,18.40049056835789,18.863388602753158,18.628651393449356
186.22876335121506,40187167602.22248,39418507783.76106,18.74966125669617,18.391036549415528,18.86080978490932,18.62313319251744
188.4747989079024,40115062568.32172,39397878263.42062,18.716020046299768,18.38141167308436,18.857775578355255,18.617519708921677
190.74792306052458,40162390118.75069,39376875073.00682,18.738101113257155,18.37161245783569,18.854680273971606,18.61180911067252
193.04846251451977,40133119833.12478,39355490567.806564,18.724444815162084,18.36163533696428,18.85175556423884,18.605999525684876
195.37674791559772,40096939609.15997,39333716931.32908,18.70756462718153,18.351476663620584,18.84853818519249,18.600089040769962
197.73311389726268,40183277524.39418,39311546193.20892,18.747846308146805,18.34113271916353,18.845678302092438,18.59407570080996
200.11789912890913,40128052583.75737,39288970190.07526,18.72208064732417,18.33059969490374,18.843053440216032,18.58795750783292
202.53144636449608,39990801546.20977,39265980560.661514,18.658045020662954,18.31987368982194,18.8394242719921,18.58173241986747
204.97410249181,39990912396.23291,39242568770.94838,18.658096738674153,18.30895072229959,18.835127689203144,18.575398349937583
207.44621858232193,40115452621.144135,39218726078.47075,18.71620202872672,18.297826713466023,18.831625944125136,18.568953165020808
209.94814994164432,40106829135.82081,39194443530.72361,18.712178669074582,18.28649748645468,18.828843398997286,18.562394684826256
212.48025616059775,40061317078.98484,39169711984.95206,18.690944635932055,18.274958775636318,18.82582635885696,18.55572068070282
215.04290116689413,40044880081.81009,39144522086.474365,18.683275816567765,18.26320621650545,18.82253938085886,18.548928874561415
217.63645327744084,40034315474.29127,39118864272.893845,18.678346810018997,18.25123534764542,18.819181239274535,18.54201693772717
220.26128525127794,39970706738.222305,39092728754.76115,18.64866961888016,18.23904160170625,18.81549095941701,18.534982489734336
222.91777434315375,39962053458.8758,39066105498.38307,18.644632358575763,18.226620297383935,18.811490551640752,18.527823096947955
225.60630235774448,39916342300.59652,39038984247.505295,18.623305432979237,18.213966649536705,18.807283231529134,18.520536271244374
228.32725570452996,40031976300.51027,39011354507.012436,18.677255448805177,18.20107576158015,18.803567385195226,18.513119468751416
231.08102545333108,39829962053.89079,38983205534.15665,18.583004001909668,18.187942621394853,18.79945164416119,18.505570088480102
233.86800739051486,40032700539.21272,38954526349.05443,18.677593348466942,18.174562106223764,18.795450824002558,18.49788547099902
236.68860207588085,39947012571.9972,38925305704.03224,18.637614906219692,18.16092896837013,18.792182150312517,18.49006289702725
239.54321490022994,39853060944.9956,38895532076.13997,18.59378098395297,18.1470378317046,18.787997811125564,18.48209958585068
242.4322561436301,39973038717.108475,38865193672.670395,18.649757623255244,18.132883194240375,18.78406353494889,18.473992693765314
245.35614103438468,39962527650.42061,38834278410.47406,18.64485359663175,18.118459418482384,18.780823146711395,18.465739312472856
248.31528980870976,39910272502.15361,38802773937.41164,18.620473517432778,18.103760741436073,18.777311249708617,18.457336467519873
251.31012777113347,39909502147.947174,38770667634.5587,18.620114102194528,18.088781275636045,18.773591199997593,18.44878111690411
254.3410853556237,39850107106.4893,38737946559.59899,18.5924028457386,18.07351498273573,18.76962482054295,18.440070149411152
257.408598187451,39758550234.25781,38704597442.52505,18.549686216463932,18.05795567150147,18.76491706490685,18.43120038265565
260.5131071457995,39719214757.14935,38670606702.36902,18.53133391857486,18.04209700561842,18.759599158353552,18.42216856123833
263.6550584271334,39769722128.31229,38635960432.019394,18.554898557656784,18.025932496606654,18.754471963736137,18.412971354954173
266.8349036093247,39750372742.410324,38600644395.01846,18.54587093882139,18.00945550232702,18.74963613129603,18.403605356941842
270.05309971655794,39803592148.74117,38564644003.01672,18.570700900735172,17.99265921646229,18.745104465378063,18.394067081733983
273.31010928501604,39663059536.746124,38527944311.70385,18.50513422789804,17.9755366666187,18.740191181211767,18.38435296320724
276.6064004293574,39650300056.16522,38490530025.08536,18.499181184850286,17.9580807163213,18.73455131944299,18.374459352582285
279.9424469099964,39725897121.0047,38452385467.23951,18.534451631669793,17.940284051836876,18.729395294104908,18.36438251633766
283.3187282011958,39628504139.08349,38413494573.70828,18.48901211630317,17.922139178157337,18.724235231604972,18.354118633970046
286.7357295599775,39734380096.34593,38373840884.69139,18.538409435207264,17.90363841582434,18.719251037955893,18.343663795722467
290.1939420958668,39591191071.84973,38333407532.255554,18.47160339076157,17.88477389496165,18.71417045567468,18.333014000257773
293.69386284147885,39409174864.1205,38292177241.010704,18.386682197212146,17.865537555590645,18.707411610272846,18.322165152320768
297.2359948239523,39487566667.851135,38250132308.29378,18.42325655298161,17.845921138384885,18.70024880940085,18.311113060349253
300.8208471372484,39369782319.809586,38207254578.86356,18.368303274139492,17.825916172863792,18.693031494274617,18.299853433892114
304.44893501532135,39385256659.80037,38163525448.19643,18.375522957692958,17.805513978930293,18.68542413777726,18.288381880967883
308.1207799061689,39257430151.18477,38118925851.021576,18.315884424321023,17.784705661521844,18.67737131763174,18.27669390544022
311.836909546778,39433128666.97197,38073436227.02698,18.397858045525723,17.76348209461025,18.669783917663057,18.264784904201967
315.5978580389755,39385842418.907364,38027036525.34397,18.375796248534026,17.741833923293992,18.66307859878801,18.25265016426242
319.4041659261899,39153876394.05439,37979706206.60694,18.26757054743199,17.719751564759182,18.65498265072842,18.24028485993966
323.2563802711419,39159218981.97466,37931424209.45801,18.27006317678897,17.697225192652052,18.645833869005813,18.227684049944582
327.15505473447257,39292426823.33694,37882168909.87942,18.33221241624272,17.674244718105133,18.637671815076438,18.214842674123798
331.100749654316,39105549938.33458,37831918137.4356,18.245023432804455,17.650799797315123,18.62939591268753,18.201755550146636
335.0940321268354,39383189765.83689,37780649160.42917,18.374558630919488,17.6268798246173,18.62183309882378,18.188417370277335
339.13547608772984,39324980364.38797,37728338638.42525,18.347400544787988,17.602473910335345,18.61565108386341,18.174822697878152
343.2256623947215,38940361187.851105,37674962631.03438,18.167953231051527,17.577570884879073,18.607157292554064,18.160965963783408
347.36517891104063,38685251507.80971,37620496604.06177,18.04892966284624,17.552159301613422,18.595333370121047,18.14684146284183
351.5546205899174,39187161350.16121,37564915366.168976,18.283099923827063,17.526227407307438,18.585178672173132,18.13244335022245
355.79458956008955,38725374564.660126,37508193051.05259,18.067649412692134,17.499763133819574,18.57545438349225,18.11776563736095
360.08569521234466,38978993284.77328,37450303127.91282,18.1859773609951,17.47275410298191,18.56483367730313,18.10280218796241
364.428554287106,38988857032.957504,37391218344.524826,18.19057937572294,17.44518760003959,18.555912734824993,18.08754671383969
368.82379096307136,38774033626.374344,37330910723.256325,18.090351707445542,17.417050571792817,18.546062930432385,18.071992770515532
373.2720369469261,39009842462.35958,37269351558.901085,18.20037030442212,17.388329625586042,18.536577396650692,18.056133752894965
377.7739315641329,38852055093.87868,37206511362.52258,18.126753279731908,17.359011003107756,18.527734762062657,18.039962890716073
382.3301218508199,38996425955.07105,37142359834.82017,18.194110720034438,17.329080567964244,18.519037485006642,18.023473243651964
386.94126264677766,38884009665.2882,37076865865.48233,18.141661953950052,17.298523805377844,18.510714361607825,18.006657696378863
391.60801668957356,38890196408.918884,37009997494.09959,18.14454843125807,17.26732580395054,18.50200524738329,17.989508953540238
396.33105470980524,38568112713.73577,36941721886.92367,17.994277572640645,17.23547124482075,18.49174569263685,17.972019534486176
401.11105552750286,38570650804.38852,36872005315.50652,17.995461740195044,17.202944391697184,18.479973894083784,17.954181767891036
405.94870614969005,38497624476.5032,36800813104.00974,17.96139069233661,17.169729066275597,18.468088912638418,17.93598778608829
410.84470186912574,38533022047.93617,36728109604.17183,17.9779057271917,17.135808636559574,18.456281132919415,17.9174295191109
415.7997463642362,38317856303.64428,36653858189.46612,17.877518338375207,17.101166014134858,18.443751256738963,17.89849868870296
420.81455180024926,38484939144.02995,36578021178.91001,17.95547224371251,17.0657836186219,18.4312651544133,17.879186802017454
425.88983893155137,38493255592.3327,36500559806.23601,17.959352352658698,17.029643363292337,18.420039007631225,17.8594851448733
431.02633720527984,38262910784.737236,36421434250.07285,17.85188304411218,16.99272666915028,18.407843815078838,17.839384775170746
436.22478486616023,38242409687.8074,36340603534.719765,17.84231808480403,16.955014418637678,18.394558124647872,17.81887651607669
441.48592906261183,38177579584.4747,36258025478.21818,17.81207105448937,16.91648693140677,18.381114118800063,17.797950948537775
446.81052595413337,38162892218.30165,36173656668.685684,17.805218540193675,16.87712395327846,18.36755080936352,17.776598403553916
452.1993408199794,37921473333.14625,36087452421.180664,17.692582527563047,16.836904636117175,18.35288587917734,17.754808954265073
457.65314816915196,37868608894.634964,35999366776.367096,17.667918178872867,16.7958075372079,18.33694818832086,17.732572407981092
463.17273185171797,37969837742.81861,35909352383.19612,17.71514734992656,16.753810564520293,18.321660495292292,17.709878297740776
468.7588851714661,37666556276.31369,35817360479.58964,17.57364882933695,16.710890967696436,18.305604889415815,17.686715873318985
474.41241099992544,37886563569.128876,35723340858.42199,17.676295083363055,16.667025322179313,18.28948676552141,17.66307409215163
480.1341218917604,37573515601.1008,35627241753.883415,17.530239919293745,16.622189476194723,18.27321863208454,17.63894160965683
485.9248402015522,41505376191.06192,35529009797.4068,19.364682567753686,16.576358530188536,18.27747700834396,17.6143067689162
491.7853982019932,37655718667.471855,35428590014.67752,17.568592451723372,16.529506835431604,18.281831025538292,17.589157590341777
497.7166382035078,37079820745.63387,35325925766.92432,17.299902429580573,16.481607966628527,18.261731174681227,17.563481761244887
503.71941267531,37578388763.93601,35220958588.222786,17.53251353442665,16.432634646010232,18.2417157337251,17.537266624425108
509.79458436792675,37106468868.21541,35113628147.02455,17.312335335439386,16.382558725385078,18.222289622408304,17.510499165921846
515.9430264371982,36817060771.34534,35003872257.514206,17.17730955221004,16.331351191437538,18.19912208774179,17.48316600290789
522.1656225697697,36882098275.425415,34891626753.39439,17.207653347088858,16.278982106841553,18.175275123879555,17.45525337123043
528.4632671101007,37202476656.80931,34776825344.77296,17.35712857720148,16.225420543490063,18.154131713628868,17.426747111758203
534.8368651890073,36961962427.82384,34659399547.44179,17.244914639520445,16.170634549499407,18.13391204039491,17.397632655872656
541.2873328537482,36554373818.23955,34539278646.54876,17.054750743486863,16.1145911322602,18.110583936427396,17.367895010712328
547.8155971996863,36802663605.78173,34416389608.65083,17.170592433450988,16.057256217404937,18.086949832267212,17.337518744078327
554.4225965035367,36918069274.80711,34290656903.21274,17.224435919579346,15.998594565526746,18.065881332842434,17.306487968221752
561.1092803582181,36523571662.550156,34162002466.671513,17.04037973852158,15.938569755413337,18.043752605608724,17.274786322834828
567.8766098093348,36433960908.66551,34030345548.212513,16.998571087140007,15.877144112092552,18.01948267692316,17.242396957390124
574.7255574933044,36162400823.5178,33895602453.454315,16.87187244398712,15.814278587246372,17.99378559886053,17.2093025116258
581.6571077771479,36184788511.185684,33757686643.028805,16.8823176080815,15.749932805204294,17.96732994214302,17.175485095633224
588.6722568999686,35561332281.65349,33616508787.57329,16.591438857237183,15.684065088600368,17.938157684595254,17.140926271263645
595.7720131161401,36047811683.040565,33471976140.031544,16.818409916124736,15.616632165514956,17.9089562968208,17.105607030787517
602.9573968402125,36406004331.00119,33323992445.529175,16.98552771055047,15.54758912742634,17.885110827381595,17.06950777210999
610.229440793577,35179201937.58831,33172458084.65246,16.4131527292362,15.476889496058657,17.85697715711647,17.03260827487503
617.5891901528903,35842420030.2218,33017269635.40442,16.722582711942977,15.40448501900883,17.82645781870821,16.99488767548743
625.0377027002941,35379332177.575615,32858319811.953316,16.506525176981825,15.330325641169148,17.797730305350484,16.95632443997942
632.5760489754474,35399581822.988205,32695497295.875713,16.51597281946841,15.25435942599231,17.767251931405564,16.91689633624544
640.2053124293863,35221843489.523575,32528686413.701996,16.433047504159372,15.176532405047574,17.736618676840553,16.87658040421481
647.9265895802449,34624809783.45018,32357766978.05418,16.15449640400453,15.096788503902248,17.7024152766115,16.83535292407626
655.7409901708554,34895654237.15952,32182613918.74892,16.28086116328715,15.015069370009718,17.66724818431309,16.79318938233159
663.6496373282415,34000016828.577293,32003097139.21556,15.862993992702744,14.931314305720056,17.62942251256156,16.750064435828588
671.6536677250424,34063346567.507122,31819081436.82922,15.8925410153783,14.845460231110774,17.587924768216904,16.705951875414428
679.7542317428836,34449807946.031815,31630425778.494396,16.072847823956,14.757441346004244,17.549906791036175,16.66082458598472
687.9524936377117,34351928196.29705,31436983021.372555,16.027181202969366,14.6671889996708,17.514368415767546,16.61465450194673
696.249631707129,33990594294.65342,31238599932.93831,15.858597830201294,14.574631700186137,17.4771252974433,16.56741256231494
704.6468384597479,32957700993.913166,31035116616.27877,15.376692767996325,14.479694846299862,17.4330366697948,16.519068663785397
713.145320786579,34850828430.843765,30826366063.487877,16.259947306100255,14.382300519067881,17.39484385925655,16.469591609281544
721.746300134495,33240910388.46903,30612173659.89492,15.508826494493206,14.282367250546033,17.359005096107925,16.418949052509088
730.451012681785,34225619859.75156,30392356638.73358,15.968250985553553,14.179809769361336,17.32064596974309,16.367107438068803
739.2607095158205,32957601308.151344,30166723671.37336,15.3766462587652,14.074538809531031,17.281555216893715,16.31403193771414
748.176656812871,33354730897.4995,29935074330.896885,15.561930410885365,13.966460860190038,17.238632527090186,16.259686382885302
757.2001360200866,32746973442.94665,29697198405.294548,15.278376055627254,13.855477845156148,17.195529363660313,16.20403319207619
766.3324440396711,36301144987.935455,29452875035.90048,16.93660470155559,13.741486720960074,17.16986951729308,16.1470332913589
775.5748934152812,48881849771.68857,29201872464.141888,22.80623839658671,13.624379358689215,17.23429090110254,16.088646030649862
784.9288125206746,32700976401.120678,28943946808.39194,15.256915748656047,13.504041973318088,17.27633577817565,16.028829093767936
794.3955457506266,31707268612.341736,28678841104.71025,14.793293016838655,13.380354676157717,17.222967156910265,15.967538398570385
803.9764537141556,31754076124.673653,28406284306.468952,14.815131455645263,13.253191008122764,17.16566407427388,15.904727988622945
813.6729134300795,30350887993.576637,28125990164.47516,14.160462223966675,13.12241741724324,17.10217412086459,15.840349915714237
823.4863185249237,31487379220.119427,27837656525.297436,14.690701770326395,12.987892931292809,17.038798513060367,15.774354115100186
833.4180794332223,29696342193.439026,27540963293.59807,13.855078372309148,12.849468207097766,16.97320985698948,15.706688268519994
843.4696236002361,31045480291.35089,27235570798.56153,14.484530106124593,12.706984768380485,16.906836855219833,15.637297650180686
853.6423956871075,29384672739.350113,26921118370.020836,13.709666365519613,12.56027434143919,16.840214098106888,15.566124959499716
863.9378577784973,29390926412.479225,26597223548.499905,13.712584069348395,12.409158486586565,16.766080589069162,15.493110145595649
874.3574895927261,29588401114.460484,26263478263.10334,13.804717553488514,12.253446814912074,16.694835736814266,15.418190210346618
884.9027886944416,29498619116.065292,25919446045.325436,13.762829006539363,12.092935688361099,16.625864482470156,15.341298979626242
895.5752707098593,29478944444.78486,25564660948.253536,13.75364962307307,11.927407715480166,16.55792465780795,15.262366858643734
906.3764695445994,28420985515.56261,25198623454.59251,13.260049980949569,11.756629842271337,16.48560418481042,15.181320564391827
917.307937604142,28569719846.028206,24820796946.388565,13.329443234564119,11.580351705112138,16.410011984978773,15.098082822325447
928.3712460169497,27277416778.90686,24430603946.245857,12.726508362682909,11.398303877063535,16.32984268219947,15.012572029933814
939.5679848602816,30011937419.648796,24027420441.0479,14.002321981120641,11.21019521955439,16.259676987544072,14.924701876073865
950.8997633887208,26498074588.110687,23610571092.320656,12.362899704687523,11.015710647736045,16.1866593738051,14.834380911508763
962.368210265473,26389190134.820652,23179323150.454006,12.312098746642503,10.814508291111144,16.095462273252934,14.741512069471783
973.9749737964391,26838348299.33143,22732878301.994934,12.521657268372975,10.606215689819637,16.008324907816338,14.645992118827278
985.7217221671224,26245067771.578194,22270361533.873344,12.244857245149843,10.390424599149636,15.922420912264256,14.547711023484695
997.6101436823909,25021709928.048523,21790810979.824596,11.674089347572629,10.166686252300387,15.828491062025817,14.446551199359726
1009.6419470091245,23375017775.466976,21293175681.03165,10.905811265360725,9.934510315591014,15.72091035561708,14.342386720708364
1021.8188614217956,24967643132.53078,20776291500.785786,11.648864029102148,9.69335365124279,15.61568692618704,14.235082399049126
1034.1426370510137,22722843095.118534,20238855009.017563,10.601533679595981,9.442608132987253,15.509224859403401,14.124492606390074
1046.6150451350566,20916032504.774624,19679410575.836987,9.758550992702515,9.181594624448769,15.382907129885083,14.01045991110687
1059.2378782744452,21537672449.715717,19096323331.19894,10.048582340685153,8.909550363248856,15.253112341105183,13.892813524893047
1072.0129506895892,19741585605.88216,18487747426.508163,9.210602907976256,8.625614153190886,15.11982159191251,13.771367461490687
1084.9420984815295,19958648948.736023,17851575230.380688,9.31187563737187,8.328802661115018,14.981028481728277,13.645918282215815
1098.027179895836,21041049234.617775,17185372992.28521,9.816878600141298,8.017980400228629,14.852734174269155,13.516242258088605
1111.270075589688,20718001021.21322,16486330418.692863,9.666157737430353,7.691836204434627,14.731629616614265,13.382091965401782
1124.6726889021647,19704667688.273117,15751143395.321653,9.193378542817616,7.348828511407596,14.605985458362666,13.243192032877863
1138.2369461278074,17663889948.49553,14975875223.633041,8.241236513307685,6.987120621313452,14.466404530235767,13.099233573782582
1151.9647967934795,16391101023.9225,14155796792.15051,7.647406128861802,6.604506127393014,14.311842539718704,12.949867098993849
1165.8582139385567,14133394054.315672,13285120235.928446,6.594053941516581,6.198284652545713,14.141397418797743,12.794693239091416
1179.919194398505,15170504992.074253,12356610392.959185,7.077926777767735,5.765080571046348,13.968353607917066,12.633250062793453
1194.1497590918812,13197162984.255934,11360990312.332092,6.157247456536946,5.300565643373512,13.794135418908937,12.464995255977149
1208.5519533107824,10663731509.997562,10286059406.755388,4.975253681071917,4.799047582847091,13.599118171085376,12.289280553955527
1223.1278470148095,16722798859.22168,9115178973.01585,7.802162545462187,4.252763462453005,13.428491379439642,12.10531351451625
1237.879535128577,9177157450.807037,7824492211.273575,4.281680042872227,3.650582691449092,13.253240336875194,11.912096420069874
1252.8091378427982,16081013508.975166,6377408276.856771,7.5027321890922405,2.975433503308207,13.079072975853228,11.708320686720757
1267.918800919016,10853873563.900797,4710200961.626076,5.063966056540273,2.19758389930843,12.917896946703728,11.49215340182666
1283.210695998004,7461541240.034578,2697466833.6624503,3.4812448612521787,1.258525852903022,12.712962134375507,11.26075775238018
1298.6870209118815,0.0,0.0,0.0,0.0,12.452760577643518,11.008789247847771
1314.35,0.0,0.0,0.0,0.0,12.157732390865796,10.747971326378888
