R_kpc,Sigma_bar,Sigma_eff,kappa_bar,kappa_eff,kappa_bar_mean,kappa_eff_mean
1.0,39625486921.47069,39628521426.859406,17.864356716733823,17.86572476267936,0.0,0.0
1.0120606264911474,39625531510.19401,39628564889.345055,17.864376818666212,17.865744356870064,0.4232388248629549,0.42327123026930746
1.0242667116936537,39625580610.813156,39628609414.498634,17.86439895469642,17.865764430143308,0.8364508649177229,0.8365148774280777
1.0366200099307066,39625619176.34126,39628655028.41412,17.864416341191944,17.86578499426304,1.2398736399944883,1.2399685243586793
1.0491222966837304,39625666283.925674,39628701757.979324,17.86443757870238,17.86580606135109,1.6337390652689128,1.6338641254627309
1.0617753688475675,39625714621.109604,39628749630.70342,17.864459370553117,17.86582764380942,2.018273623415415,2.0184281400174324
1.0745810449887383,39625764316.81134,39628798674.83512,17.864481774864384,17.865849754373393,2.3936983932031284,2.393881662372183
1.0875411656068144,39625814844.46308,39628848919.34276,17.864504554243638,17.865872406102802,2.7602292135048176,2.7604405490610997
1.1006575933989453,39625865843.24486,39628900393.80103,17.86452754602243,17.86589561233081,3.1180768048502565,3.1183155429033254
1.113932213527575,39625920606.20778,39628953128.506966,17.864552234806858,17.86591938671622,3.4674469111992012,3.467712394163175
1.127366933891388,39625973255.2474,39629007154.575645,17.864575970571327,17.86594374328665,3.808540387969739,3.808831978840945
1.1409636853995222,39626027282.43896,39629062503.91237,17.86460032764798,17.865968696425956,4.141553319513005,4.1418704141615335
1.1547244222490889,39626084649.88922,39629119209.26091,17.864626190613336,17.865994260896016,4.46667717366988,4.467019171327028
1.1686511222060412,39626144358.48786,39629177304.15616,17.864653109038525,17.866020451815366,4.784098887113469,4.784465185598027
1.1827457868894284,39626200933.043915,39629236822.91834,17.864678614543415,17.86604728465659,5.094000932933312,5.094390963766619
1.19701044205908,39626262394.61887,39629297800.80807,17.864706323262844,17.86607477531623,5.396561475133073,5.39697468908395
1.2114471379067577,39626325515.32093,39629360274.02618,17.86473477996648,17.8661029401147,5.691954481930038,5.692390323702701
1.2260579493508208,39626390953.60426,39629424279.66326,17.86476428150519,17.86613179577356,5.980349786325408,5.980807708692222
1.2408449763344431,39626455118.3587,39629489855.70355,17.864793208898924,17.866161359417237,6.261913181874765,6.262392661683895
1.2558103441274293,39626524037.568794,39629557041.045815,17.864824279743708,17.866191648582458,6.53680654750963,6.537307072203258
1.2709562036316695,39626590396.16889,39629625875.62268,17.86485419618879,17.86622268127205,6.805187919659129,6.80570899474426
1.2862847316902777,39626661616.37685,39629696400.426704,17.864886304392353,17.866254475966684,7.0672115916305245,7.067752739639202
1.3017981314004599,39626735561.947235,39629768657.48828,17.86491964127096,17.866287051614925,7.32302822917014,7.323588961775837
1.3174986324301545,39626807994.480606,39629842689.86998,17.86495229602714,17.866320427630665,7.572784894372107,7.573364747212442
1.3333884913384921,39626885641.40006,39629918541.69566,17.864987301584797,17.86635462390627,7.816625178809962,7.81722369774097
1.34946999190012,39626960691.85407,39629996258.23585,17.86502113657804,17.866389660851034,8.054689265864415,8.05530601344733
1.3657454454334392,39627041074.41095,39630075885.963196,17.86505737544301,17.866425559416236,8.287114018853504,8.287748573316463
1.3822171911327976,39627124745.246574,39630157472.54299,17.865095096762555,17.86646234109081,8.51403308966644,8.514685013927934
1.3988875964046932,39627206134.83496,39630241066.838036,17.865131789627497,17.86650002790357,8.735576922968118,8.736245806287094
1.415759057208029,39627293127.89099,39630326718.932526,17.86517100870354,17.866538642433976,8.95187288575077,8.952558330836116
1.4328339983984741,39627378428.231606,39630414480.16586,17.86520946465276,17.866578207827363,9.163045330111693,9.163746950688198
1.4501148740769754,39627468998.273766,39630504403.264206,17.86525029634132,17.866618747854268,9.36921566069839,9.3699330831276
1.467604167942475,39627562086.29485,39630596542.36678,17.86529226321022,17.866660286922272,9.570502428041156,9.57123526941655
1.4853043936488803,39627656374.9362,39630690952.95348,17.865334771354707,17.866702850043378,9.767021352311081,9.76776924294807
1.5032180951663396,39627755929.476234,39630787691.86736,17.86537965352409,17.866746462844134,9.958885426908813,9.959647995783854
1.5213478471468749,39627851661.58541,39630886817.464325,17.86542281242712,17.866791151633127,10.14620494097249,10.146981843616679
1.5396962552944244,39627954624.783104,39630988389.66595,17.8654692313215,17.866836943424808,10.32908758183302,10.329878489194828
1.5582659567393489,39628058569.27669,39631092469.90467,17.865516092613472,17.866883865914755,10.507638510616012,10.508443084243837
1.5770596204174525,39628164557.97738,39631199121.19622,17.865563875495255,17.866931947512345,10.681960369525413,10.682778289921314
1.5960799474535783,39628273473.048805,39631308408.20766,17.86561297767264,17.866981217371432,10.852153379369502,10.852984335840253
1.615329671549826,39628385738.02868,39631420397.29397,17.86566359008912,17.867031705406827,11.018315393504627,11.019159077694471
1.6348115593784562,39628500453.72279,39631535156.54469,17.865715307361004,17.867083442315337,11.180541944383402,11.18139805351933
1.65452841097953,39628618999.733,39631652755.81045,17.865768751454144,17.86713645958771,11.338926303762198,11.339794538619836
1.6744830601633456,39628745472.14637,39631773266.74982,17.86582576900731,17.867190789529786,11.493559562952333,11.494439599197868
1.6946783749177292,39628861434.63432,39631896762.968155,17.865878048371208,17.86724646532506,11.644530577843781,11.645422144709832
1.7151172578202367,39628989459.09052,39632023320.045456,17.865935765631782,17.867303521047265,11.79192612257011,11.792828978984746
1.7358026464553273,39629118705.26616,39632153015.485504,17.86599403368008,17.86736199163742,11.93583097701343,11.93674485013117
1.7567375138365704,39629251834.39522,39632285928.81167,17.866054052280123,17.867421912947048,12.076327869221005,12.077252499261945
1.7779248688339402,39629387660.62478,39632422141.67838,17.866115286813876,17.867483321788416,12.213497575020694,12.214432708065692
1.7993677566062685,39629526965.02088,39632561737.91935,17.866178089409313,17.867546255956263,12.34741895441761,12.348364345252088
1.8210692590389104,39629669769.66889,39632704803.59792,17.866242470023185,17.86761075425053,12.478169003347125,12.479124411897324
1.8430324951866892,39629816847.99441,39632851427.07142,17.866308777338915,17.867676856505344,12.60582289784556,12.60678808571585
1.8652606217221832,39629967296.389404,39633001699.04587,17.86637660398294,17.867744603613698,12.730454032145447,12.731428764283843
1.88775683338942,39630122561.024536,39633155712.64687,17.866446601932314,17.867814037559405,12.852134064611368,12.853118107239375
1.9105243634630407,39630278519.04608,39633313563.50313,17.866516912481057,17.86788520145475,12.970932941419914,12.971926077483534
1.9335664842130058,39630439860.82207,39633475349.82777,17.866589650187606,17.867958139577148,13.086918954910496,13.087920981406365
1.9568865073748998,39630607691.16384,39633641172.48978,17.866665313134014,17.868032897401367,13.200158810289059,13.201169508160547
1.9804877846259143,39630776005.83589,39633811135.07858,17.86674119443102,17.86810952162862,13.310717606002948,13.311736768005357
2.0043737080665673,39630952979.26084,39633985343.991005,17.86682097935326,17.868188060225787,13.418658910244508,13.419686329743014
2.0285477107082346,39631129077.51206,39634163908.495384,17.86690036972096,17.8682685624543,13.52404477733455,13.525080257268888
2.0530132669665586,39631310659.71762,39634346940.83254,17.86698223241958,17.868351078915694,13.626935774969754,13.627979145256633
2.0777738931608125,39631499638.47295,39634534556.36003,17.867067429704445,17.8684356616166,13.727391079922322,13.72844215399922
2.102833148019282,39631691289.74232,39634726873.60246,17.867153831838706,17.868522363991474,13.82546845173391,13.82652704342553
2.1281946331907466,39631892247.059494,39634924014.31914,17.867244429418136,17.868611240933053,13.921224292080469,13.922290206311695
2.153861993762124,39632091571.548065,39635126103.63076,17.86733429086951,17.868702348849496,14.01471364282615,14.015786700706592
2.1798389187823672,39632305787.389046,39635333270.081696,17.867430865788712,17.868795745692456,14.105990272502213,14.107070281590198
2.206129141792668,39632508547.855156,39635545645.76985,17.867522276281704,17.868891491015628,14.195106621937628,14.196193431782863
2.232736441363065,39632727402.42487,39635763366.57922,17.867620942478798,17.86898964607959,14.28211389769286,14.283207392124252
2.2596646416355184,39632952654.174255,39635986572.22972,17.86772249271615,17.86909027387426,14.367062187302274,14.368162190938817
2.2869176128735367,39633182350.29024,39636215406.24879,17.86782604660712,17.869193439106112,14.450000329669555,14.451106672803256
2.314499272018431,39633414787.61272,39636450016.132126,17.86793083631611,17.86929920827063,14.530975987100664,14.532088526633146
2.3424135832522777,39633652118.13849,39636690553.558784,17.86803783202775,17.86940764974927,14.610035695216654,14.611154313106178
2.3706645585676736,39633899645.79426,39636937174.62424,17.868149424911103,17.869518833914547,14.68722492704555,14.688349491438053
2.399256258344359,39634153684.87834,39637190039.95563,17.86826395334143,17.869632833181992,14.762588086632297,14.76371844552589
2.4281927919327986,39634414983.272064,39637449314.768936,17.868381754486037,17.869749722035923,14.836168510463079,14.837304509473144
2.4574783182447963,39634681829.32024,39637715168.89936,17.868502056679482,17.86986957704313,14.908008503079392,14.909149992510281
2.4871170463512398,39634952838.69346,39637987777.00455,17.868624235824598,17.86999247694451,14.978149350228856,14.979296203326289
2.5171132360870474,39635231260.98266,39638267318.875786,17.86874975693433,17.870118502795375,15.04663136963557,15.04778347382646
2.547471198663417,39635519006.95907,39638553979.56051,17.868879481441606,17.870247738020637,15.11349395134057,15.114651182329657
2.578195297287452,39635815079.310135,39638847949.500496,17.869012959728042,17.87038026847717,15.178775556949523,15.179937776217345
2.6092899477892684,39636117998.366684,39639149424.71867,17.86914952471444,17.870516182537973,15.242513723600103,15.243680794047803
2.6407596192566607,39636423375.02881,39639458607.03396,17.869287197663066,17.87065557118906,15.304745067672794,15.305916887148522
2.6726088346774195,39636741130.71492,39639775704.24315,17.86943045144659,17.87079852811146,15.365505368043857,15.366681840699174
2.7048421715894047,39637064538.70736,39640100930.33218,17.869576253459154,17.87094514977644,15.424829572452252,15.426010594317217
2.7374642627384485,39637399832.088394,39640434505.7101,17.86972741376099,17.871095535551,15.482751798441063,15.483937262158108
2.770479796744201,39637741013.59155,39640776657.40117,17.869881228604697,17.871249787784485,15.53930535611556,15.540495152541618
2.803893518774003,39638091361.54256,39641127619.306564,17.870039175957725,17.871408011926547,15.594522752181486,15.595716787115606
2.837710231224885,39638453778.97059,39641487632.47131,17.87020256459261,17.87157031664751,15.648435756201932,15.649633919568537
2.8719347944137956,39638823772.899345,39641856945.29944,17.87036936894102,17.87173681393535,15.701075376334355,15.702277553901308
2.9065721272761507,39639201031.84764,39642235813.823364,17.8705394485779,17.87190761921715,15.752471860573165,15.75367796226872
2.941627208072808,39639589954.02555,39642624501.96944,17.870714786348135,17.87208285147882,15.80265476225954,15.803864702401112
2.977105075105571,39639985174.20882,39643023281.93699,17.87089296344788,17.87226263343597,15.851652929086224,15.852866634616738
3.013010827441318,39640396328.58952,39643432434.55528,17.87107832416123,17.872447091694852,15.89949454858176,15.900711938434972
3.0493496256448713,39640815383.44215,39643852249.49577,17.87126724664402,17.87263635684803,15.946207148453997,15.947428128798972
3.086126692520694,39641247907.74064,39644283025.56375,17.871462241556568,17.87283056360588,15.991817591502565,15.99304207191667
3.123347313863546,39641688776.13066,39644725071.10068,17.871660998235576,17.873029850977982,16.036352106126117,16.037580000730237
3.161016839218183,39642143258.57272,39645178704.41192,17.87186589253713,17.87323436246592,16.079836300430628,16.081067530023375
3.1991406826482205,39642607441.47215,39645644254.17165,17.8720751600955,17.873444246245864,16.122295182769854,16.12352967117526
3.237724323514275,39643086306.13349,39646122059.80447,17.87229104663201,17.873659655340592,16.163753174991754,16.164990846569026
3.2767733072614837,39643578139.77419,39646612471.89261,17.872512779972986,17.87388074780308,16.204234137588184,16.20547490366317
3.3162932462165258,39644080400.69566,39647115852.66441,17.87273921424454,17.874107686936718,16.2437613430057,16.245005128734334
3.356289820394258,39644595674.61192,39647632576.48303,17.872971515164025,17.874340641515623,16.28235751272418,16.28360426029974
3.396768778314074,39645126954.44373,39648163030.339554,17.87321103202979,17.874579786006983,16.32004485971658,16.32129450222684
3.4377359378261105,39645672504.60487,39648707614.39102,17.873456982387566,17.874825300813576,16.35684507725421,16.358097536537898
3.4791971869474256,39646229194.30586,39649266742.55715,17.873707954783658,17.875077372542812,16.392779318622484,16.394034535917264
3.521158484708249,39646804211.04529,39649840843.108955,17.87396718955777,17.875336194272094,16.4278682579427,16.429126175928676
3.56362586200845,39647391710.22447,39650430359.2667,17.87423205178971,17.8756019658184,16.462132086283802,16.46339264694941
3.606605422484327,39648001387.57131,39651035749.92312,17.874506912604108,17.87587489406432,16.495590537416515,16.496853665828795
3.6501033433858567,39648620922.13049,39651657490.33618,17.874786217345157,17.87615519327039,16.528262862858455,16.529528487278053
3.6941258764645224,39649260374.00844,39652296072.84817,17.875074501410246,17.876443085399256,16.56016784666675,16.561435914997837
3.7386793488718437,39649918939.88577,39652952007.698,17.87537140263893,17.876738800481913,16.591323876958565,16.59259431255031
3.7837701640687524,39650591851.43653,39653625823.87678,17.875674771327,17.8770425770034,16.621748876321437,16.62302161398257
3.8294048027459335,39651280882.07729,39654318070.037636,17.875985406983787,17.877354662312985,16.651460326939876,16.65273533420782
3.875589823755259,39651993797.14111,39655029315.439674,17.876306810454086,17.87767531304973,16.680475347947517,16.681752579150473
3.922331865052462,39652722216.2312,39655760150.96489,17.87663520360394,17.878004795600933,16.708810649093472,16.710090055661368
3.9696376446511854,39653472210.17197,39656511190.208954,17.876973323342877,17.87834338659392,16.73648253237136,16.73776408120938
4.017513961588521,39654250175.55142,39657283070.650024,17.877324053444426,17.878691373422935,16.763506980143863,16.764790593355443
4.06596769690221,39655041534.60701,39658076454.89049,17.87768082181646,17.879049054808988,16.78989955176,16.79118515901501
4.115005814619619,39655852638.41521,39658892031.9604,17.87804649171454,17.87941674138747,16.81567539467546,16.816962983514664
4.164635362758645,39656692538.94329,39659730518.728714,17.87842514403672,17.879794756344385,16.84084937982176,16.842138919448644
4.214863474340702,39657553267.05443,39660592661.43266,17.878813186057346,17.88018343610584,16.865436031049402,16.86672747534131
4.265697368415905,39658440553.43357,39661479237.31011,17.879213201340903,17.880583131073944,16.889449516597,16.890742824121173
4.317144351100639,39659354493.14043,39662391056.34305,17.879625232743148,17.880994206412847,16.912903699964147,16.914198811412277
4.369211816627631,39660289431.580666,39663328963.15228,17.88004673100354,17.881417042902918,16.935812086324646,16.937108963648555
4.421907248408684,39661255341.33723,39664293839.02801,17.880482192061258,17.881852037856177,16.958187884450954,16.959486496016876
4.4752382201102385,39662249379.942986,39665286604.05898,17.880930334446955,17.88229960607621,16.980044027844116,16.98134432023415
4.529212396741896,39663264730.212616,39666308219.543625,17.881388084769245,17.882760180945134,17.001393091872927,17.002695052164444
4.583837535758073,39664318978.19888,39667359690.6756,17.8818633713476,17.883234215634378,17.022247412265344,17.023551019282852
4.639121488172954,39665403989.10479,39668442069.19376,17.88235252677181,17.883722184299327,17.042619082144757,17.043924267991027
4.695072199688863,39666514737.11148,39669556456.29483,17.88285328525216,17.884224583392452,17.062519837942297,17.063826570789114
4.75169771183828,39667663266.65591,39670704006.03012,17.88337107678169,17.884741933194665,17.081961176061277,17.08326943331144
4.8090061631396015,39668853134.914116,39671885928.88398,17.883907505041932,17.885274779428574,17.100954403583142,17.10226410123286
4.867005790266854,39670062321.181335,39673103495.64543,17.88445264243942,17.88582369500395,17.119510460281347,17.12082156705119
4.925704929233514,39671316923.31029,39674358041.66577,17.885018254668076,17.886389281937163,17.137640050060845,17.138952576752416
4.9851120165906035,39672608317.40429,39675650971.51176,17.885600453816892,17.886972173448985,17.155353715439798,17.156667636365576
5.0452355906392325,39673943103.93355,39676983764.12672,17.886202215575594,17.887573036291382,17.17266173884652,17.17397701841481
5.106084292657776,39675316458.74617,39678357978.478,17.886821365071977,17.888192573293544,17.1895741682209,17.19089076827625
5.1676668681438365,39676733698.3898,39679775259.73585,17.887460299165003,17.88883152614751,17.206100816403367,17.207418710447485
5.229992168071196,39678255423.91279,39681237346.15908,17.888146338622928,17.889490678512427,17.222251617552253,17.22357045473831
5.293069150161929,39679709179.14012,39682746076.74219,17.888801735035127,17.890170859462113,17.238035665646784,17.239355402392416
5.356906880173848,39681261219.24564,39684303399.69471,17.889501441215106,17.890872947307802,17.253461816939915,17.25478275215019
5.4215145332034815,39682870241.47655,39685911381.89114,17.890226836644445,17.891597873858437,17.2685393785263,17.269861506263712
5.486901395004776,39684526672.69734,39687572219.424644,17.890973605466833,17.892346629178615,17.283277166312672,17.284600476476022
5.5530768633236836,39686244214.700554,39689288249.452896,17.89174792486087,17.893120266929035,17.29768381013527,17.29900828997848
5.620050449248863,39688018709.06271,39691061963.48637,17.892547920084656,17.893919910357273,17.31176778576853,17.313093395361207
5.687831778578659,39689848953.19957,39692896022.415474,17.893373048977185,17.894746759072444,17.325537339644875,17.32686406857383
5.756430593204574,39691750636.93175,39694793273.56005,17.89423038497968,17.89560209673164,17.339000600733605,17.34032841891642
5.825856752511429,39693708703.30973,39696756770.02576,17.89511313996817,17.896487299766367,17.352165507809747,17.3534943950829
5.896120234794399,39695742005.93167,39698789792.78473,17.89602981370958,17.897403847337166,17.365039832926033,17.366369791282775
5.967231138693149,39697846464.02486,39700895875.98348,17.8969785664693,17.898353332743167,17.37763124216122,17.378962253470885
6.039199684643272,39700031413.473816,39703078836.120346,17.897963607143794,17.899337476576164,17.389947248465276,17.391279285720795
6.11203621634521,39702295362.336395,39705342805.80608,17.898984263120834,17.90035814194091,17.401995228336776,17.403328256783308
6.1857512022509145,39704640225.07167,39707692273.02958,17.900041397495933,17.901417352157253,17.41378238587731,17.415116406879907
6.2603552370684294,39707083113.9451,39710132127.09741,17.901142724991058,17.90251731147109,17.425315856608872,17.426650854790424
6.335859043284609,39709612852.97834,39712667712.68944,17.902283207140325,17.903660429424228,17.43660263779724,17.437938605307046
6.412273472706223,39712247696.09034,39715304893.912766,17.903471073357306,17.904849349731844,17.447649599672168,17.448986557142906
6.489609508019627,39714996409.2317,39718050130.67764,17.90471027559516,17.906086984715028,17.45846359369085,17.459801511403562
6.567878264369249,39717852605.08584,39720910570.42,17.90599793426021,17.907376556652036,17.46905132120517,17.470390180756016
6.647090990955133,39720835637.29847,39723894159.31877,17.90734277455579,17.908721647918405,17.479419394870472,17.480759199464988
6.727259072649714,39723946631.44021,39727009778.29132,17.908745303922856,17.910126262297766,17.489574379461885,17.49091513451233
6.808394031634124,39727208934.32136,39730267410.81994,17.910216047802987,17.911594900643045,17.499522815628985,17.500864498076695
6.89050752905422,39730614716.223114,39733678352.37943,17.911751476324355,17.91313265529271,17.509271170932408,17.51061376173348
6.973611366696582,39734190786.00538,39737255475.00805,17.913363675724224,17.91474532934726,17.51882586217134,17.52016937285158
7.057717488684729,39737942065.820435,39741013565.95942,17.915054865056312,17.916439589343668,17.52819332287789,17.529537773825517
7.142837983195795,39741896956.29783,39744969767.62367,17.91683784817533,17.918223163585004,17.537380012873616,17.538725425013094
7.228985084197899,39746061386.90204,39749144158.898926,17.91871529826151,17.920105104240122,17.54639242155535,17.547738832588383
7.3161711732084855,39750477969.074165,39753560538.18509,17.92070642582918,17.92209614034072,17.555237144980698,17.556584583027657
7.404408781073854,39755161381.03793,39758247501.25612,17.922817848261364,17.924209163718448,17.56392092799522,17.565269386725603
7.493710589770156,39760144778.03623,39763239963.96904,17.925064512934913,17.92645991548777,17.57245061169237,17.573800134480834
7.58408943422613,39765476731.22835,39768581378.760414,17.92746831718367,17.928867985308948,17.58083331203992,17.58218397263452
7.67555830416779,39771213079.46797,39774327078.85727,17.930054434835856,17.931458319058564,17.589076534248317,17.590428406161855
7.768130345985381,39777414514.00687,39780549550.0307,17.932850227326124,17.934263595493956,17.59718822819869,17.59854144539616
7.861818864622859,39784191378.01094,39787347206.95131,17.935905440659642,17.937328182897218,17.60517707042131,17.606531824412794
7.956637325490131,39791674276.5794,39794860067.4133,17.939278955528167,17.94071520548503,17.613052819312983,17.614409345037867
8.052599356398389,39800062860.10517,39803300517.33141,17.94306078031052,17.944520413191015,17.620826768011185,17.62218546119781
8.149718749518765,39809689660.85419,39813022429.1476,17.947400830515132,17.94890334231431,17.628512788465677,17.62987438407816
8.24800946336461,39821168453.006836,39824713560.9993,17.952575813931702,17.95417405482909,17.63612948671274,17.637495561676104
8.3474856247977,39835956831.546234,39836424356.47619,17.95924285804938,17.95945363229524,17.643706117105083,17.645061158191975
8.448161531058608,39860722529.756424,39842658421.69958,17.970407976803443,17.96226413567572,17.651314800881572,17.652543171112974
8.550051651821585,39865901785.02644,39843376048.424805,17.972742940253962,17.962587663304145,17.65890251487989,17.659884870567296
8.653170631274223,39855759950.75486,39842848206.33832,17.968170697506544,17.96234969627697,17.666283469322234,17.667053605693184
8.757533290222188,39875805897.03685,39842331268.68083,17.977208010683686,17.962116645293094,17.673543414861903,17.674046921372117
8.863154628219347,39878686478.3201,39841828474.88063,17.97850666303078,17.961889970783844,17.68075324856563,17.680869107478443
8.970049825723585,39866610635.80052,39841308935.30679,17.973062511420675,17.96165574677812,17.687742682474283,17.687524203493712
9.078234246278617,39872023243.11687,39840782433.08708,17.9755026769651,17.96141838380303,17.694531499116167,17.694016041779978
9.187723438722127,39872182894.97994,39840256528.63959,17.975574652808277,17.961181290321562,17.701189066947382,17.70034845645557
9.298533139420517,39858614241.7628,39839721454.79071,17.96945749740986,17.96094006299923,17.70761685505162,17.706525178461845
9.410679274530622,39859357166.37548,39839173952.45752,17.969792430083892,17.960693232543804,17.713824319886662,17.712549780989313
9.524177962288718,39878412186.08538,39838620873.595665,17.97838300387335,17.96044388802218,17.71999103558329,17.718425772084554
9.639045515327101,39854682801.833115,39838064314.98436,17.967685086500346,17.960192974725242,17.725985317773088,17.724156624320603
9.755298443018628,39866800874.12139,39837500904.83772,17.97314827655542,17.9599389725509,17.731776722198994,17.729745721014808
9.872953453849549,39857779555.92093,39836930670.99791,17.969081196024458,17.959681894051236,17.737446779346058,17.735196347578224
9.992027457820912,39868815473.81012,39836352388.18049,17.974056518454184,17.959421186831307,17.742993903696078,17.7405117051496
10.112537568878977,39865205263.65068,39835765025.21312,17.97242892754941,17.959156386007734,17.748448794769345,17.745694906982635
10.234501107374921,39885125601.32629,39835170155.066765,17.981409612603453,17.958888200722953,17.753862306944367,17.75074899554928
10.357935602554209,39878536259.60843,39834569427.86101,17.978438939934886,17.958617374900314,17.759217908680483,17.755676958455233
10.48285879507597,39868803557.58152,39833961641.56221,17.97405114626131,17.95834336662703,17.764359358382094,17.760481714826152
10.60928863956282,39871744232.85919,39833346535.90324,17.97537689078156,17.95806605856689,17.769343130922277,17.765166106849144
10.737243307181362,39867408035.48091,39832722501.1084,17.973422003087354,17.957784724984776,17.774201143261347,17.76973289934467
10.866741188253847,39878577869.35098,39832090049.059616,17.97845769885349,17.957499596652394,17.778981051896903,17.774184785834287
10.997800894901342,39852170421.274025,39831450713.972725,17.966552430071296,17.957211365240212,17.783565136786702,17.778524406985092
11.130441263718758,39874600203.7813,39830803927.595146,17.976664448040513,17.956919774562945,17.78802093720522,17.782754345993435
11.264681358482123,39862008556.84738,39830146978.067406,17.97098775634649,17.956623602033083,17.79242259104827,17.786877107269138
11.400540472888565,39859382929.817825,39829481375.18068,17.969804045015596,17.95632352830973,17.796639013249788,17.790895129603587
11.538038133329287,39892429886.232635,39828810222.598656,17.984702603081683,17.956020952617465,17.80091914743787,17.794810818697915
11.677194101695985,39857550744.48654,39828131381.57451,17.968978040974456,17.95571491074514,17.805085918395662,17.798626528243222
11.818028378221166,39860647089.58217,39827441148.80842,17.97037396611264,17.955403733134236,17.808985451225393,17.802344524918002
11.960561204352672,39850004103.939575,39826740974.0415,17.965575789312258,17.955088073371492,17.812751854607004,17.805967009828933
12.104813065662881,39832978422.604904,39826033657.359,17.95790010206302,17.954769193819228,17.816281056746995,17.809496154673912
12.250804694792999,39861944589.49135,39825317936.83508,17.97095891794587,17.954446525563462,17.819791886027364,17.812934087783887
12.39855707443289,39844828544.82382,39824591123.93002,17.963242492198823,17.95411885652994,17.82328134769806,17.816282865922787
12.548091440336803,39854805514.2425,39823854306.37136,17.96774040893106,17.95378667709883,17.82665087895138,17.819544488697886
12.699429284375467,39888985532.30334,39823109568.57889,17.983149785134646,17.95345092698902,17.830177174460772,17.82272092531489
12.852592357625056,39872721175.45537,39822355351.71402,17.975817325773928,17.953110903429373,17.833713989213404,17.82581410101574
13.007602673493352,39877776429.32037,39821591491.61566,17.978096385675883,17.95276653241115,17.83710783093322,17.828825886272927
13.164482510883603,39869639734.418335,39820818042.86105,17.9744281198319,17.952417838539404,17.84040438778317,17.831758106665887
13.32325441739661,39866483184.88,39820034554.52789,17.973005052727167,17.952064618524854,17.84356269132898,17.83461254238993
13.483941212571365,39868890369.46178,39819240924.03777,17.974090283657887,17.951706826122077,17.84664234514394,17.837390928519582
13.646565991164776,39852539598.05329,39818437281.706055,17.966718866024234,17.951344520081147,17.849573970465634,17.840094959177904
13.811152126471006,39854347468.80974,39817623687.81127,17.96753390832655,17.95097772757743,17.852359055492922,17.842726289366773
13.977723273680795,39855076061.73188,39816799383.58469,17.9678623798451,17.950606106535243,17.855091668266006,17.84528653112162
14.146303373281274,39862509802.501465,39815964033.65399,17.971213732905085,17.95022950575871,17.857803346010346,17.84777725245618
14.316916654496875,39870816926.83703,39815118454.55376,17.97495883344391,17.94984829336607,17.860534871057652,17.85019998684165
14.489587638771654,39859029618.884964,39814262070.73321,17.969644761861574,17.949462209881794,17.86318245226341,17.85255623266096
14.664341143293623,39859953578.57678,39813394626.345055,17.970061310573243,17.94907113996226,17.865709698900226,17.854847448367824
14.84120228456165,39848628004.95426,39812516679.58126,17.96495540266061,17.94867533525713,17.868121128755377,17.857075059503313
15.020196481995317,39849150524.889275,39811625964.399574,17.965190970302444,17.948273774166655,17.870418113260268,17.859240448623716
15.201349461588306,39859244410.81706,39810723238.40577,17.969741596499908,17.947866798242227,17.87271768123648,17.8613449575711
15.384687259605924,39872027482.9499,39809810031.30902,17.97550458840886,17.94745509712257,17.87508502845344,17.863389908636982
15.570236226327143,39851754284.9012,39808884975.26706,17.966364823326636,17.947038054143405,17.877355229888252,17.865376593557112
15.758023029831811,39860964959.4012,39807948033.64591,17.9705172713507,17.946615652789042,17.879513510784314,17.867306266005745
15.948074659833509,39835271982.78794,39806998649.83873,17.958934107710505,17.946187642124436,17.881531517339443,17.86918014677051
16.14041843155869,39871307779.62776,39806036867.21123,17.97518012458833,17.94575404170015,17.883558925423074,17.870999424994636
16.335081989672556,39857729045.15773,39805063116.53886,17.969058424259064,17.945315045722666,17.885656643922403,17.872765264192967
16.532093312252265,39863284447.754944,39804076763.45092,17.97156296619437,17.944870368198664,17.88766242775485,17.874478799193216
16.731480714808132,39846013875.97382,39803077285.061966,17.96377687499475,17.944419773395722,17.88955739560113,17.87614113176024
16.933272854353273,39848926993.96667,39802064990.97828,17.96509019586536,17.943963400893622,17.891331438625468,17.877753336443746
17.13749873352231,39851677378.85681,39801039849.76096,17.966330151777658,17.943501236518774,17.8930936920344,17.879316463810095
17.34418770473983,39855311757.726166,39800000619.30891,17.967968638660974,17.943032720294777,17.894848320534997,17.88083153269574
17.553369474439055,39866649646.23982,39798947665.79459,17.973080098495497,17.942558017303163,17.89664158450833,17.882299533172713
17.765074107331372,39852206262.609825,39797881503.12342,17.966568588419314,17.942077359227877,17.898374952696674,17.8837214365612
17.979332030727445,39867388555.2033,39796801466.01171,17.973413220794562,17.94159044613911,17.90007214879172,17.88509819032291
18.196174038910378,39856126353.31,39795707213.49258,17.968335882756126,17.94109712431877,17.901749223921946,17.886430714109014
18.415631297561585,39866593850.16515,39794598624.40729,17.97305494395334,17.94059733914487,17.903383017636532,17.887719903321546
18.637735348240156,39857880373.05295,39793475581.540276,17.96912664740814,17.940091037773122,17.90498685715214,17.888966630875963
18.862518112916142,39861425197.304955,39792337779.605835,17.970724760386826,17.939578082571586,17.90652548813899,17.890171746744414
19.090011898558522,39844486985.22858,39791185203.568115,17.963088506899876,17.939058466761644,17.90795548332791,17.8913360790603
19.320249401778593,39865860416.03998,39790017564.66379,17.972724289875416,17.938532060160142,17.90937651201038,17.892460434705857
19.553263713529255,39857375657.31663,39788834408.18064,17.968899106432502,17.937998657769185,17.910831749918483,17.893545597471025
19.789088323861044,39874064791.38223,39787635652.659676,17.97642306808961,17.937458222864624,17.912297131834396,17.894592329724865
20.027757126735455,39869453601.96936,39786421296.31973,17.97434420574722,17.936910754643453,17.913791616443564,17.89560137533258
20.269304424896426,39935050348.53391,39785191055.95767,18.003917184431586,17.93635612542921,17.915578633929883,17.89657345900489
20.513764934800466,39848784331.24461,39783944455.93873,17.965025879235966,17.9357941207915,17.917208068463438,17.89750928422413
20.76117379160629,39844580542.95644,39782681372.83863,17.963130685526668,17.935224685086954,17.91831837315163,17.89840953461787
21.011566554224647,39855546624.92234,39781401619.7366,17.968074523829827,17.93464773404609,17.919438972272136,17.899274875957882
21.264979210429043,39866389304.59516,39780104909.41948,17.97296272868203,17.934063138184616,17.9206494877936,17.90010595570732
21.52144818202804,39858088603.0234,39778791154.3267,17.96922052371756,17.933470858027594,17.921844286616786,17.90090340399469
21.78101033010006,39879882959.694855,39777460062.90735,17.9790460726821,17.932870762135146,17.92308380456673,17.90166783398844
22.043702960291224,39855361990.2489,39776111291.72695,17.96799128498723,17.932262695676716,17.924277912050275,17.902399840937193
22.309563828177094,39856051091.94504,39774744612.085815,17.96830195267791,17.931646555547633,17.92531726229213,17.903100002935247
22.578631144689147,39876433741.122574,39773359913.60451,17.97749106160826,17.931022291985542,17.92644515224714,17.903768882573765
22.85094358160664,39837197822.42174,39771956667.944145,17.959802333917175,17.930389666799442,17.927443726384727,17.904407025690674
23.126540277114675,39844595280.40513,39770534628.91749,17.96313732961008,17.929748569000754,17.928250102528693,17.90501496106469
23.405460841429427,39862374569.806915,39769093809.24682,17.9711527659547,17.929099004325064,17.929172162544468,17.90559320370832
23.687745362491093,39828102619.49336,39767633735.211914,17.95570194393722,17.928440759205095,17.92998263225925,17.90614225395496
23.9734344117255,39862077609.912544,39766154142.15066,17.971018887537152,17.92777371432324,17.93077449929038,17.906662596347577
24.26256904987534,39867952764.44152,39764654862.92853,17.973667583223328,17.927097794330255,17.93175952512454,17.907154701646586
24.555190832901552,39874235222.41792,39763135557.16188,17.976499903506756,17.926412845770987,17.93278615451142,17.907619026743298
24.851341817956033,39859485839.5908,39761595914.07497,17.969850439824512,17.925718728538417,17.933742570464876,17.908056014227878
25.15106456942623,39834848505.798965,39760035576.94802,17.95874319159615,17.925015281812595,17.934465666538316,17.908466092638548
25.454402165052805,39865776942.81042,39758454288.14002,17.9726866576426,17.92430238944122,17.935207007467515,17.90884967708285
25.76139820212097,39837589471.7745,39756851961.82165,17.95997890117954,17.923580012729868,17.935943530385273,17.90920717100491
26.072096803726463,39876269718.03401,39755228243.664474,17.977417115085668,17.922847991936667,17.9367207808115,17.909538965931276
26.38654262511724,39804463946.47286,39753582219.56357,17.945044921905282,17.92210591495573,17.937299173583526,17.90984543732057
26.70478086011153,39872471324.148254,39751913932.51485,17.97570468531893,17.9213538011709,17.93784805359639,17.910126947114616
27.02685724759327,39839916571.52307,39750223574.50844,17.96102802746804,17.920591737137077,17.938570044678446,17.91038384993991
27.35281807808605,39825500511.95639,39748510296.34858,17.954528835898248,17.919819340011376,17.939024664263567,17.91061648847806
27.68271020040616,39840148566.58591,39746773529.46389,17.961132617793133,17.919036353464776,17.939470682456246,17.910825189729376
28.016581028395926,39847680501.05989,39745013293.09167,17.964528239517023,17.918242786170033,17.940024357764788,17.911010270032058
28.354478547738374,39826056467.886894,39743229368.72703,17.95477947748862,17.917438539618598,17.94048872354812,17.91117203715786
28.696451322853907,39841312586.95528,39741421239.40706,17.96165739305066,17.9166233807481,17.940909260527608,17.9113107876496
29.042548503880234,39861358783.21644,39739588575.846176,17.9706948189259,17.915797161106727,17.941508519034556,17.911426806511066
29.39281983373656,39842500932.737946,39737730996.98534,17.962193134933315,17.914959708901655,17.942098680990213,17.911520368198573
29.747315655272857,39870350075.657196,39735848115.66753,17.97474836294479,17.914110849590895,17.942724373982088,17.911591736563228
30.10608691850536,39850198319.81648,39733939563.53743,17.965663347648437,17.913250417108838,17.943374814369406,17.911641165170842
30.469185187939466,40030155437.55142,39732004998.82535,18.046793407988222,17.912378257375465,17.944869688529298,17.91166889778822
30.8366626499808,39884543969.31947,39730044033.569,17.981147395468604,17.911494195485755,17.946502146827267,17.9116751685083
31.208572120435743,39818285345.9209,39728056163.76067,17.951276022877078,17.910598004217928,17.946966980581923,17.91166020111069
31.58496705210235,39836455722.45355,39726041157.31937,17.959467773017586,17.90968957894292,17.94716668978353,17.911624210150872
31.965901542452947,39876759727.07015,39723998659.58626,17.97763802584024,17.908768759769902,17.947674657570168,17.911567401963726
32.35143034140928,39807629198.51152,39721927801.70006,17.946471912357893,17.90783515499018,17.948013139899643,17.911489971445057
32.74160885921138,39850119005.39106,39719828377.98807,17.96562759032913,17.906888671880335,17.948204901782347,17.911392103155933
33.13649317438156,39846949438.48467,39717700246.917595,17.96419865460487,17.90592924663319,17.94860064797235,17.911273975432632
33.53614004178425,39828189394.95057,39715542783.21283,17.955741064913195,17.904956597355675,17.94886940440699,17.911135758275716
33.94060690078302,39844552135.68994,39713355538.28518,17.96311787867982,17.903970521810614,17.949120115104495,17.91097761192885
34.34995188349621,39844054841.28139,39711138072.55487,17.962893683461093,17.902970821822272,17.949449075465356,17.910799688096255
34.764233823151955,39852299224.45701,39708889925.601875,17.966610498405238,17.90195728981951,17.949811895209194,17.910602130080914
35.1835122625439,39812853146.20799,39706610618.85522,17.94882702449328,17.900929710048192,17.949997960284506,17.910385072775465
35.60784746258914,39866421944.9879,39704299683.10626,17.972977443949013,17.899887870975007,17.950258016882316,17.910148642815383
36.03730041098919,39836636871.533714,39701956636.72484,17.9595494404503,17.898831555466643,17.950636260583142,17.909892958757595
36.4719328309954,39840138912.359055,39699580985.04263,17.961128265378417,17.897760540511804,17.950866244468212,17.909618131135876
36.91180719028024,39831381344.880486,39697172226.96417,17.957180091575076,17.896674600201642,17.951062320114026,17.909324262547187
37.356986709915475,39838445446.522125,39694729877.428856,17.960364800241486,17.8955735158563,17.951245212928413,17.909011447891753
37.807535373458514,39826927397.69813,39692253416.2339,17.95517211874131,17.894457052952777,17.95139939160226,17.90867977445171
38.26351793614863,39836099898.33343,39689742324.77383,17.959307356843446,17.893324977688184,17.951538053484718,17.908329321893643
38.724999934213855,41174476584.46768,39687196081.12013,18.56268766583108,17.89217705476152,17.9589125457136,17.90796016243965
39.19204769429011,39771019213.58895,39684614066.08866,17.92996703428921,17.891013005026018,17.965676989730575,17.90757236050352
39.66472834295417,39799893917.68033,39681995729.505905,17.942984616003745,17.88983258044697,17.964986086205485,17.907165972730258
40.143109816371364,39865859455.06746,39679340576.28262,17.97272385664021,17.888635557823317,17.96481923158919,17.906741048842388
40.62726087005974,39814309672.64189,39676648019.744125,17.949483670248423,17.88742167266453,17.96472955529979,17.906297631604357
41.11725108877194,39817963303.58975,39673917480.63168,17.95113083654554,17.88619066382342,17.96438798211295,17.90583575654103
41.61315089649633,39812298375.344986,39671148381.01972,17.94857691716684,17.88494227075382,17.964043461801126,17.905355452155725
42.11503156657874,39818035538.34157,39668340079.89345,17.951163402135872,17.883676204467058,17.963707854561623,17.90485673976474
42.62296523196612,39815203907.72414,39665491973.874245,17.949886818215525,17.88239219294198,17.9633954411064,17.90433963353487
43.13702489557402,39843031256.69608,39662603457.48213,17.962432220862592,17.881089963210062,17.963224899975398,17.903804140841338
43.65728444077888,39834432231.343544,39659673877.54053,17.958555522599717,17.879769220799734,17.963159921758262,17.90325026216125
44.18381864203688,39807927243.91077,39656702588.79599,17.94660628015356,17.878429674811414,17.96290843735936,17.90267799102644
44.71670317563108,39815141083.00012,39653688938.48283,17.94985849494766,17.877071030958774,17.962560966398954,17.902087314189664
45.25601463054789,39753553420.647156,39650632246.89755,17.92209293154137,17.87569298281111,17.961929142638844,17.901478211600676
45.80183051948482,39833068466.96459,39647531837.464165,17.957940696758172,17.874295225347694,17.961412545772937,17.90085065644112
46.35422928999115,39816312631.170715,39644387046.9311,17.95038666396352,17.87287745955485,17.9612402707932,17.90020461537315
46.91329033574276,39792721486.65671,39641197150.22269,17.939751069206302,17.871439358546738,17.960856386089084,17.899540048432414
47.479094007952895,39768787559.04202,39637961364.333496,17.92896093755723,17.869980569321058,17.96022777842381,17.898856908545664
48.05172162692088,39827471053.91929,39634679005.260605,17.9554172152542,17.86850078350879,17.959802287847776,17.898155141923517
48.631255493719785,39839960297.08766,39631349374.72663,17.96104774026261,17.866999686305576,17.95976549603958,17.89743468866848
49.21777890202509,39832381757.05413,39627971673.74384,17.957631107356136,17.865476917503806,17.95975515902349,17.896695482302768
49.811376150086275,39790587810.52816,39624545129.59109,17.93878914408084,17.86393212873763,17.95948029862303,17.89593744953073
50.41213255284251,39793853176.24247,39621068966.74182,17.940261268777924,17.862364970376454,17.959007631302228,17.895160510524764
51.02013445418457,39806263946.307106,39617542378.1308,17.94585641576005,17.860775078571077,17.95863017323444,17.89436457889568
51.6354692393646,39838032636.78677,39613964539.98205,17.960178693244668,17.859162081938614,17.958498217222335,17.893549561590998
52.2582253475557,39849707588.999,39610334641.10076,17.965442111493214,17.857525614768143,17.958600754342342,17.892715359031687
52.8884922845628,39910826146.1405,39606651841.173744,17.992996188215393,17.855865298221293,17.959091197548187,17.891861865177138
53.526360635686835,39769732739.4374,39602915249.960556,17.929387053197857,17.85418073095101,17.95913644368504,17.89098896725543
54.171922078744295,39786968700.89533,39599123989.512344,17.937157541026828,17.852471517151642,17.95852422751288,17.890096545723832
54.825269397243595,39862305945.549866,39595277158.69876,17.971121828083582,17.850737250566628,17.95842276151974,17.889184474369902
55.48649649372027,39856250736.354324,39591373854.97347,17.968391958359128,17.84897752430104,17.958691093548396,17.888252620338825
56.15569840323338,39816725966.50796,39587413195.69329,17.95057300791742,17.847191940432893,17.958708577727098,17.887300844390243
56.83297130702432,39814385522.045425,39583394233.073715,17.949517865432046,17.845380071672526,17.95850325748803,17.886329000805187
57.51841254634043,39848630119.949684,39579315993.91234,17.964956356163913,17.84354147927114,17.95847435643632,17.885336937057215
58.21212063642555,39815856641.89234,39575177492.91378,17.95018109033501,17.84167571902806,17.958451851228695,17.884324493773786
58.91419528067912,39788546021.86758,39570977716.36789,17.937868644578963,17.839782333932373,17.958109175900052,17.883291504681626
59.6247373849859,39806462120.425804,39566715663.79364,17.94594575859022,17.837860872937263,17.957725895654978,17.882237796690433
60.34384907221895,39765556700.868835,39562390313.40341,17.92750436989356,17.835910875390255,17.957227038916084,17.881163190010152
61.07163369691718,39772877809.038666,39558000605.33009,17.930804944803008,17.8339318634715,17.956562188312628,17.880067497992012
61.808195860139854,39847628964.73204,39553545459.621216,17.964505005396358,17.831923350306067,17.956353553404455,17.878950526980972
62.553641424500675,39976245335.36076,39549023786.7202,18.022489118729187,17.82988484468921,17.957237666841667,17.877812076323472
63.308077529382736,39793781349.87462,39544434480.61856,17.94022888729932,17.827815847999165,17.957803303477444,17.87665193839391
64.07161260633724,39771184889.087524,39539776399.836945,17.930041725767744,17.825715845622838,17.957265534704998,17.875469898481878
64.84435639466776,39799057553.18412,39535048377.83586,17.94260755783068,17.82358431164928,17.956770299723633,17.87426573463712
65.62641995720267,39759638520.79989,39530249228.277,17.924836277004882,17.821420711241636,17.95622298042112,17.87303921760162
66.41791569625771,39791017894.12823,39525377780.16101,17.93898303865341,17.81922451647831,17.955647958800217,17.871790110960063
67.21895736979077,39797375451.98022,39520432814.53635,17.94184921621081,17.81699517781943,17.955287292968837,17.870518171133224
68.02966010775216,39731968499.686386,39515413057.64642,17.912361802470077,17.814732121017364,17.95461752228207,17.86922314699866
68.85014042863149,39791228470.05449,39510317240.66778,17.939077972590002,17.812434774048477,17.95393478260759,17.867904779805034
69.68051625620426,39804355536.77002,39505144059.92477,17.944996047563198,17.81010254917673,17.953653323301406,17.866562803191776
70.52090693648064,39785824780.6891,39499892185.88029,17.936641827525058,17.807734847006966,17.953348660529084,17.865196943045408
71.37143325485853,39788151280.36893,39494560304.610085,17.93769068328459,17.805331075182764,17.95296534486279,17.86380691762984
72.23221745348323,39775299322.01892,39489147062.43109,17.93189663540505,17.802890623423234,17.952534413694394,17.862392437636224
73.10338324881701,39849001002.95088,39483651038.39909,17.965123561332817,17.80041285112416,17.952441429781352,17.86095320578995
73.98505584942022,39899704690.541046,39478070805.630684,17.9879823028231,17.79789711500375,17.953014297540864,17.8594889166504
74.87736197394675,39873760245.53362,39472404922.37021,17.97628576969661,17.795342765075354,17.953703365744204,17.857999256692988
75.78042986935695,39775789654.37912,39466651897.07174,17.932117691923793,17.79274912890538,17.953712036694295,17.856483904154263
76.69438932934987,39669833091.990204,39460810204.40442,17.88434929905216,17.790115518828983,17.952631176797656,17.854942528781248
77.61937171301778,39749612685.89993,39454878324.0769,17.920316330249634,17.78744124945327,17.95144207245601,17.853374791880302
78.55550996372601,39745609391.04919,39448854693.22537,17.918511524988876,17.784725616192414,17.950683140226467,17.85178034631517
79.50293862822011,39844628434.25959,39442737691.74172,17.96315227636099,17.781967888653135,17.950452916502265,17.85015883617339
80.4617938759637,39754290047.515335,39436525701.63568,17.9224250250035,17.77916733739694,17.95026844443694,17.848509896681794
81.43221351870939,39806788257.20573,39430217064.056114,17.94609279082194,17.776323214564048,17.94989083042156,17.8468331542081
82.41433703030589,39742013082.384,39423810064.322235,17.916890201294212,17.773434747124977,17.949452843691393,17.845128225953957
83.40830556674398,39700519002.61769,39417302980.54795,17.898183426938427,17.77050115880189,17.94845844962873,17.843394719837033
84.41426198644395,39750747628.24529,39410694062.02485,17.920827996262737,17.76752166032298,17.947537197451254,17.84163223451788
85.4323508707883,39768667256.42301,39403981506.55524,17.928906701532213,17.764495439203536,17.947000681801878,17.8398403591896
86.46271854490156,39743449805.89522,39397163474.50996,17.9175379192985,17.761421666083614,17.94643652236899,17.83801867332773
87.50551309868081,39716594597.69237,39390238097.6821,17.905430786836288,17.758299498719566,17.945607583236484,17.836166746568228
88.56088440808018,39718514221.397896,39383203466.27307,17.90629621071626,17.75512807611697,17.944666036189805,17.83428413856544
89.62898415665175,39694903828.6806,39376057600.205864,17.89565193829231,17.751906505597788,17.94363013960494,17.832370398630214
90.70996585734608,39714516804.21944,39368798498.64441,17.90449405528627,17.748633885125166,17.942598820776194,17.83042506549038
91.80398487457624,39606164511.10402,39361424190.63855,17.85564559522505,17.745309326135725,17.941113928407386,17.828447667591792
92.91119844654749,39701025315.95795,39353932646.616714,17.898411688161783,17.741931913637792,17.93959866992208,17.8264377231857
94.03176570785615,39765753855.880974,39346321733.37282,17.92759325327996,17.738500685918154,17.938970630433552,17.824394739702257
95.16584771236167,39663440799.34704,39338589276.26748,17.88146746201022,17.735014662584224,17.938151403507685,17.822318213234173
96.31360745633391,39661919644.130135,39330733081.33917,17.880781679663365,17.731472854532413,17.93680028707684,17.82020762848156
97.47520990187972,39745304624.593994,39322750919.23289,17.918374127139817,17.727874256702684,17.935921091484097,17.818062458729134
98.65082200065248,39732701435.79853,39314640511.27998,17.912692232028807,17.72421784180295,17.93543766190953,17.81588216566381
99.84061271784705,39762129612.47046,39306399518.754234,17.925959335765153,17.720502555465355,17.93505688472892,17.81366619906507
101.04475305648423,39765665684.85339,39298025563.35121,17.92755350313905,17.716727325479006,17.934860345045717,17.811413996555608
102.26341608198875,39618921393.755264,39289516226.95555,17.86139678013104,17.71289106168505,17.933898849751134,17.809124983465356
103.49677694706244,39765440584.63117,39280869034.65613,17.92745202121468,17.7089926483194,17.932968319734833,17.80679857260627
104.74501291685849,39703164623.0085,39272081462.9214,17.89937615187559,17.705030947698425,17.93250305138856,17.804434164006164
106.00830339445916,39769150424.37172,39263150934.840126,17.929124528119605,17.701004798073342,17.93207272430707,17.802031144666746
107.28682994666,39674961537.24287,39254074811.78205,17.886661355824543,17.696913009870567,17.931496846833777,17.79958888825724
108.58077633006585,39619583386.14679,39244850400.76186,17.861695226134984,17.692754369011645,17.930137094901756,17.79710675481062
109.89032851750162,39665529330.86025,39235474975.47137,17.882409034590516,17.68852764639515,17.928762428938114,17.79458409057911
111.21567472474072,39710711944.34343,39225945743.8642,17.9027787104574,17.684231583282937,17.92790697747467,17.7920202278306
112.5570054375567,39744510643.66467,39216259842.67814,17.91801617674855,17.679864888830608,17.927493227233242,17.78941448444838
113.91451343910114,39661633105.82688,39206414361.19159,17.880652499611333,17.67542625079766,17.92682343969587,17.78676616363891
115.28839383761098,39646250652.62565,39196406327.76195,17.873717628837127,17.670914329478574,17.92564692531594,17.784074553700318
116.67884409445062,39605763841.26918,39186232695.013725,17.855464961259102,17.666327751025182,17.924199112100098,17.781338927645326
118.08606405249265,39662874390.013435,39175890359.590355,17.881212107712535,17.661665116351358,17.92287750324258,17.77855854286061
119.51025596483952,39807228409.70273,39165376180.88759,17.946291224754923,17.656925009578615,17.92266591685504,17.775732640979708
120.95162452389278,39716834413.949425,39154686919.77644,17.905538903190063,17.65210597041056,17.922740001295537,17.772860447529204
122.410376890773,39854032251.09448,39143819253.77388,17.96739179873633,17.647206500972295,17.92306957133883,17.769941171339486
123.88672272509324,39607457135.77774,39132769846.30717,17.856228349156073,17.642225097036864,17.922794920391095,17.76697400442214
125.38087421509283,39691756538.41304,39121535267.30266,17.894233045544258,17.637160212224305,17.921670737385593,17.763958121791266
126.89304610813464,39691198378.52855,39110111984.42917,17.893981410345397,17.63201025405388,17.92101769064445,17.76089268082048
128.42345574156886,39582505561.38428,39098496421.5065,17.844979431849584,17.62677361027642,17.919793201036835,17.75777682088243
129.97232307397022,39625684961.43366,39086684916.61227,17.864445999082573,17.621448629987594,17.918252710097004,17.754609663081833
131.53987071675215,39638513799.46713,39074673720.264626,17.870229623630717,17.616033622808647,17.917046855688913,17.751390309762748
133.12632396616075,39618404768.16237,39062459013.31813,17.86116386983523,17.61052686695439,17.915829635972923,17.748117844113903
134.731910835656,39481198689.793846,39050036904.50404,17.799307258898512,17.60492660812429,17.913797367008165,17.7447913298653
136.3568620886835,39567184668.747986,39037403417.98207,17.83807231442246,17.599231053890428,17.911546850762395,17.741409810911975
138.00141127184006,39648052402.74076,39024554481.098175,17.874529911770953,17.593438368178333,17.910240569072876,17.737972310814822
139.66579474844085,39571263707.052475,39011485935.05586,17.839911267101503,17.587546676077956,17.908981972716237,17.734477832305654
141.35025173249107,39542470173.15831,38998193531.89466,17.8269302793438,17.581554062481434,17.907190870924804,17.73092535684433
143.05502432306622,39597825379.772385,38984672937.00343,17.85188606497344,17.575458573216203,17.905586749486698,17.727313844183907
144.78035753910876,39524235564.25339,38970919731.462715,17.818709571325417,17.569258216100977,17.90391912315703,17.72364223197194
146.5264993546428,39613350364.14935,38956929387.10469,17.858885193072016,17.562950949702028,17.902379125275882,17.719909435239735
148.2937007344144,39449814020.848816,38942697274.57388,17.785158109827318,17.556534686967215,17.900470077807377,17.71611434581463
150.0822156699622,39535644862.461464,38928218678.56438,17.823853224789676,17.550007302095356,17.898199256755504,17.71225583187076
151.8923012161215,39571833443.53314,38913488775.22962,17.840168121376767,17.543366620351897,17.896632289199943,17.708332737450064
153.72421752796987,39536483022.6209,38898502630.54059,17.824231092501527,17.536610417328724,17.895104632002795,17.70434388186592
155.57822789821867,39403573049.981476,38883255210.92285,17.764311294742384,17.52973642373968,17.89271145268869,17.700288059169253
157.45459879505376,39428608154.72636,38867741372.526,17.77559787003393,17.522742320582882,17.889803924131286,17.696164037626165
159.35359990043426,39455713099.182724,38851955852.426285,17.787817591081534,17.515625735174623,17.887243799505296,17.69197055910371
161.2755041488532,39553042859.62323,38835893270.4806,17.83169676316866,17.508384241985198,17.885411118427143,17.687706338433493
163.22058776656405,39523160913.69513,38819548134.47442,17.81822508665633,17.50101536495975,17.883977988571957,17.68337006282781
165.189130311282,39362837636.4833,38802914831.05133,17.74594654987055,17.49351657342902,17.88155884845558,17.67896039128824
167.1814147123639,39506928196.39132,38785987616.91547,17.810906891350065,17.48588527814316,17.87912007634625,17.674475953932827
169.1977273114714,39464924891.63307,38768760629.64587,17.791970543111113,17.478118836147164,17.877278321310673,17.669915351350618
171.23835790372596,39286853441.44591,38751227886.243996,17.711690598198032,17.47021455012603,17.874300539184556,17.66527715402106
173.30359977936027,39378220854.70813,38733383260.49533,17.752881765540312,17.462169658198707,17.870938889705016,17.66055990161787
175.3937497658705,39473581134.49643,38715220475.29907,17.795873036742147,17.45398133046009,17.868654227859114,17.655762102167955
177.5091082706783,39331406690.34221,38696733128.94754,17.731776537652866,17.44564668082855,17.866166079526728,17.650882231330765
179.64997932430765,39340134503.8387,38677914687.7233,17.735711297469635,17.437162763708514,17.86302904088529,17.645918731794463
181.81667062408056,39396452838.41023,38658758456.21362,17.76110129003861,17.42852656060733,17.86031522569572,17.640870012487554
184.00949357834142,39393065349.404625,38639257585.46509,17.759574108502896,17.41973498381159,17.857946470709518,17.6357344476955
186.22876335121506,39372451956.03766,38619405079.37057,17.75028097317866,17.41078487926659,17.855505108000656,17.630510376275808
188.4747989079024,39301808709.63756,38599193789.68633,17.718432881171097,17.401673024329895,17.852632629344534,17.625196100898865
190.74792306052458,39348176787.22654,38578616405.548325,17.73933699977437,17.392396123044943,17.849702309427595,17.619789887223984
193.04846251451977,39319499898.973236,38557665437.23006,17.726408599366366,17.382950798818637,17.846933491233198,17.614289962952096
195.37674791559772,39284053157.76687,38536333226.7096,17.710428146416696,17.37333359918525,17.843887603343347,17.60869451687132
197.73311389726268,39368640741.87308,38514611965.210815,17.748562763646124,17.363541003714545,17.841180156400767,17.60300169807565
200.11789912890913,39314535378.10323,38492493654.86466,17.724170444616995,17.35356940672753,17.83869520373845,17.59720961508914
202.53144636449608,39180066834.92926,38469970103.917816,17.66354799656481,17.343415115136377,17.835259475487867,17.591316334781666
204.97410249181,39180175437.686584,38447032951.36709,17.66359695794164,17.33307435955035,17.831191906680623,17.585319881417263
207.44621858232193,39302190854.90748,38423673631.990036,17.71860516370817,17.322543278510544,17.827876809726703,17.57921823566791
209.94814994164432,39293742193.759056,38399883374.78227,17.714796254133546,17.311817917785397,17.82524257845255,17.573009333456646
212.48025616059775,39249152804.20737,38375653222.3463,17.69469402138846,17.300894239111745,17.82238635102456,17.56669106492397
215.04290116689413,39233049034.76608,38350974009.654594,17.687433959642007,17.289768110620592,17.81927457374562,17.56026127340754
217.63645327744084,39222698603.85026,38325836368.17592,17.68276767527764,17.278435308697368,17.816095425971586,17.55371775435552
220.26128525127794,39160379409.582855,38300230706.92954,17.654672315367016,17.2668915094406,17.812601843291542,17.547058254185767
222.91777434315375,39151901558.42638,38274147195.64267,17.650850246062205,17.255132281068793,17.80881466288105,17.54028046898095
225.60630235774448,39107117103.820854,38247575785.993484,17.63066007214654,17.243153093497416,17.80483159880478,17.53338204323937
228.32725570452996,39220406852.209015,38220506195.64185,17.68173448497498,17.230949311139465,17.80131381232703,17.52636056868232
231.08102545333108,39022488046.43031,38192927899.63582,17.59250675751796,17.218516189031266,17.797417446019725,17.519213582958717
233.86800739051486,39221116408.39868,38164830140.69502,17.682054374164178,17.205848877468537,17.793629875147733,17.511938568390125
236.68860207588085,39137165595.8956,38136201899.17847,17.644206832651644,17.192942408466955,17.7905354264122,17.504532950638726
239.54321490022994,39045118653.02751,38107031885.7498,17.602709313003768,17.179791692455456,17.786574118276814,17.496994097207967
242.4322561436301,39162664112.19159,38077308546.784096,17.655702327754625,17.166391520713766,17.782849544468615,17.48931931596894
245.35614103438468,39152366136.67186,38047020044.10258,17.65105969185442,17.152736556236214,17.779781873495676,17.481505853641398
248.31528980870976,39101170358.582634,38016154275.99049,17.62797910122372,17.138821343207212,17.776457165499846,17.473550894316173
251.31012777113347,39100415621.78998,37984698879.35643,17.62763884326505,17.124640307974737,17.77293539958178,17.465451558135758
254.3410853556237,39042224697.777275,37952641174.27362,17.601404631271656,17.11018773404791,17.76918043358989,17.457204899719617
257.408598187451,38952523960.74449,37919968159.76822,17.560964851508615,17.095457760198194,17.76472360767798,17.448807906309842
260.5131071457995,38913985932.935455,37886666530.210175,17.543590753940943,17.080444387848917,17.759689152640657,17.440257496026383
263.6550584271334,38963469366.65793,37852722660.43762,17.565899368427853,17.06514147436889,17.754835244344346,17.43155051617074
266.8349036093247,38944512251.43288,37818122602.61954,17.557352932913467,17.049542731657997,17.750257168247575,17.42268374147402
270.05309971655794,38996652739.153496,37782852064.16716,17.580859426950283,17.033641716189006,17.74596704620793,17.413653872251178
273.31010928501604,38858969148.98862,37746896403.74894,17.51878753938912,17.01743182721099,17.741315646637087,17.40445753246029
276.6064004293574,38846468341.7377,37710240635.47889,17.513151800945828,17.000906308637557,17.73597639694411,17.395091267809182
279.9424469099964,38920532825.02927,37672869401.24519,17.546542289047164,16.98405823657176,17.731095194587777,17.385551543780497
283.3187282011958,38825114293.93238,37634766962.278076,17.50352475641016,16.966880515504627,17.726210170245555,17.37583474351132
286.7357295599775,38928843824.75865,37595917192.478966,17.550289136729635,16.949365875307784,17.721491640715968,17.365937165642453
290.1939420958668,38788557675.622406,37556303565.89218,17.487043937609347,16.931506865585273,17.71668186017899,17.355855022115954
293.69386284147885,38610231487.895676,37515909157.36814,17.40664914938128,16.91329585597257,17.710283270025613,17.345584435961857
297.2359948239523,38687034052.253586,37474716623.143585,17.441274046462514,16.894725027381565,17.70350225572256,17.335121439036577
300.8208471372484,38571637549.80928,37432708176.05326,17.38924984578546,16.875786360825245,17.69666963283419,17.324461969578557
304.44893501532135,38586798178.04437,37389865588.759735,17.39608471121887,16.856471638873785,17.689467758256807,17.313601869707696
308.1207799061689,38461563100.046555,37346170182.520004,17.339624985910387,16.836772440590213,17.681844163789904,17.302536882940693
311.836909546778,38633699674.58823,37301602793.582466,17.41722931106867,16.816680126381144,17.67466118201701,17.291262651525198
315.5978580389755,38587372062.039536,37256143777.584984,17.396343435317927,16.79618583997956,17.668313265309603,17.27977471368229
319.4041659261899,38360108691.319885,37209773011.57903,17.293886298797965,16.775280509357376,17.660648841676455,17.26806850094856
323.2563802711419,38365342968.796074,37162469861.20246,17.296246067907536,16.753954831925903,17.651987701717523,17.256139335415522
327.15505473447257,38495850283.62146,37114213140.83783,17.355082675538483,16.73219925657406,17.644260695724874,17.243982426646145
331.100749654316,38312761959.27678,37064981129.53406,17.272540973445473,16.710003990846328,17.636425909530136,17.23159286853839
335.0940321268354,38584773186.283806,37014751556.44927,17.395171784262768,16.68735899437993,17.62926620334754,17.218965636269502
339.13547608772984,38527743865.76482,36963501554.34378,17.369461257926947,16.6642539579381,17.623413697761205,17.206095582985444
343.2256623947215,38150922085.25369,36911207668.203606,17.199578709378677,16.6406783072978,17.61537263637619,17.19297743636829
347.36517891104063,37900984251.35683,36857845861.243866,17.086899245512658,16.616621205956246,17.60417894399505,17.179605795362924
351.5546205899174,38392718860.51982,36803391452.84227,17.30858794010108,16.592071527149457,17.594565504349827,17.16597512667974
355.79458956008955,37940293892.280235,36747819101.11152,17.104621209390455,16.56701784599537,17.585359532615758,17.152079760957058
360.08569521234466,38188770992.52392,36691102813.13722,17.216642130760828,16.541448444109413,17.57530492353639,17.13791388897698
364.428554287106,38198434772.64731,36633215889.198784,17.220998852375338,16.515351284457594,17.566859478640506,17.123471557725562
368.82379096307136,37987966487.38652,36574130918.88828,17.126113443574955,16.48871400960678,17.557534681320615,17.10874666622937
373.2720369469261,38218994763.81385,36513819778.96512,17.230267912387646,16.461523940757523,17.548554738529017,17.093732961458546
377.7739315641329,38064406223.35547,36452253578.35025,17.160574766747803,16.43376805294578,17.540183427598297,17.078424034020056
382.3301218508199,38205850249.777336,36389402632.03091,17.224341971639415,16.40543296327841,17.531949726456833,17.062813313520728
386.94126264677766,38095712978.78671,36325236460.42206,17.17468879007263,16.37650493064529,17.52407023611167,17.046894063898225
391.60801668957356,38101774298.37943,36259723751.07905,17.177421414547204,16.346969838458218,17.51582532872713,17.03065937865359
396.33105470980524,37786220215.54532,36192832335.93052,17.035160179742896,16.316813184386845,17.506112621225395,17.01410217587106
401.11105552750286,37788706851.41064,36124529170.34237,17.03628122969266,16.286020070920078,17.4949682743894,16.997215193122656
405.94870614969005,37717160988.44637,36054780281.49045,17.00402621109483,16.254575182090928,17.48371677744538,16.979990982104923
410.84470186912574,37751840943.85901,35983550743.84709,17.019660974035144,16.222462772425132,17.472538367274954,16.96242190299696
415.7997463642362,37541037261.11206,35910804673.46045,16.92462435799921,16.18966666436208,17.46067634927876,16.94450011879131
420.81455180024926,37704732826.09631,35836505153.29011,16.998423223149345,16.15617021459389,17.448855771931967,16.92621758932763
425.88983893155137,37712880674.794846,35760614203.01056,17.002096517458963,16.1219563004519,17.438227992925633,16.907566064909094
431.02633720527984,37487205654.346924,35683092808.60066,16.90035545682979,16.087007333246483,17.426682819490523,16.888537080068783
436.22478486616023,37467120176.765976,35603900825.1076,16.89130032175869,16.05130521443014,17.414105273067026,16.86912194711838
441.48592906261183,37403604376.04976,35522996925.76926,16.86266549580962,16.014831312660323,17.401377849631437,16.849311749060192
446.81052595413337,37389214767.28878,35440338578.837616,16.856178229055526,15.977566453350741,17.38853748163296,16.829097332272525
452.1993408199794,37152690174.38525,35355882005.32744,16.749545856101154,15.93949089962319,17.374654210638184,16.808469299018345
457.65314816915196,37100897458.211006,35269582177.689865,16.726196147896964,15.90058435170958,17.35956601869735,16.787417999899922
463.17273185171797,37200074090.939285,35181392704.86965,16.77090794534525,15.860825895132297,17.345093178887456,16.76593352586779
468.7588851714661,36902941058.64116,35091265813.40296,16.636951472032557,15.820193992182508,17.329893356936726,16.744005699707163
474.41241099992544,37118488137.05394,34999152314.1323,16.734126552950723,15.77866646691427,17.31463434925275,16.721624067447056
480.1341218917604,36811786599.80902,34905001490.76284,16.59585631092765,15.736220454902366,17.29923332771823,16.698777889197352
485.9248402015522,40663936462.879265,34808761056.53789,18.33252088281249,15.692832383710329,17.30326472735961,16.675456129378695
491.7853982019932,36892323160.96628,34710377151.78224,16.632164605639677,15.648477971782896,17.30738667015176,16.651647446940665
497.7166382035078,36328100434.85672,34609794286.18872,16.37779609612749,15.603132202427053,17.288358166495307,16.627340185488524
503.71941267531,36816560968.86888,34506955179.08023,16.598008739543904,15.556769251797391,17.269409573583903,16.60252236247943
509.79458436792675,36354208319.25517,34401800722.081566,16.389566312628236,15.509362472067432,17.25101889830546,16.577181657626003
515.9430264371982,36070667401.35593,34294269990.194466,16.261737571717607,15.460884396422593,17.229086222196013,16.551305401435997
522.1656225697697,36134386398.17797,34184300118.042828,16.29046400455911,15.41130668326783,17.206510331309797,16.52488056341747
528.4632671101007,36448269739.09034,34071826159.680397,16.431972018848274,15.360600053024736,17.186493891259587,16.497893739153167
534.8368651890073,36212631462.23527,33956781019.378105,16.325739223723314,15.308734256928405,17.16735195189056,16.47033113656516
541.2873328537482,35813305908.67726,33839095416.02856,16.145711300053758,15.255678060979905,17.145267265012585,16.442178561946204
547.8155971996863,36056562109.958755,33718697796.881298,16.255378483749503,15.201399207055545,17.122892888130487,16.413421405669677
554.4225965035367,36169628156.41744,33595514162.70666,16.30635204504584,15.145864334085518,17.102947366055318,16.384044626840748
561.1092803582181,35783128206.00791,33469468032.656864,16.132106287541355,15.08903896221221,17.081998127630648,16.354032737194377
567.8766098093348,35695334133.60675,33340480293.110676,16.092526089319502,15.030887424644865,17.059021816454322,16.32336978437613
574.7255574933044,35429279394.15642,33208468946.53682,15.972580641554089,14.971372754439667,17.03469442473678,16.29203933346751
581.6571077771479,35451213215.56517,33073349208.111763,15.98246906540068,14.910456728057943,17.009648887548583,16.260024448134853
588.6722568999686,34840396332.75029,32935033559.644516,15.707094514046059,14.848099889677076,16.98203154773358,16.227307673027532
595.7720131161401,35317013322.73829,32793431134.445152,15.921967732973952,14.78426127387081,16.954386630367022,16.19387101357452
602.9573968402125,35667944320.47438,32648447629.09943,16.08017794093786,14.71889836583459,16.93181215421953,16.159695912520373
610.229440793577,34466012928.535995,32499985444.043186,15.538311258588182,14.651967164760732,16.905178043685744,16.124763227303845
617.5891901528903,35115785581.016815,32347943254.1149,15.831248238055458,14.583421990230635,16.87628542408834,16.08905320641159
625.0377027002941,34662085922.20511,32192215948.638046,15.626706838644134,14.513215455202118,16.849089123033902,16.052545463690436
632.5760489754474,34681925045.95291,32032694466.15633,15.635650910026287,14.44129839150311,16.820235284438972,16.01521895206225
640.2053124293863,34507790007.01836,31869265478.442753,15.557145617244037,14.367619707373475,16.791234820551875,15.977051935286653
647.9265895802449,33922859983.056934,31701811234.92841,15.29344163745237,14.292126317328844,16.758854504206674,15.938021957879448
655.7409901708554,34188213599.086357,31530209201.168564,15.4130709977734,14.214762979170294,16.725561861777134,15.898105812975551
663.6496373282415,33310733474.374016,31354331918.350464,15.017476667518956,14.135472230646268,16.68975234548679,15.857279508279346
671.6536677250424,33372779327.6196,31174046925.12907,15.045448797107417,14.054194354213768,16.650466482641594,15.815518231655957
679.7542317428836,33751405963.102757,30989216047.758694,15.216145028352033,13.970867057008439,16.614474911037355,15.772796313309062
687.9524936377117,33655510532.45072,30799695126.662987,15.172912495107262,13.88542534757412,16.580830775475174,15.729087183617454
696.249631707129,33301501963.761127,30605334036.22573,15.013314825950934,13.797801544785134,16.54557276178259,15.684363330625379
704.6468384597479,32289548539.682053,30405976121.593063,14.557095903410112,13.707925023939849,16.503834112932058,15.638596255619222
713.145320786579,34144296547.67764,30201457760.79106,15.393271875206974,13.61572201935017,16.46767702679947,15.591756424414498
721.746300134495,32567016421.743805,29991607879.522087,14.682186737811996,13.521115405597193,16.43374851439894,15.543813214865668
730.451012681785,33531762848.5754,29776247416.704502,15.117123331632767,13.424024456580499,16.397433977277363,15.494734860172413
739.2607095158205,32289450874.85265,29555188922.945873,14.557051873178896,13.324364664497836,16.36042681027212,15.444488388534825
748.176656812871,32678529444.203396,29328236035.271732,14.73246014935965,13.22204750303712,16.319791953320756,15.39303955928467
757.2001360200866,32083093074.634956,29095182804.385235,14.46401959418949,13.116980124084916,16.278986242210618,15.340352794127156
766.3324440396711,35565210793.99492,28855812849.177307,16.033862589219044,13.0090649765543,16.254694097649857,15.286391101898113
775.5748934152812,47890866574.82231,28609899108.59712,21.59063750211141,12.898199694520617,16.31568174156796,15.23111599928248
784.9288125206746,32038028532.20841,28357202646.99586,14.44370314829244,12.784276558634676,16.35548557441052,15.174487425675574
794.3955457506266,31064466211.03911,28097471711.559753,14.004792085172708,12.6671820711853,16.3049615671402,15.11646364865582
803.9764537141556,31110324793.278885,27830440750.731407,14.025466508007653,12.546796513574272,16.250712810186137,15.057001161419763
813.6729134300795,29735583536.971886,27555829319.413864,13.405691961273389,12.422993452749514,16.190606950371237,14.996054571554636
823.4863185249237,30849034643.016975,27273341390.594532,13.907669079799433,12.295639430864536,16.130609341397186,14.933576482936108
833.4180794332223,29094307363.342785,26982663359.371647,13.116585449034037,12.16459306543376,16.068516642382622,14.86951736604647
843.4696236002361,30416094344.39784,26683462442.107887,13.71248662193061,12.029704327623005,16.005681404270245,14.803825412169093
853.6423956871075,28788956393.382877,26375385281.854065,12.978924083207167,11.89081391353271,15.94260972308417,14.73644637504697
863.9378577784973,28795083285.610306,26058057174.43527,12.981686269790076,11.747752895294376,15.872427622398819,14.667323404731581
874.3574895927261,28988554577.0745,25731078323.164238,13.06890892454289,11.600341032583144,15.804980209493108,14.59639686113846
884.9027886944416,28900592731.807846,25394021109.749725,13.029253089286662,11.448385542261521,15.739685208898486,14.52360409747614
895.5752707098593,28881316925.7245,25046429035.379303,13.020562978385112,11.29168062098778,15.675366661498868,14.4488792286297
906.3764695445994,27844806029.396477,24687812711.806515,12.553272811592178,11.130005637877941,15.606900959772036,14.37215287787262
917.307937604142,27990525064.34897,24317646402.72168,12.618967318412206,10.963123575252101,15.535337918322877,14.293351889716861
928.3712460169497,26724420895.81181,23935364340.92334,12.04816962570206,10.790779368304989,15.45944173920958,14.212399011419956
939.5679848602816,29403504518.12838,23540355166.396378,13.255980790215224,10.612697397624935,15.393015963454355,14.129212532606173
950.8997633887208,25960878332.470314,23131957236.31811,11.703941761777669,10.428579374804105,15.323890279451762,14.043705878703499
962.368210265473,25854201296.946056,22709452661.797997,11.655848558030652,10.238101654022092,15.237554097911074,13.955787157078388
973.9749737964391,26294253664.60495,22272059319.439537,11.854237349706098,10.040911630618691,15.155061262550138,13.865358639349898
985.7217221671224,25713000730.667778,21818919922.246174,11.592191112266038,9.836622813930818,15.073736056922838,13.77231615484568
997.6101436823909,24514444057.15018,21349092092.47384,11.051845854089825,9.62481035183703,14.9848127846533,13.676548387077766
1009.6419470091245,22901135343.641457,20861546226.335472,10.324517949969646,9.405010068102335,14.882966263838407,13.577936122716281
1021.8188614217956,24461473359.388897,20355141809.991398,11.02796507649289,9.176707784917062,14.783351374204285,13.476351379778883
1034.1426370510137,22262182220.019398,19828601825.334213,10.03645873827398,8.93932778425787,14.682563868128558,13.371656293244163
1046.6150451350566,20492001154.607815,19280500167.530136,9.238408077889899,8.692227135338404,14.562979030856418,13.263701823601584
1059.2378782744452,21101038574.423225,18709235122.19073,9.51298039401017,8.434683737323663,14.44010246590869,13.152326286710615
1072.0129506895892,19341363852.689487,18112998282.845665,8.719666308134853,8.165882306395458,14.313916279589083,13.037353610703766
1084.9420984815295,19554026663.926228,17489724771.800037,8.81554107499502,7.884891933823477,14.182521014967127,12.918591201747693
1098.027179895836,20614483416.56196,16837030202.002855,9.293626751249233,7.590637666486913,14.061064953816063,12.795827257444886
1111.270075589688,20297984369.213043,16152161287.99679,9.15093949812973,7.2818782408108795,13.946415419854628,12.66882754390702
1124.6726889021647,19305194373.124107,15431880949.121052,8.703360023079098,6.957154283847866,13.827468251658301,12.53733136972223
1138.2369461278074,17305789381.270428,14672332361.046759,7.801968348915496,6.614727023636748,13.69532716076814,12.401046314997158
1151.9647967934795,16058803744.488281,13868882378.67012,7.239789863127618,6.252507699551858,13.54900351676022,12.259641522388836
1165.8582139385567,13846867335.545135,13015860607.371775,6.242582658522118,5.867939927809049,13.387643332968782,12.112738914060177
1179.919194398505,14862952892.3616,12106178734.838459,6.700664470303089,5.457828084845773,13.22382297262662,11.959901186450072
1194.1497590918812,12929616505.863918,11130748181.123087,5.829058502904319,5.018074766520471,13.058890829972452,11.800614940029465
1208.5519533107824,10447545363.367298,10077616191.916758,4.710066466951691,4.543291313076233,12.874268244226691,11.634266476019619
1223.1278470148095,16383777059.68943,8930482202.174541,7.386297570091019,4.026128941412323,12.712736072984065,11.460105609673503
1237.879535128577,8991108664.371525,7665974821.430872,4.053461166989939,3.4560511284805733,12.54682612915219,11.277187835656466
1252.8091378427982,15755002642.970592,6248249232.368551,7.102827224429847,2.8168979566938606,12.381942105287175,11.084274383128806
1267.918800919016,10633832661.74643,4614829100.324818,4.794050362383352,2.08050322254328,12.22935695913445,10.879629894854538
1283.210695998004,7310273192.157194,2642809315.405099,3.2956901768874376,1.1914576201490759,12.03534542741445,10.660568166182673
1298.6870209118815,0.0,0.0,0.0,0.0,11.789012937559907,10.422029506228908
1314.35,0.0,0.0,0.0,0.0,11.509710120390865,10.175112973256546
