R_kpc,Sigma_bar,Sigma_eff,kappa_bar,kappa_eff,kappa_bar_mean,kappa_eff_mean
1.0,40445504725.87253,40448551100.70999,18.234045311373396,18.23541870842205,0.0,0.0
1.0120606264911474,40445551300.650696,40448595436.05891,18.234066308678813,18.235438696125662,0.4319974200307273,0.43202994623367275
1.0242667116936537,40445605797.04506,40448640855.60804,18.23409087728615,18.23545917261922,0.8537605879887863,0.8538248091374478
1.0366200099307066,40445638362.935074,40448687385.903244,18.23410555896507,18.235480149870384,1.2655318958537876,1.2656270878776996
1.0491222966837304,40445686788.26279,40448735054.43417,18.234127390553667,18.235501640272318,1.6675480374626495,1.667673536670119
1.0617753688475675,40445736551.43354,40448783889.27659,18.23414982528199,18.23552365648241,2.060040221541301,2.0601953008960283
1.0745810449887383,40445787880.88386,40448833919.309555,18.234172966136065,18.235546211520212,2.443234103206918,2.4434180499931495
1.0875411656068144,40445839705.03094,40448885174.15911,18.23419633001426,18.23556931874203,2.8173499868586283,2.817562107198773
1.1006575933989453,40445891280.14931,40448937683.956116,18.234219581622856,18.235592991731757,3.182602947805904,3.1828425762175008
1.113932213527575,40445949104.69797,40448991479.54806,18.234245650661865,18.235617244396366,3.5392029968040712,3.539469464887833
1.127366933891388,40446001496.84495,40449046592.670265,18.234269270611435,18.23564209104309,3.8873551408140776,3.887647805920954
1.1409636853995222,40446055348.07927,40449103055.87159,18.234293548361297,18.235667546345933,4.22725950482685,4.227577774779479
1.1547244222490889,40446114516.331856,40449160902.59054,18.23432022318229,18.23569362537997,4.559111529824069,4.559454804763447
1.1686511222060412,40446176988.85768,40449220167.04126,18.23434838766866,18.23572034356997,4.883102036107012,4.883469699369552
1.1827457868894284,40446231879.37102,40449280884.18132,18.23437313395664,18.235747716675842,5.199417253931347,5.199808741987571
1.19701044205908,40446295053.748436,40449343089.99787,18.234401614858736,18.235775760921683,5.508239028874463,5.508653802999267
1.2114471379067577,40446360078.7307,40449406821.48534,18.234430930068942,18.23580449298568,5.809744947927471,5.810182444341334
1.2260579493508208,40446428223.903595,40449472116.52297,18.23446165195457,18.23583392994494,6.104108363397858,6.10456802159026
1.2408449763344431,40446492334.2363,40449539013.85938,18.234490554813352,18.235864089268492,6.3914984888658495,6.391979783627893
1.2558103441274293,40446564321.258575,40449607553.13023,18.234523008719787,18.235894988825287,6.672080554951461,6.672582969945786
1.2709562036316695,40446629646.239296,40449677775.070206,18.234552459178285,18.235926646979735,6.946015862788335,6.94653890564544
1.2862847316902777,40446702982.50711,40449749721.53969,18.23458552136503,18.235959082603753,7.213461893651488,7.214005094189067
1.3017981314004599,40446780055.090096,40449823435.45499,18.2346202679946,18.235992315045298,7.474572452728363,7.475135307952753
1.3174986324301545,40446852420.98604,40449898960.75052,18.234652892708635,18.236026364111325,7.729497633232648,7.730079676633605
1.3333884913384921,40446933373.18026,40449976342.409164,18.234689388383185,18.236061250081463,7.978383998998222,7.978984773562394
1.34946999190012,40447007385.025734,40450055626.60337,18.23472275514058,18.236096993771632,8.221374628648006,8.221993699972197
1.3657454454334392,40447090128.2868,40450136860.77604,18.234760058281722,18.236133616570513,8.458609212789971,8.459246167271733
1.3822171911327976,40447177505.77378,40450220093.591896,18.23479945067076,18.236171140417625,8.690224193692552,8.690878577369691
1.3988875964046932,40447258430.288574,40450305374.916466,18.23483593386659,18.23620958779384,8.916352699746882,8.917024101095633
1.415759057208029,40447348483.1478,40450392755.831825,18.23487653239359,18.23624898172849,9.13712473014871,9.137812754762969
1.4328339983984741,40447433152.039696,40450482288.67106,18.234914703666806,18.236289345814896,9.352667208925798,9.353371474918251
1.4501148740769754,40447526187.5452,40450574027.24552,18.23495664686011,18.236330704312827,9.563104049885261,9.563824191320965
1.467604167942475,40447622083.050934,40450668026.86258,18.234999879427203,18.236373082156504,9.768556274504649,9.76929189819556
1.4853043936488803,40447718173.87655,40450764344.14643,18.235043200050352,18.23641650487381,9.969141993498415,9.969892723794569
1.5032180951663396,40447822463.71705,40450863037.04612,18.23509021703506,18.23646099858991,10.164976548181215,10.165741998312699
1.5213478471468749,40447916881.064514,40450964165.09473,18.23513278320412,18.236506590144103,10.356172492623806,10.356952320193384
1.5396962552944244,40448023279.21246,40451067789.47502,18.235180750676992,18.23655330711941,10.542839735764188,10.543633620866133
1.5582659567393489,40448129210.40637,40451173972.87093,18.235228507632993,18.236601177775633,10.725085631732993,10.72589322794969
1.5770596204174525,40448236720.9913,40451282779.56981,18.235276976625787,18.236650231095425,10.903014936164764,10.903835926957537
1.5960799474535783,40448347497.44762,40451394275.55478,18.235326917971246,18.23670049682596,11.076729942769143,11.077564021542559
1.615329671549826,40448462315.5216,40451508528.533485,18.235378681399045,18.236752005491876,11.246330534855023,11.24717739231502
1.6348115593784562,40448579327.3031,40451625607.98534,18.235431433815915,18.236804788416567,11.411914223507075,11.412773554267465
1.65452841097953,40448701200.32105,40451745585.16742,18.235486377823825,18.236858877724867,11.57357621411955,11.574447712839378
1.6744830601633456,40448835985.10648,40451868533.15941,18.23554714284336,18.236914306363282,11.731409513912455,11.732292818653862
1.6946783749177292,40448947065.415215,40451994527.08918,18.235597221174594,18.236971108201704,11.885504772613684,11.886399620958963
1.7151172578202367,40449079111.84262,40452123644.136826,18.23565675166029,18.237029318035237,12.03595053791309,12.03685671980407
1.7358026464553273,40449210561.72594,40452255963.38115,18.235716013206037,18.23708897151497,12.182833380934577,12.183750616979383
1.7567375138365704,40449346613.79811,40452391565.93496,18.235777349556408,18.237150105208997,12.326237735242545,12.327165765748436
1.7779248688339402,40449484838.86469,40452530535.1099,18.23583966555776,18.23721275667669,12.46624604856562,12.46718461940395
1.7993677566062685,40449626704.58057,40452672956.45393,18.23590362287289,18.23727696448564,12.602938810287831,12.603887678674447
1.8210692590389104,40449772171.96522,40452818917.791145,18.235969203928214,18.23734276822958,12.736394610437205,12.737353538008053
1.8430324951866892,40449922689.18018,40452968509.2874,18.236037061598342,18.23741020855798,12.866690184676674,12.867658930760387
1.8652606217221832,40450076377.811874,40453121823.49482,18.23610634903815,18.237479327196105,12.993900448259701,12.99487877331239
1.88775683338942,40450236014.9692,40453278955.42614,18.236178318251532,18.237550166978547,13.118098546511828,13.11908620814364
1.9105243634630407,40450393336.138374,40453440002.65192,18.23624924334807,18.237622771893037,13.239355862156042,13.240352645886006
1.9335664842130058,40450557544.37317,40453605065.39111,18.23632327334013,18.23769718712128,13.35774209230229,13.358747806382063
1.9568865073748998,40450730732.697334,40453774246.57971,18.236401351825528,18.23777345906991,13.473325342910147,13.474339758771555
1.9804877846259143,40450900899.57739,40453947651.92298,18.2364780681534,18.237851635394026,13.586172053019682,13.587194960628803
2.0043737080665673,40451084146.47707,40454125389.98994,18.236560681346006,18.23793176503979,13.696347110406426,13.697378296173666
2.0285477107082346,40451261469.637344,40454307572.25945,18.236640623939405,18.23801389826522,13.803913848914927,13.804953113577959
2.0530132669665586,40451445366.50087,40454494313.23669,18.236723530155185,18.23809808669267,13.90893406815912,13.909981261388882
2.0777738931608125,40451639517.40257,40454685730.65253,18.236811059198597,18.238184383398757,14.011468189724384,14.012523124091201
2.102833148019282,40451834444.1491,40454881945.47343,18.2368989380161,18.23827284291878,14.111575172316012,14.112637656828028
2.1281946331907466,40452043178.99719,40455083081.94274,18.23699304193949,18.23836352126536,14.209312597503049,14.210382419299258
2.153861993762124,40452243917.9975,40455289267.73556,18.23708354109513,18.23845647599826,14.304736634683843,14.305813608857934
2.1798389187823672,40452469292.618034,40455500633.98226,18.237185146726482,18.238551766234984,14.397902182069954,14.39898609282351
2.206129141792668,40452666949.87576,40455717315.42285,18.237274256540243,18.238649452720356,14.488862729193075,14.489953440030392
2.232736441363065,40452891369.20106,40455939450.76034,18.237375431495874,18.238749597985855,14.577670513098326,14.578767951631887
2.2596646416355184,40453123194.552444,40456167182.64848,18.23747994530996,18.238852266344068,14.664376718454026,14.665480691176064
2.2869176128735367,40453358416.91365,40456400657.520134,18.23758599059785,18.238957523811308,14.749031192982658,14.750141513968137
2.314499272018431,40453593518.256744,40456640025.78601,18.237691981327146,18.23906543819724,14.83168256324259,14.832799095737306
2.3424135832522777,40453832618.44147,40456885442.136765,18.23779977485406,18.239176079241037,14.912378307200559,14.913500960627166
2.3706645585676736,40454086081.11182,40457137065.875946,18.237914043419806,18.239289518761517,14.991164855534091,14.992293508526298
2.399256258344359,40454346445.91293,40457395061.01408,18.238031423672897,18.239405830699535,15.06808755382926,15.069222041753699
2.4281927919327986,40454615036.56237,40457659596.242874,18.23815251238486,18.239525091106373,15.143190640862613,15.14433079111228
2.4574783182447963,40454888296.79348,40457930844.85029,18.23827570628415,18.239647378105428,15.216517295235795,15.21766294132453
2.4871170463512398,40455163314.47291,40458208984.97285,18.238399692493793,18.239772772005985,15.288109638048311,15.289260655866517
2.5171132360870474,40455446358.20698,40458494200.05562,18.238527297089338,18.239901355510582,15.358008810694528,15.359165101217288
2.547471198663417,40455741037.69239,40458786678.93192,18.238660147430203,18.24003321375093,15.426255032525342,15.427416470536626
2.578195297287452,40456045192.86681,40459086615.927376,18.238797269695574,18.24016843433484,15.492887577580287,15.494054006782855
2.6092899477892684,40456355702.13876,40459394211.05317,18.238937256578488,18.240307107433356,15.557944761189239,15.55911602528451
2.6407596192566607,40456663671.12663,40459709670.24774,18.239076098225226,18.24044932588969,15.621463926567419,15.622639935779569
2.6726088346774195,40456988566.77459,40460033205.54501,18.23922257091747,18.240595185295085,15.683481589572928,15.684662263934733
2.7048421715894047,40457316849.244576,40460365035.29277,18.239370570490554,18.24074478408727,15.744033431534858,15.74521867235692
2.7374642627384485,40457660662.14835,40460705384.40741,18.239525571648496,18.24089822366529,15.803154281793397,15.80434398110953
2.770479796744201,40458007899.063644,40461054484.536354,18.239682116453416,18.241055608462748,15.860878143941639,15.862072187744818
2.803893518774003,40458364833.537674,40461412574.3491,18.239843033208363,18.241217046079,15.917238185404695,15.918436486864119
2.837710231224885,40458736988.33918,40461779899.828094,18.24001081174295,18.241382647410312,15.97226685078602,15.973469289217759
2.8719347944137956,40459115218.38306,40462156714.4464,18.240181329178814,18.241552526729922,16.025995796203883,16.027202240354956
2.9065721272761507,40459498660.01405,40462543279.44151,18.2403541961543,18.241726801811527,16.07845587460001,16.079666238834278
2.941627208072808,40459895777.75327,40462939864.069214,18.240533228729117,18.2419055940437,16.129677248845653,16.13089145400548
2.977105075105571,40460295674.60628,40463346746.07017,18.240713514211695,18.24208902864025,16.179689353589264,16.180907343373917
3.013010827441318,40460717181.98195,40463764212.0786,18.240903542365356,18.24227723482448,16.228520969445064,16.229742669558252
3.0493496256448713,40461144096.50661,40464192557.73039,18.24109600822379,18.2424703458779,16.27620020807648,16.277425516849114
3.086126692520694,40461587169.95755,40464632087.91298,18.24129575901032,18.242668499252904,16.32275448688001,16.323983307377393
3.123347313863546,40462035946.04541,40465083117.21867,18.241498080716433,18.242871836777123,16.368210574584126,16.369442816903263
3.161016839218183,40462500565.07649,40465545970.431145,18.241707544896016,18.243080504872772,16.412594604690003,16.413830190236123
3.1991406826482205,40462972953.28551,40466020982.948395,18.241920511653785,18.243294654747316,16.45593210200269,16.45717095629404
3.237724323514275,40463462658.52024,40466508501.14033,18.24214128544558,18.24351444255469,16.49824799503533,16.499490042810674
3.2767733072614837,40463965948.495964,40467008882.736145,18.24236818364562,18.243740029569935,16.53956665233277,16.54081179069764
3.3162932462165258,40464477436.61141,40467522497.35097,18.242598777812674,18.243971582426617,16.579911816353185,16.581159968071535
3.356289820394258,40465001888.43827,40468049726.9895,18.242835216409237,18.24420927334391,16.61930666406181,16.620557783954155
3.396768778314074,40465544864.58567,40468590966.533035,18.2430800063245,18.244453280346118,16.657773878492364,16.65902790165338
3.4377359378261105,40466102539.895905,40469146624.28897,18.24333142306277,18.244703787510463,16.695335614244563,16.696592451832608
3.4791971869474256,40466668310.35262,40469717122.62799,18.243586489335613,18.2449609852543,16.73201344525024,16.733273045276892
3.521158484708249,40467256011.616646,40470302898.57417,18.243851442673453,18.245225070601172,16.767828473590928,16.76909078536315
3.56362586200845,40467853632.02872,40470904404.38111,18.244120867860417,18.245496247440553,16.802801310315743,16.8040662802412
3.606605422484327,40468479949.75886,40471522108.32059,18.244403230658165,18.245774726883393,16.836952115283218,16.838219654733454
3.6501033433858567,40469110084.601776,40472156495.37332,18.244687314324715,18.24606072757353,16.870300536743358,16.87157056196064
3.6941258764645224,40469763504.8493,40472808067.93104,18.244981895749312,18.246354476004203,16.90286572996139,16.90413819469949
3.7386793488718437,40470438127.51444,40473477346.63919,18.245286035859017,18.246656206897985,16.934666488536084,16.935941296479577
3.7837701640687524,40471123991.9349,40474164871.27848,18.245595244088825,18.246966163604185,16.965721096241097,16.966998172426525
3.8294048027459335,40471824085.950645,40474871201.70282,18.245910867446522,18.247284598521727,16.996047366851037,16.997326699858
3.875589823755259,40472553255.08939,40475596918.789894,18.246239598740786,18.247611773527666,17.025662787718716,17.02694433863874
3.922331865052462,40473294319.15567,40476342625.476654,18.246573692624757,18.247947960444048,17.05458441839679,17.055868141300877
3.9696376446511854,40474058722.10716,40477108947.877045,18.246918308377438,18.2482934415418,17.082828884548597,17.084114762936025
4.017513961588521,40474858530.70033,40477896536.484245,18.247278886054172,18.248648510082738,17.110412543524305,17.111700470865323
4.06596769690221,40475664211.070946,40478706067.4419,18.247642110904096,18.24901347089267,17.13735127052465,17.138641154093687
4.115005814619619,40476487690.21588,40479538243.85513,18.248013359974752,18.24938864095245,17.163660471936485,17.164952332553767
4.164635362758645,40477346222.21412,40480393797.22524,18.248400411921892,18.249774350044788,17.189355345153373,17.19064916614564
4.214863474340702,40478223292.770195,40481273489.02132,18.248795821606333,18.250170941462756,17.214450730385266,17.21574646357836
4.265697368415905,40479129514.3186,40482178112.3488,18.249204373431507,18.25057877276205,17.23896108560054,17.240258691019346
4.317144351100639,40480064296.58037,40483108493.72178,18.249625801281965,18.25099821655999,17.26290057939698,17.264199980557247
4.369211816627631,40481015618.719635,40484065495.00737,18.25005468580475,18.25142966141209,17.286282976977553,17.28758413848415
4.421907248408684,40482002401.69786,40485050015.49894,18.25049955713617,18.25187351274674,17.309121755263444,17.310424653402997
4.4752382201102385,40483018126.45997,40486062994.03104,18.25095747629089,18.25233019381869,17.33143013730125,17.332734704165365
4.529212396741896,40484048355.44284,40487105411.483536,18.251421934382883,18.25280014683797,17.35322092068796,17.35452716764578
4.583837535758073,40485126982.42602,40488178293.6429,18.251908211743462,18.25328383425985,17.374506705275383,17.375814626360604
4.639121488172954,40486236871.20743,40489282713.786354,18.25240858285931,18.25378173994987,17.395299880262286,17.396609375935356
4.695072199688863,40487367000.74385,40490419795.558105,18.25291807911395,18.254294370480487,17.4156123911476,17.41692343242445
4.75169771183828,40488540136.79965,40491590716.55179,18.253446963996037,18.254822256746206,17.43545596422405,17.436768539491897
4.8090061631396015,40489762167.03696,40492796711.97054,18.253997891840058,18.255365955613605,17.454842200450397,17.456156175460656
4.867005790266854,40490988219.330215,40494039078.55505,18.254550632947403,18.25592605169224,17.473782216117083,17.475097560235426
4.925704929233514,40492268742.71478,40495319178.92527,18.255127931254712,18.256503159292006,17.49228689698455,17.493603662105674
4.9851120165906035,40493585292.398506,40496638446.31393,18.255721471297058,18.257097924557158,17.510367039622817,17.511685204435924
5.0452355906392325,40494949530.71543,40497998389.86647,18.25633651080404,18.257711027855684,17.52803314955402,17.52935267225116
5.106084292657776,40496350396.652565,40499400600.40931,18.25696806313961,18.25834318637979,17.5452954858896,17.546616318725313
5.1676668681438365,40497796847.81635,40500846756.71212,18.257620166661123,18.258995156969142,17.562164054091898,17.56348617158033
5.229992168071196,40499407340.29653,40502338632.51853,18.258346224922885,18.259667739280513,17.578649306532046,17.579972039404595
5.293069150161929,40500838254.89211,40503878104.36925,18.258991324093962,18.26036177931467,17.59476023067388,17.59608351790106
5.356906880173848,40502417279.35721,40505467160.25657,18.25970319563171,18.26107817331811,17.6105055374602,17.61182999607534
5.4215145332034815,40504060555.03392,40507107909.269394,18.26044403354068,18.2618178721313,17.625895020447125,17.627220662375
5.486901395004776,40505746995.347694,40508802592.357445,18.261204331361284,18.262581886041506,17.640937682714977,17.642264510792323
5.5530768633236836,40507501515.11377,40510553594.42606,18.2619953214387,18.26337129023552,17.655642335962238,17.656970346944792
5.620050449248863,40509313477.47597,40512363457.869804,18.26281220835948,18.26418723090097,17.670017658235622,17.6713467941482
5.687831778578659,40511177942.20159,40514234897.90628,18.263652764918703,18.26503093213931,17.684072038976552,17.68540229950033
5.756430593204574,40513123275.174065,40516170820.00145,18.26452977930649,18.26590370382165,17.697813795036065,17.699145139995338
5.825856752511429,40515116696.914,40518174339.62586,18.265428473551424,18.26680695049545,17.711251020696018,17.71258342869202
5.896120234794399,40517192428.61986,40520248804.77643,18.266364275595073,18.267742181538026,17.724391628314503,17.725725120961776
5.967231138693149,40519338986.854706,40522397821.783646,18.26733200836001,18.268711022791216,17.737243462759277,17.73857802084677
6.039199684643272,40521571212.571884,40524625285.09423,18.268338362592655,18.26971522998828,17.74981420181261,17.75114978756444
6.11203621634521,40523882180.07691,40526935411.726265,18.269380215982427,18.270756704287315,17.76211138293085,17.763447942201125
6.1857512022509145,40526271375.292404,40529332781.333855,18.270457336767848,18.271837510333604,17.77414232546782,17.77547987464529
6.2603552370684294,40528768025.36133,40531822383.0871,18.27158290142063,18.272959897394504,17.78591432966248,17.787252850820945
6.335859043284609,40531344846.55656,40534409670.82706,18.272744609619146,18.27412632422497,17.79743453136782,17.798774020294996
6.412273472706223,40534032395.06578,40537100628.449524,18.273956237008292,18.275339488544507,17.808709916703794,17.810050424348326
6.489609508019627,40536841848.93196,40539901847.845566,18.275222822984738,18.276602362175105,17.819747528537352,17.821089004621523
6.567878264369249,40539753690.3455,40542820622.444595,18.276535568335152,18.27791823321326,17.830554197356285,17.831896612472086
6.647090990955133,40542798662.25277,40545865060.71879,18.27790833290084,18.279290757201167,17.84113665337852,17.84248001921629
6.727259072649714,40545970480.91539,40549044225.00326,18.279338283784274,18.280724019711013,17.851501596809786,17.852845927476768
6.808394031634124,40549305856.78061,40552368302.739,18.28084197115495,18.282222613546416,17.861655732985657,17.863000983918194
6.89050752905422,40552778447.14855,40555848820.14341,18.282407518934512,18.28379173507152,17.871605661730616,17.87295179373813
6.973611366696582,40556429066.84018,40559498912.196014,18.2840533276671,18.285437305928628,17.881357905945492,17.88270493739946
7.057717488684729,40560253319.15549,40563333668.22874,18.28577741518862,18.287166128840656,17.890919027035,17.89226699025615
7.142837983195795,40564291104.02692,40567370580.79935,18.28759776958405,18.288986089976746,17.900295621974923,17.90164454596028
7.228985084197899,40568534984.0244,40571630138.99505,18.289511037837087,18.290906426431274,17.90949430329699,17.910844244884814
7.3161711732084855,40573046701.60985,40576136627.4634,18.29154505529942,18.29293808645095,17.91852181909999,17.919872809315322
7.404408781073854,40577828080.413445,40580919226.18176,18.293700644118164,18.29509422524382,17.927385095163757,17.928737087958105
7.493710589770156,40582911593.428894,40586013564.31629,18.295992444091805,18.297390905505473,17.93609107732574,17.937444113580007
7.58408943422613,40588352224.83637,40591463982.08404,18.298445243736136,18.29984811713422,17.94464701464837,17.94600117968315
7.67555830416779,40594208212.541916,40597326943.24383,18.301085298444058,18.302491315684243,17.953060589215735,17.95441594570368
7.768130345985381,40600531402.985794,40603676414.5932,18.3039359821442,18.305353847603982,17.96133988880873,17.962696586734626
7.861818864622859,40607448055.45037,40610612821.71828,18.30705421630389,18.308480987756493,17.96949376314715,17.970852016373247
7.956637325490131,40615086517.95701,40618279043.61631,18.310497864056572,18.311937150274506,17.977532212078284,17.978892237761027
8.052599356398389,40623646973.13314,40626891806.59302,18.314357173728325,18.315820041869948,17.98546675534747,17.986828939877615
8.149718749518765,40633469783.675026,40636812215.932076,18.318785591020177,18.320292459623705,17.99331153103792,17.99467662529219
8.24800946336461,40645179387.52553,40648742090.19326,18.324064631265454,18.3256708043696,18.001085503872794,18.002455140417073
8.3474856247977,40660271680.50504,40660691883.32073,18.330868689118265,18.3310581291372,18.0088185407732,18.010176898223747
8.448161531058608,40685542008.80106,40667052867.4487,18.342261310234157,18.333925851362462,18.016584249952263,18.017813323278865
8.550051651821585,40690828156.63758,40667785018.42711,18.344644464056245,18.334255926959383,18.02432852223519,18.02530652834449
8.653170631274223,40680476462.155334,40667246493.43998,18.33997761003827,18.33401314376053,18.031861765779272,18.032623199350336
8.757533290222188,40700937209.78362,40666718920.6441,18.349201928090118,18.333775298137624,18.03927150690071,18.039760832196322
8.863154628219347,40703877397.58171,40666205710.3219,18.350527452839966,18.33354392754817,18.04663010945811,18.04672380391864
8.970049825723585,40691551675.32763,40665675425.41049,18.344970647958938,18.33330485922233,18.05376376156168,18.05351623706156
9.078234246278617,40697076283.18364,40665138034.9666,18.34746130670227,18.33306258750956,18.060692654854034,18.060142043174846
9.187723438722127,40697239238.647705,40664601244.35769,18.347534771907753,18.332820586220368,18.067487592969545,18.066605135454147
9.298533139420517,40683389815.6658,40664055097.358444,18.341291037087284,18.33257436679009,18.074048005912775,18.072909321798463
9.410679274530622,40684148113.268364,40663496269.55356,18.341632900365745,18.332322430472704,18.080383545599727,18.07905824917809
9.524177962288718,40703597429.54667,40662931748.44999,18.350401234861693,18.332067927445692,18.08667750178965,18.085055498052863
9.639045515327101,40679377024.297134,40662363672.37967,18.339481950511725,18.33181182173316,18.09279546502185,18.09090461263628
9.755298443018628,40691745850.160675,40661788603.01965,18.345058187791317,18.33155256323611,18.098706360865997,18.09660904605198
9.872953453849549,40682537858.062035,40661206568.56198,18.34090694907415,18.331290164664356,18.104493406679413,18.102172151512136
9.992027457820912,40693802137.014046,40660616319.15386,18.34598522351288,18.331024062546813,18.110154983940532,18.107597196220144
10.112537568878977,40690117222.47231,40660016802.696465,18.344323953634362,18.330753782565807,18.11572242723002,18.11288735768632
10.234501107374921,40710449762.33434,40659409623.69995,18.353490471783964,18.33048004808259,18.12124764304629,18.11804574117524
10.357935602554209,40703724070.464836,40658796465.40254,18.35045832838187,18.330203617951387,18.126713757587805,18.1230753959429
10.48285879507597,40693789974.20853,40658176101.705574,18.34597974015574,18.32992393941018,18.131961296047898,18.127979301351186
10.60928863956282,40696791499.49782,40657548267.03142,18.347332917684348,18.329640892728623,18.137047901734697,18.132760358240017
10.737243307181362,40692365575.224884,40656911318.98177,18.345337578417737,18.32935373746435,18.142006151882306,18.13742138848966
10.866741188253847,40703766541.21823,40656265779.69588,18.350477475469958,18.329062709013375,18.14688468895697,18.141965141211532
10.997800894901342,40676812656.227776,40655613214.46805,18.338325856555457,18.32876851305727,18.151563356829993,18.146394311567004
11.130441263718758,40699706567.684135,40654953043.459404,18.348647117760606,18.3284708881873,18.156111092177152,18.15071153605836
11.264681358482123,40686854367.71735,40654282499.828514,18.342852960952982,18.32816858702845,18.160603566841488,18.15491937078154
11.400540472888565,40684174409.821526,40653603123.99665,18.341644755639777,18.327862304048782,18.16490698312548,18.1590203048622
11.538038133329287,40717905191.3758,40652918082.324844,18.356851602566707,18.327553466738713,18.16927543578449,18.163016793642697
11.677194101695985,40682304311.94017,40652225192.72907,18.340801659485177,18.327241091349393,18.173528185324646,18.166911239379235
11.818028378221166,40685464728.2498,40651520676.75691,18.34222646984626,18.32692347444126,18.177508172647848,18.170705955531023
11.960561204352672,40674601512.306725,40650806013.4924,18.33732900662814,18.32660128282971,18.18135228134582,18.174403188635836
12.104813065662881,40657223526.549,40650084059.9123,18.329494489989653,18.326275804525473,18.1849542859835,18.17800515520772
12.250804694792999,40686789076.71487,40649353528.33029,18.34282352581289,18.32594645900097,18.18853754292603,18.18151402749563
12.39855707443289,40669318857.778305,40648611675.57909,18.334947427694004,18.3256120095542,18.192098995327775,18.184931904710762
12.548091440336803,40679502275.93675,40647859611.5199,18.33953841770351,18.325272956543852,18.195538040743514,18.188260827730918
12.699429284375467,40714389565.049225,40647099462.70513,18.355266652887597,18.324930258683466,18.199137099238843,18.191502806398425
12.852592357625056,40697788657.50806,40646329638.59329,18.347782466391045,18.324583198909277,18.20274689950375,18.19465980568243
13.007602673493352,40702948517.36568,40645549971.704445,18.350108685808554,18.324231701716318,18.206210773003573,18.19773373465529
13.164482510883603,40694643453.6597,40644760517.67118,18.346364514263286,18.323875792185422,18.20957535319262,18.200726456569857
13.32325441739661,40691421587.12509,40643960816.36,18.344912000299683,18.323515262874626,18.212798823786386,18.203639788358434
13.483941212571365,40693878582.446236,40643150763.0004,18.346019687404077,18.323150066550244,18.21594202159981,18.206475500901483
13.646565991164776,40677189472.20865,40642330490.57838,18.338495736489357,18.322780263166354,18.21893413214381,18.209235323282407
13.811152126471006,40679034752.385086,40641500060.601166,18.33932764407902,18.322405880452255,18.221776674309798,18.211920944655947
13.977723273680795,40679778421.738174,40640658698.78376,18.339662912504345,18.32202656933707,18.224565662544066,18.214534010324403
14.146303373281274,40687365985.4122,40639806062.83667,18.34308361353831,18.32164217550644,18.227333286559787,18.217076120660703
14.316916654496875,40695845005.1679,40638942985.81925,18.346906209682665,18.32125307452848,18.230121172483315,18.219548840780647
14.489587638771654,40683813787.991554,40638068880.446686,18.341482176514297,18.320859001637608,18.232823381376033,18.221953699986734
14.664341143293623,40684756866.74708,40637183485.62622,18.341907344672713,18.320459839125377,18.235402769403787,18.224292186829228
14.84120228456165,40673196938.351776,40636287370.9042,18.336695782607045,18.320055843760347,18.23786394774993,18.226565756265874
15.020196481995317,40673730270.54626,40635378224.07,18.33693622473939,18.319645973128694,18.240208316137938,18.228775819384932
15.201349461588306,40684033024.51216,40634456818.04947,18.341581014906296,18.319230575688547,18.242555324927586,18.230923745721682
15.384687259605924,40697080610.74955,40633524713.596054,18.347463257698642,18.318810355074323,18.24497151887144,18.23301088485289
15.570236226327143,40676387908.94054,40632580514.98691,18.338134367752588,18.318384682052347,18.247288560150317,18.2350385551681
15.758023029831811,40685789175.599625,40631624184.83723,18.34237274043227,18.317953539768425,18.249491368202115,18.237008036211854
15.948074659833509,40659564546.295105,40630655155.23251,18.330549891830096,18.317516672189686,18.25155100243621,18.23892057396443
16.14041843155869,40696346014.94478,40629673470.26689,18.34713207990075,18.317074099195086,18.253620235819735,18.240777382108714
16.335081989672556,40682486302.103355,40628679569.35514,18.340883706103316,18.31662601888597,18.255761237525903,18.242579648168128
16.532093312252265,40688156660.03589,40627672805.20266,18.343440073347942,18.31617213944254,18.257808405139652,18.244328530386564
16.731480714808132,40670528716.42879,40626652644.25442,18.335492868222012,18.315712220322204,18.259742466569897,18.246025153264366
16.933272854353273,40673502114.20331,40625619402.420906,18.336833365024237,18.315246403946873,18.26155310373556,18.247670613525308
17.13749873352231,40676309411.5155,40624573047.528275,18.338098978761536,18.31477467581161,18.263351710060455,18.249265983413995
17.34418770473983,40680018994.878914,40623512312.06192,18.339771370083962,18.31429646448286,18.265142536365254,18.250812302791104
17.553369474439055,40691591492.991615,40622437569.57173,18.344988598954835,18.313811938368108,18.266972800212166,18.252310582159485
17.765074107331372,40676849239.21149,40621349344.45756,18.33834234926057,18.313321333882506,18.268741931420767,18.25376181288167
17.979332030727445,40692345691.85104,40620246957.78683,18.34532861439709,18.31282434494292,18.27047414452574,18.255166961969277
18.196174038910378,40680850446.50637,40619130061.570915,18.340146213388604,18.31232081466565,18.27218582273521,18.25652696804998
18.415631297561585,40691534542.355,40617998532.12677,18.344962923901562,18.311810687290667,18.27385332629262,18.25784274500193
18.637735348240156,40682640761.3556,40616852249.74223,18.340953340961956,18.311293908848143,18.275490258132443,18.259115183752147
18.862518112916142,40686258936.99004,40615690902.88324,18.342584522941515,18.310770338889192,18.277060634368883,18.260345151810796
19.090011898558522,40668970230.45089,40614514476.231384,18.33479025604964,18.310239970507812,18.27852012905928,18.26153349439909
19.320249401778593,40690785931.62213,40613322675.01848,18.34462542775418,18.30970267081368,18.279970473852764,18.26268103504849
19.553263713529255,40682125601.77373,40612115035.15866,18.340721091587838,18.30915823058298,18.281455737845643,18.263788573721463
19.789088323861044,40699160076.247894,40610891473.6299,18.34840074304781,18.308606612386892,18.28295135780014,18.264856888518292
20.027757126735455,40694453469.65941,40609651988.4641,18.346278863783876,18.308047815338146,18.28447668465633,18.265886738653382
20.269304424896426,40761407578.87501,40608396290.11424,18.376463782219048,18.307481708900262,18.286300599587715,18.266878863787966
20.513764934800466,40673356499.42859,40607123893.51666,18.336767717521052,18.306908074392013,18.28796367268278,18.26783398191631
20.76117379160629,40669065724.12484,40605834673.11393,18.334833307458926,18.306326855208347,18.289096875683803,18.268752790772623
21.011566554224647,40680258722.07162,40604528437.77429,18.339879446284858,18.30573796518134,18.290240587952162,18.269635969867135
21.264979210429043,40691325764.21964,40603204894.304924,18.344868800462972,18.305141272130886,18.29147607899343,18.2704841800215
21.52144818202804,40682853300.130974,40601863953.342155,18.34104915980973,18.304536735769165,18.292695529850242,18.271298064364814
21.78101033010006,40705098637.1833,40600505317.1798,18.351078024241716,18.303924221881307,18.293960626876746,18.27207824871545
22.043702960291224,40680070266.83963,40599128635.43735,18.339794485020004,18.30330357250528,18.29517937543039,18.272825340602285
22.309563828177094,40680773627.793335,40597733674.7463,18.340111581211215,18.302674682431572,18.296240166035332,18.273539930046947
22.578631144689147,40701578045.55198,40596320322.11352,18.349490836054464,18.302037500719493,18.29739133003779,18.274222591246552
22.85094358160664,40661530236.42345,40594888038.596085,18.331436083833662,18.30139178439743,18.29841050388778,18.27487388129914
23.126540277114675,40669080766.52863,40593436572.96187,18.33484008902524,18.30073742020241,18.29923350418139,18.2754943398934
23.405460841429427,40687227954.41105,40591965937.87082,18.34302138502747,18.300074413841912,18.30017458360325,18.276084492666197
23.687745362491093,40652246830.73495,40590475650.15715,18.327250846410735,18.29940254749033,18.30100176506823,18.276644850272515
23.9734344117255,40686924849.66513,40588965439.64565,18.34288473632674,18.298721699344586,18.30180996030886,18.277175907252605
24.26256904987534,40692921576.00589,40587435135.45843,18.34558824022806,18.2980317923678,18.30281531265968,18.27767814407793
24.555190832901552,40699334033.932915,40585884390.13974,18.348479168384134,18.297332669916518,18.303863130776513,18.278152027062916
24.851341817956033,40684279449.05807,40584312886.6142,18.341692110474675,18.296624189043648,18.30483928386536,18.27859800792621
25.15106456942623,40659132306.4958,40582720261.00741,18.330355025178303,18.29590618570372,18.30557729036378,18.279016524046355
25.454402165052805,40690700731.120255,40581106250.188416,18.344587016815257,18.295178541269415,18.306333920488377,18.279407999094314
25.76139820212097,40661929989.9922,40579470766.3991,18.331616304719407,18.294441216176736,18.307085634113534,18.279772844835218
26.072096803726463,40701410628.41072,40577813447.920975,18.349415359391227,18.293694047352158,18.30787891918257,18.280111460869566
26.38654262511724,40628119013.76206,40576133362.25795,18.3163733036299,18.292936614398503,18.308469232881663,18.28042423040059
26.70478086011153,40697533636.145256,40574430552.94409,18.347667495120046,18.292168936942232,18.309029424252888,18.28071152283652
27.02685724759327,40664305243.32231,40572705215.57558,18.332687140085184,18.291391103163964,18.30976630989761,18.280973700115556
27.35281807808605,40649590879.00951,40570956484.01616,18.32605346379838,18.290602722583525,18.31023029252494,18.28121111198598
27.68271020040616,40664542038.94997,40569183777.767715,18.332793894648724,18.289803533494975,18.310685496822124,18.28142409219329
28.016581028395926,40672229828.204575,40567387116.210434,18.33625978037726,18.288993544635478,18.311250586955353,18.281612963598548
28.354478547738374,40650158339.07483,40565566276.568954,18.326309291797404,18.28817265557123,18.3117245205212,18.281778040319644
28.696451322853907,40665730145.84584,40563720731.19728,18.333329528834057,18.287340628423607,18.312153719328577,18.281919625015103
29.042548503880234,40686191148.626,40561850143.74646,18.342553961916007,18.28649731155642,18.312765338815122,18.282038008564907
29.39281983373656,40666943081.50935,40559954125.40233,18.33387635657173,18.2856425296806,18.31336767444832,18.28213347108314
29.747315655272857,40695368493.656,40558032281.48524,18.346691384016417,18.284776104862733,18.31400627725138,18.282206281863083
30.10608691850536,40674799747.001495,40556084236.134224,18.337418376767815,18.283897867653437,18.314670140421217,18.282256699703524
30.469185187939466,40858480632.8072,40554109638.713,18.42022722332109,18.283007659975368,18.316195911699023,18.282284973392773
30.8366626499808,40709856094.88975,40552108093.558,18.35322282871317,18.282105303451537,18.317862114922494,18.28229134183788
31.208572120435743,40642226412.93384,40550079088.10167,18.322733341845943,18.281190567001136,18.318336533320366,18.282276033431625
31.58496705210235,40660772780.52935,40548022384.72274,18.331094600022595,18.28026334349737,18.318540341871582,18.28223926715817
31.965901542452947,40701910776.97358,40545937620.68279,18.349640841348233,18.279323469406897,18.31905878844299,18.282181253603348
32.35143034140928,40631349762.87371,40543823909.888885,18.31782982212536,18.27837054525247,18.319404243240843,18.282102191677705
32.74160885921138,40674718791.359955,40541681042.33197,18.337381879539112,18.27740447635572,18.31959994232302,18.282002269747174
33.13649317438156,40671483638.09502,40539508873.059296,18.335923375519396,18.2764251973676,18.320003847394545,18.281881669821384
33.53614004178425,40652335401.79591,40537306764.30128,18.32729077689868,18.275432420762478,18.320278135684706,18.281740565401922
33.94060690078302,40669036729.04013,40535074258.13727,18.334820235606024,18.274425940096002,18.32053400552219,18.281579120034063
34.34995188349621,40668529144.352066,40532810905.630875,18.334591401220983,18.273405552974197,18.320869744886465,18.281397488545625
34.764233823151955,40676944124.674484,40530516236.90115,18.338385126470136,18.272371047560654,18.32124004493383,18.281195817188692
35.1835122625439,40636681807.265,40528189763.83566,18.320233667489436,18.271322203799663,18.321429933459466,18.280974243633636
35.60784746258914,40691359080.0247,40525831007.14239,18.344883820226062,18.270258805612023,18.321695345212138,18.280732897123038
36.03730041098919,40660957678.042305,40523439475.07694,18.331177957361117,18.269180631304632,18.322081390275756,18.280471898651296
36.4719328309954,40664532184.95274,40521014663.00306,18.332789452171543,18.26808745337234,18.322316108256015,18.280191361024656
36.91180719028024,40655593401.24574,40518556059.25278,18.328759580663036,18.2669790411399,18.32251621693859,18.279891388949018
37.356986709915475,40662803677.02305,40516063168.4074,18.332010189009303,18.265855171257723,18.32270287057846,18.279572079271784
37.807535373458514,40651047290.62737,40513535464.805435,18.32671005779102,18.264715606741856,18.322860216470826,18.27923352109185
38.26351793614863,40660409593.50792,40510972418.775055,18.33093086443195,18.26356010880037,18.32300172503808,18.27887579576107
38.724999934213855,42026480679.47025,40508373481.871994,18.946796638609325,18.26238843017816,18.330528792123776,18.278498976945666
39.19204769429011,40593982224.73714,40505738029.98515,18.30098341637088,18.26120028950724,18.3374331880789,18.278103130302142
39.66472834295417,40623454419.51129,40503065511.96449,18.31427036478653,18.259995438312664,18.336727966998644,18.277688313657364
40.143109816371364,40690784950.764656,40500355414.82883,18.344624985554244,18.258773645327143,18.33655763922284,18.27725457778639
40.62726087005974,40638168472.91594,40497607140.138374,18.320903900906618,18.25753464075609,18.336466087274818,18.276801966323102
41.11725108877194,40641897706.73207,40494820097.121666,18.322585151241878,18.256278158262035,18.336117426519763,18.27633051551687
41.61315089649633,40636115556.78924,40491993695.66743,18.319978384809627,18.255003931805128,18.33576575811954,18.27584025445181
42.11503156657874,40641971436.20366,40489127281.59857,18.322618390696665,18.25371166646274,18.335423187677964,18.27533120487581
42.62296523196612,40639081211.98452,40486220239.11075,18.321315391025156,18.252401084611815,18.335104291400338,18.274803381240435
43.13702489557402,40667484379.211945,40483271949.83798,18.334120389793785,18.251071907474454,18.334930203575407,18.274256791063717
43.65728444077888,40658707418.26869,40480281747.002594,18.33016347283552,18.2497238344473,18.334863863449034,18.273691434820734
44.18381864203688,40631653975.58636,40477248972.16993,18.317966970330687,18.24835656868828,18.334607158267062,18.273107305898286
44.71670317563108,40639017087.25801,40474172959.12719,18.321286481677216,18.246969809848704,18.33425248071999,18.272504390765356
45.25601463054789,40576155020.349625,40471053014.77875,18.292946378515126,18.2455632454603,18.333607566786057,18.27188266895129
45.80183051948482,40657315434.15431,40467888447.88246,18.329535924691754,18.244136563890397,18.333080264464723,18.2712421130774
46.35422928999115,40640212877.72437,40464678580.769516,18.32182557984633,18.242689459625595,18.33290440929391,18.270582689103488
46.91329033574276,40616133572.74302,40461422674.23925,18.310969907724736,18.241221599412082,18.33251256602265,18.26990435622706
47.479094007952895,40591704391.611374,40458119929.62553,18.29995650095201,18.23973262318724,18.33187093620889,18.269207066397442
48.05172162692088,40651602196.47124,40454769648.181755,18.326960225970875,18.23822221593517,18.331436626838293,18.26849076470868
48.631255493719785,40664349873.679474,40451371116.48135,18.332707260787355,18.236690056021796,18.3313990597357,18.26775539001348
49.21777890202509,40656614514.47838,40447923519.19798,18.329219929101708,18.23513577587357,18.33138849517297,18.267000874445678
49.811376150086275,40613955745.457016,40444426068.18778,18.30998807793469,18.233559020171633,18.331107933891126,18.266227143184533
50.41213255284251,40617288679.84957,40440877972.140114,18.31149066461634,18.231959432169436,18.330625472878964,18.265434114746824
51.02013445418457,40629956260.147,40437278407.08979,18.31720158934566,18.23033664039879,18.330240191548338,18.2646217009524
51.6354692393646,40662382325.20983,40433626532.25227,18.33182023098785,18.22869026580883,18.330105492632974,18.26378980681912
52.2582253475557,40674298861.721825,40429921519.0918,18.3371925626768,18.22701993487081,18.330210139399668,18.262938330700575
52.8884922845628,40736682116.44505,40426162508.835655,18.365316802960212,18.22532526042427,18.330710719297358,18.26206716434654
53.526360635686835,40592669130.18051,40422348594.5713,18.300391434003348,18.223605833605856,18.330756890152326,18.26117619264026
54.171922078744295,40610261747.28927,40418478881.248604,18.308322712885413,18.221861250900158,18.330131994413062,18.260265293569333
54.825269397243595,40687157910.1445,40414552447.13605,18.342989806973527,18.220091096762985,18.330028417833155,18.259334338308705
55.48649649372027,40680977403.35058,40410568370.68945,18.340203449337704,18.218294955734617,18.33030229159231,18.25838319124142
56.15569840323338,40640634766.015495,40406525752.09503,18.32201577972809,18.216472422152037,18.33032012707924,18.257411710237314
56.83297130702432,40638245891.83553,40402423624.1149,18.32093880367511,18.21462305995543,18.330110548009664,18.25641974656042
57.51841254634043,40673199097.1118,40398260992.497314,18.33669675584074,18.212746420906317,18.330081038929265,18.255407144522415
58.21212063642555,40639747452.87413,40394036851.73208,18.321615752379323,18.21084205169058,18.330058058275903,18.254373741443462
58.91419528067912,40611871707.02317,40389750167.65391,18.30904853096919,18.208909486075523,18.329708282602805,18.253319367604107
59.6247373849859,40630158534.98962,40385399918.56381,18.31729278090503,18.206948263448627,18.329317062020476,18.252243846326976
60.34384907221895,40588406678.80827,40380985062.1147,18.298469793218157,18.2049579138886,18.328807873594585,18.251146994096796
61.07163369691718,40595879279.229095,40376504517.825424,18.301838665373186,18.20293795028216,18.32812925668618,18.25002862040798
61.808195860139854,40672177225.4597,40371957181.96972,18.33623606548385,18.200887875036443,18.327916295940053,18.24888852760286
62.553641424500675,40803454994.205666,40367341939.681725,18.395420016825632,18.19880718553652,18.32881869547235,18.247726510857934
63.308077529382736,40617215367.21243,40362657664.17645,18.31145761308301,18.196695373793954,18.32939602831257,18.246542358230464
64.07161260633724,40594151328.48095,40357903192.18289,18.30105965340508,18.194551915371324,18.328847123690405,18.245335850567812
64.84435639466776,40622600748.51761,40353077331.50704,18.313885504325885,18.19237627279185,18.328341633181864,18.24410676132924
65.62641995720267,40582366036.62026,40348178871.6691,18.295746490737137,18.190167900334977,18.32778298078208,18.242854856509098
66.41791569625771,40614394728.57491,40343206617.08017,18.310185984676536,18.187926258993407,18.327196053014703,18.241579894796693
67.21895736979077,40620883840.38394,40338159323.03954,18.313111470699234,18.185650787618766,18.326827916778022,18.240281627564485
68.02966010775216,40554123452.762726,40333035690.81266,18.283013887762866,18.183340900702607,18.326144279697786,18.238959798490487
68.85014042863149,40614609661.84986,40327834424.89611,18.310282883036464,18.180996014193173,18.32544740543791,18.23761414347102
69.68051625620426,40628008360.78818,40322554193.64093,18.316323417954017,18.17861552774322,18.325160115217646,18.236244390628105
70.52090693648064,40609094156.47978,40317193640.49561,18.307796327966503,18.17619882977868,18.324849141554143,18.234850260167917
71.37143325485853,40611468797.32418,40311751424.8264,18.308866887205372,18.173745315901694,18.32445788762679,18.233431464521715
72.23221745348323,40598350899.4395,40306226165.680176,18.302952945815832,18.17125436353722,18.32401803306588,18.231987708397863
73.10338324881701,40673577654.62064,40300616412.06566,18.336867420907623,18.16872531853491,18.323923118894186,18.230518688374538
73.98505584942022,40725330529.79114,40294920705.84877,18.360199167593652,18.166157523524245,18.32450783469737,18.229024092682145
74.87736197394675,40698849228.57514,40289137574.882195,18.34826060360368,18.163550314817098,18.325211155568663,18.227503601287893
75.78042986935695,40598851378.01682,40283265498.3603,18.303178576553243,18.160903006788732,18.325220000185773,18.22595688575578
76.69438932934987,40490702306.27415,40277302921.42638,18.254421734775534,18.158214898463157,18.324116768942734,18.224383609004423
77.61937171301778,40572132741.83014,40271248291.64289,18.29113301484773,18.15548528995502,18.322903053536418,18.2227834253441
78.55550996372601,40568046608.68029,40265100012.67817,18.28929086359983,18.152713461590174,18.32212841172156,18.22115598045776
79.50293862822011,40669114606.42023,40258856430.06601,18.33485534506224,18.149898667485687,18.321893418855627,18.21950091106005
80.4617938759637,40576906889.891426,40252515892.96466,18.293285343831204,18.147040163392635,18.32170512449007,18.21781784482068
81.43221351870939,40630491420.36467,40246076708.05298,18.31744285560563,18.144137185911116,18.32131969169982,18.21610640036971
82.41433703030589,40564375883.28991,40239537125.12321,18.287635990615865,18.141188945995033,18.32087263704868,18.21436618698061
83.40830556674398,40522023186.03012,40232895388.400024,18.268542125769127,18.138194652088266,18.319857661704912,18.212596804460027
84.41426198644395,40573291169.004105,40226149709.918365,18.291655268525197,18.135153498122598,18.31891734184956,18.210797843169605
85.4323508707883,40591581599.62681,40219298249.03803,18.29990114264642,18.13206465428228,18.318369719804412,18.20896888379583
86.46271854490156,40565842336.24559,40212339128.59924,18.288297111544434,18.12892727428744,18.317793882063246,18.207109497103463
87.50551309868081,40538431425.83934,40205270442.25581,18.27593945187963,18.1257404987001,18.316947785765326,18.205219243819933
88.56088440808018,40540390771.41612,40198090240.61173,18.276822783569266,18.122503448674138,18.315986751512884,18.203297674486922
89.62898415665175,40516291819.937485,40190796502.081665,18.265958254218074,18.119215212818315,18.314929415491463,18.201344329085284
90.70996585734608,40536310637.56249,40183387184.18942,18.274983336983848,18.115874870323168,18.31387675204901,18.19935873678985
91.80398487457624,40425716261.363205,40175860277.52927,18.225124078693746,18.112481515288387,18.312361129577567,18.197340416292175
92.91119844654749,40522539976.2744,40168213709.62357,18.268775110294712,18.10903421337897,18.310814512730783,18.195288875885627
94.03176570785615,40588607913.45643,40160445300.031166,18.298560515826704,18.1055319815867,18.31017347377728,18.19320361279687
95.16584771236167,40484177740.92321,40152552831.622955,18.25148026523393,18.101973820363362,18.309337291323228,18.19108411267785
96.31360745633391,40482625109.156235,40144534066.612885,18.250780292315238,18.098358720847955,18.307958213311103,18.18892984957426
97.47520990187972,40567735535.83605,40136386727.52815,18.28915062264165,18.094685656287506,18.307060821457654,18.186740285877676
98.65082200065248,40554871555.17741,40128108488.55299,18.283351154745176,18.09095357813458,18.30656738510504,18.184514872131214
99.84061271784705,40584908675.28014,40119696961.89128,18.296892788424582,18.08716140989915,18.306178725364624,18.18225304672066
101.04475305648423,40588517917.94721,40111149719.74979,18.29851994315481,18.08330805705928,18.305978115540146,18.179954235618613
102.26341608198875,40438737116.19236,40102464296.982994,18.230994270166363,18.079392408253526,18.304996721313998,18.177617852265513
103.49677694706244,40588288159.831856,40093638166.18296,18.29841636131266,18.07541332405065,18.304046933190982,18.175243297333807
104.74501291685849,40524723551.00045,40084668750.227264,18.269759531202933,18.071369642606665,18.303572034252223,18.172829958432853
106.00830339445916,40592074765.542816,40075553418.48877,18.300123476617017,18.067260177956033,18.3031327996728,18.170377209866995
107.28682994666,40495936872.034424,40066289478.163635,18.25678163385221,18.063083716102106,18.30254500296542,18.167884412332747
108.58077633006585,40439412806.881355,40056874183.175964,18.231298891773218,18.0588390190316,18.30115711152154,18.165350912624906
109.89032851750162,40486309489.43758,40047304750.13215,18.252441321333166,18.054524831907276,18.299753997503423,18.162776043482634
111.21567472474072,40532427045.50906,40037578327.37436,18.273232497330515,18.050139869116354,18.29888084191203,18.160159123357616
112.5570054375567,40566925125.43248,40027691991.34238,18.288785265351148,18.045682812630286,18.2984585275218,18.157499456003844
113.91451343910114,40482332641.65052,40017642772.16488,18.250648439201093,18.04115232354211,18.297774877838,18.15479633019539
115.28839383761098,40466631886.57382,40007427637.79473,18.243570068404843,18.03654703491413,18.29657401591157,18.15204901950139
116.67884409445062,40425307300.65576,39997043479.243576,18.224939706954025,18.031865545121242,18.295096241348833,18.149256781902864
118.08606405249265,40483599611.14744,39986487128.436005,18.251219627009764,18.027106425900143,18.293747282689445,18.14641885943613
119.51025596483952,40630940680.730446,39975755377.21541,18.317645395638735,18.022268230917707,18.293531315729535,18.143534478041577
120.95162452389278,40538676204.50151,39964844919.73862,18.276049805434308,18.01734946980079,18.293606930904712,18.140602847207415
122.410376890773,40678713012.01778,39953752363.34783,18.33918259388183,18.012348613037613,18.293943318379736,18.13762315937446
123.88672272509324,40427035633.71187,39942474305.478065,18.225718891278014,18.007264126649932,18.293662982054972,18.134594589825973
125.38087421509283,40513079404.27141,39931007245.667404,18.264510000989162,18.00209443252464,18.292515534755825,18.131516296515567
126.89304610813464,40512509694.64671,39919347575.09498,18.264253158821376,17.996837903697166,18.291848972772183,18.12838741937598
128.42345574156886,40401567748.11487,39907491646.71088,18.21423720541186,17.99149289596814,18.290599143372006,18.125207079965378
129.97232307397022,40445640639.19835,39895435722.77102,18.234106585172754,17.986057724250546,18.289026773820034,18.121974381212517
131.53987071675215,40458734938.34864,39883175973.35962,18.240009887545796,17.980530661903604,18.28779596532267,18.118688406881457
133.12632396616075,40438209800.308846,39870708500.59204,18.230756540367253,17.97490995164413,18.286553556385698,18.11534822117114
134.731910835656,40298164581.03735,39858029336.63281,18.167619959648455,17.969193804653013,18.284479232813055,18.111952868442334
136.3568620886835,40385929827.446945,39845134422.57548,18.207187162249653,17.963380391053622,18.282182145914128,18.108501372827007
138.00141127184006,40468470919.457375,39832019597.30198,18.244399159527703,17.957467834889258,18.280848832215526,18.104992737674976
139.66579474844085,40390093271.37422,39818680617.93221,18.209064167512313,17.951454223342456,18.279564190621116,18.101425945064477
141.35025173249107,40360703926.41402,39805113150.25695,18.19581457027504,17.945337602421834,18.27773602474734,18.09779995538138
143.05502432306622,40417204572.3057,39791312768.618706,18.22128675424934,17.939115976908404,18.27609870836268,18.09411370685703
144.78035753910876,40342091997.31595,39777274962.640396,18.187423755008762,17.932787313389046,18.27439657304786,18.090366115152502
146.5264993546428,40433050807.888794,39762995109.33719,18.228430712016593,17.92634952768368,18.27282470717442,18.086556072838615
148.2937007344144,40266130483.88632,39748468486.14569,18.153178028884586,17.919800490719243,18.270876155180424,18.082682448810225
150.0822156699622,40353737382.77031,39733690280.753975,18.192673843677017,17.91313803296134,18.26855834362793,18.078744087836384
151.8923012161215,40390674797.144135,39718655565.16546,18.209326336752383,17.906359932721454,18.266958950116145,18.074739810033943
153.72421752796987,40354592886.584045,39703359303.68463,18.193059530427856,17.899463919757185,18.265399680427507,18.070668410258914
155.57822789821867,40218932670.33865,39687796361.982704,18.13189984045156,17.892447679359286,18.262956978812625,18.06652865760333
157.45459879505376,40244485814.74138,39671961490.87477,18.14341996354176,17.885308845037923,18.259989284799616,18.062319294864945
159.35359990043426,40272151629.076065,39655849317.0597,18.155892541534637,17.878044994347967,18.257376183415907,18.058039037893707
161.2755041488532,40371495388.51158,39639454345.743004,18.2006796847098,17.87065365007143,18.25550557825838,18.053686574918583
163.22058776656405,40340995109.51869,39622770971.2211,18.186929245126088,17.86313228498918,18.254042792079627,18.049260565961156
165.189130311282,40177354338.07161,39605793469.1582,18.11315508254417,17.85547831839915,18.2515735926221,18.04475964227782
167.1814147123639,40324426496.223885,39588515973.59708,18.179459617843357,17.84768910575206,18.24908435496472,18.040182405650615
169.1977273114714,40281554036.818726,39570932498.10321,18.16013142864898,17.83976194818388,18.247204488202865,18.03552742768652
171.23835790372596,40099797837.79325,39553036942.750854,18.078190288561455,17.83169409566532,18.244165087103095,18.03079324928304
173.30359977936027,40193055874.00218,39534823053.16307,18.120233805372745,17.823482728535872,18.240733875489866,18.025978379923533
175.3937497658705,40290389399.24786,39516284416.79402,18.16411467474684,17.815124955827745,18.238401937135347,18.021081296751774
177.5091082706783,40145273006.13223,39497414503.08923,18.09869185692252,17.806617833371323,18.23586230166955,18.016100443864566
179.64997932430765,40154181420.17198,39478206645.48956,18.102708036875132,17.797958355682006,18.23266034873734,18.011034231737472
181.81667062408056,40211665123.57535,39458654007.15018,18.12862341262892,17.78914344050531,18.229890376845265,18.005881036384586
184.00949357834142,40208207538.85161,39438749596.37497,18.127064629843343,17.78016993577515,18.227472605348886,18.00063919843908
186.22876335121506,40187167602.22248,39418486273.18202,18.117579196036935,17.771034622573758,18.224980723715497,17.995307022372714
188.4747989079024,40115062568.32172,39397856743.03525,18.085072086427704,17.76173421230572,18.22204880527773,17.989882775735108
190.74792306052458,40162390118.75069,39376853542.577286,18.106408764133846,17.752265340265918,18.21905784871916,17.984364688301017
193.04846251451977,40133119833.12478,39355469027.02124,18.093212842411592,17.742624559955388,18.21623173578393,17.978750951094394
195.37674791559772,40096939609.15997,39333695381.651596,18.076901713458664,17.732808348266232,18.21312281990124,17.973039715430396
197.73311389726268,40183277524.39418,39311524632.754486,18.115825432401973,17.722813110409344,18.21035934818582,17.96722909209987
200.11789912890913,40128052583.75737,39288948615.77577,18.09092837457776,17.7126351655591,18.207822974740278,17.96131715046016
202.53144636449608,39990801546.20977,39265958974.506195,18.0290514946961,17.702270746486008,18.204316151773575,17.955301917373955
204.97410249181,39990912396.23291,39242547176.26762,18.02910146920769,17.691716006403116,18.200164413889595,17.949181376250618
207.44621858232193,40115452621.144135,39218704474.22071,18.085247933926357,17.680967001973194,18.19678071842403,17.942953465988303
209.94814994164432,40106829135.82081,39194421914.67998,18.081360208375813,17.670019696606555,18.194091977489986,17.936616079780368
212.48025616059775,40061317078.98484,39169690357.087975,18.060842009575094,17.658869969466053,18.191176646757786,17.930167064096167
215.04290116689413,40044880081.81009,39144500446.692184,18.053431718782612,17.647513603148973,18.18800047821901,17.923604217645313
217.63645327744084,40034315474.29127,39118842620.31475,18.048668877188703,17.635946286288213,18.18475554513608,17.9169252902523
220.26128525127794,39970706738.222305,39092707089.10626,18.019992153198196,17.62416360577718,18.181189670709934,17.910127981695936
222.91777434315375,39962053458.8758,39066083820.589226,18.016090995609346,17.61216103867444,18.17732412328961,17.90320994038806
225.60630235774448,39916342300.59652,39038962557.83447,17.995483035912738,17.599933960849015,18.173258638890623,17.89616876209141
228.32725570452996,40031976300.51027,39011332803.83517,18.04761430756464,17.587477639935727,18.16966805987625,17.889001988685674
231.08102545333108,39829962053.89079,38983183819.44545,17.956540232673785,17.574787234405864,18.16569106727283,17.88170710686868
233.86800739051486,40032700539.21272,38954504622.01204,18.047940816070497,17.56185779295028,18.16182512137222,17.874281546870193
236.68860207588085,39947012571.9972,38925283962.01534,18.009310113166997,17.548684243948504,18.15866664007304,17.8667226810633
239.54321490022994,39853060944.9956,38895510322.26482,17.966953904845813,17.535261395105962,18.154623361873778,17.859027822480456
242.4322561436301,39973038717.108475,38865171906.9132,18.021043479148105,17.521583928501308,18.15082171664755,17.85119422330135
245.35614103438468,39962527650.42061,38834256630.72914,18.01630477536492,17.507646395750154,18.14769056725157,17.843219073260652
248.31528980870976,39910272502.15361,38802752143.6351,17.992746588918468,17.493443229067534,18.144297062099394,17.8350994981684
251.31012777113347,39909502147.947174,38770645825.72293,17.992399290161753,17.478968739020747,18.140702421410694,17.826832558568878
254.3410853556237,39850107106.4893,38737924734.098206,17.96562222594772,17.46421709056521,18.136869755161037,17.81841524811924
257.408598187451,39758550234.25781,38704575601.06993,17.924345644825745,17.44918230222831,18.13232070574596,17.809844491714674
260.5131071457995,39719214757.14935,38670584846.6627,17.906612033221652,17.433858251750266,18.127182074609244,17.801117143715572
263.6550584271334,39769722128.31229,38635938562.41273,17.929382269384735,17.418238668778894,18.122227726193948,17.792229986196045
266.8349036093247,39750372742.410324,38600622510.68353,17.92065898649644,17.402317134561102,18.117554917655546,17.783179727144297
270.05309971655794,39803592148.74117,38564622101.51552,17.944651889368053,17.38608707150597,18.113176021683255,17.773962998577577
273.31010928501604,39663059536.746124,38527922393.350266,17.88129557740678,17.369541743511302,18.10842837244433,17.764576354582807
276.6064004293574,39650300056.16522,38490508091.84446,17.875543221276263,17.352674255428905,18.10297863973441,17.75501626940111
279.9424469099964,39725897121.0047,38452363518.349686,17.90962464305682,17.335477538854324,18.097996432529676,17.74527913538205
283.3187282011958,39628504139.08349,38413472609.44784,17.86571696883202,17.3179443519174,18.09301032426248,17.735361260816582
286.7357295599775,39734380096.34593,38373818902.11519,17.91344902249764,17.300067272593804,18.088194156016595,17.7252588677391
290.1939420958668,39591191071.84973,38333385528.57797,17.848895120192527,17.281838696385737,18.08328484855863,17.71496808967521
293.69386284147885,39409174864.1205,38292155218.876625,17.766836760391268,17.263250837478008,18.0767538550028,17.704484969429306
297.2359948239523,39487566667.851135,38250110267.69056,17.802178134196655,17.244295713781636,18.069832523983152,17.693805456759957
300.8208471372484,39369782319.809586,38207232518.3458,17.749077421182527,17.224965139723995,18.062858516474854,17.682925405848337
304.44893501532135,39385256659.80037,38163503368.28725,17.756053717274465,17.205250728715907,18.05550761653451,17.671840572771124
308.1207799061689,39257430151.18477,38118903754.50017,17.698425697402072,17.18514388657918,18.047726270261606,17.66054661298401
311.836909546778,39433128666.97197,38073414111.99844,17.77763585239256,17.16463579283189,18.040394654082384,17.64903907856441
315.5978580389755,39385842418.907364,38027014386.17404,17.756317795029727,17.143717406255885,18.03391538258568,17.6373134153655
319.4041659261899,39153876394.05439,37979684045.74677,17.65174056113103,17.12237947073492,18.026092362311953,17.625364960372778
323.2563802711419,39159218981.97466,37931402029.71544,17.654149159833867,17.10061249133865,18.017252001137567,17.61318893890701
327.15505473447257,39292426823.33694,37882146709.766754,17.714203245737664,17.078406717375444,18.009365103532154,17.600780461409915
331.100749654316,39105549938.33458,37831895920.31185,17.629953546991747,17.05575215593374,18.001368195486886,17.588134520267705
335.0940321268354,39383189765.83689,37780626923.69161,17.755121899549867,17.03263855619557,17.99406033657437,17.575245986682553
339.13547608772984,39324980364.38797,37728316370.98237,17.728879357374627,17.00905539176659,17.988086727552737,17.562109607222773
343.2256623947215,38940361187.851105,37674940334.95672,17.555481509081485,16.98499187553581,17.97987927598255,17.548720000423835
347.36517891104063,38685251507.80971,37620474288.37355,17.4404704220207,16.960436949888074,17.968453957511187,17.53507165352819
351.5546205899174,39187161350.16121,37564893026.2155,17.666746416588946,16.9353792516464,17.958641591209503,17.521158918769334
355.79458956008955,38725374564.660126,37508170686.74045,17.45855909816901,16.909807121562594,17.9492451243673,17.506976009444216
360.08569521234466,38978993284.77328,37450280741.37722,17.572898015823746,16.883708599761952,17.938982459732205,17.492516996136132
364.428554287106,38988857032.957504,37391195931.10293,17.57734488903129,16.85707139706026,17.9303622569649,17.4777758026317
368.82379096307136,38774033626.374344,37330888285.60522,17.480496061055728,16.82988290360269,17.920844505753006,17.462746201699737
373.2720369469261,39009842462.35958,37269329096.930954,17.586805749346663,16.802130176983855,17.911678744987857,17.44742181093029
377.7739315641329,38852055093.87868,37206488875.41533,17.515670476194718,16.77379992237933,17.903134210222294,17.431796088295652
382.3301218508199,38996425955.07105,37142337322.24067,17.58075718589128,16.744878480174318,17.894730132746176,17.4158623274351
386.94126264677766,38884009665.2882,37076843324.011475,17.53007655437166,16.715351823517956,17.886687595589265,17.39961365287655
391.60801668957356,38890196408.918884,37009974920.13005,17.532865723760356,16.685205543615233,17.87827207999514,17.383043015167367
396.33105470980524,38568112713.73577,36941699280.86786,17.387660744076502,16.654424839840917,17.868358391790863,17.36614318582954
401.11105552750286,38570650804.38852,36871982679.735146,17.388804991386067,16.622994507282954,17.85698344001733,17.34890675216946
405.94870614969005,38497624476.5032,36800790437.226234,17.355882534845865,16.590898911381156,17.84549912093381,17.331326111761857
410.84470186912574,38533022047.93617,36728086904.67453,17.37184082058852,16.558121980648565,17.834089400978893,17.313393466679013
415.7997463642362,38317856303.64428,36653835459.88903,17.274837656517136,16.524647204704237,17.821981927627352,17.2951008177475
420.81455180024926,38484939144.02995,36577998419.05716,17.350163606903816,16.490457594556432,17.809916752441627,17.276439958444602
425.88983893155137,38493255592.3327,36500537010.64167,17.353912910966404,16.45553567083453,17.799069057616318,17.257402468331396
431.02633720527984,38262910784.737236,36421411418.43194,17.25006657038041,16.41986348319785,17.78728498515475,17.237979706734144
436.22478486616023,38242409687.8074,36340580668.20459,17.240824061654532,16.383422559238877,17.774447177299894,17.21816280619503
441.48592906261183,38177579584.4747,36258002574.95611,17.21159670870835,16.346193880694127,17.76145639110248,17.19794266519287
446.81052595413337,38162892218.30165,36173633725.033844,17.204975203991836,16.30815787538828,17.748350323237435,17.17730994066018
452.1993408199794,37921473333.14625,36087429437.50138,17.096136337453252,16.269294399816516,17.734179772078406,17.156255040375143
457.65314816915196,37868608894.634964,35999343753.45631,17.072303464709837,16.229582734328662,17.71877936711423,17.134768115271285
463.17273185171797,37969837742.81861,35909329317.11237,17.117940462371482,16.189001529517462,17.704007047477212,17.11283905123381
468.7588851714661,37666556276.31369,35817337368.12453,16.981212090706162,16.147528802758462,17.688492702603188,17.090457460417714
474.41241099992544,37886563569.128876,35723317723.57812,17.080397969908667,16.10514193009022,17.672917947296924,17.067612672634205
480.1341218917604,37573515601.1008,35627218619.09415,16.939266566744205,16.061817574579774,17.65719823951773,17.044293725991782
485.9248402015522,41505376191.06192,35528986605.89003,18.711867122511105,16.017531639914566,17.661313058877415,17.020489356362617
491.7853982019932,37655718667.471855,35428566740.959755,16.976326171936492,15.97225935614135,17.665520294958064,16.996187987573762
497.7166382035078,37079820745.63387,35325902448.94965,16.71669413439136,15.925975217395647,17.646098043283978,16.9713777220982
503.71941267531,37578388763.93601,35220935221.036736,16.941463534554327,15.87865284614708,17.626757355913604,16.946046329615484
509.79458436792675,37106468868.21541,35113604723.00566,16.728707906451024,15.830265041923711,17.607986130906674,16.92018123482556
515.9430264371982,36817060771.34534,35003848784.22231,16.598234065474788,15.780783776340995,17.585599612113036,16.893769506065677
522.1656225697697,36882098275.425415,34891603235.20161,16.627554920891782,15.730180119872486,17.56255656880446,16.866797843265946
528.4632671101007,37202476656.80931,34776801773.27193,16.77199109402233,15.678424181287335,17.542125937848166,16.839252564606113
534.8368651890073,36961962427.82384,34659375915.80408,16.6635600735894,15.625485086564504,17.522587903207494,16.811119592524175
541.2873328537482,36554373818.23955,34539254961.39668,16.47980691669517,15.571330961393983,17.500046228169293,16.7823844395996
547.8155971996863,36802663605.78173,34416365871.07404,16.59174339188766,15.515928877617213,17.47720886871051,16.753032193926717
554.4225965035367,36918069274.80711,34290633104.46517,16.6437717251341,15.459244779371707,17.456850623212407,16.72304750332384
561.1092803582181,36523571662.550156,34161978603.370625,16.465920382052197,15.401243475682461,17.435467891936607,16.692414558958593
567.8766098093348,36433960908.66551,34030321620.19036,16.425521169388308,15.341888563112116,17.412016142647758,16.661117078352145
574.7255574933044,36162400823.5178,33895578457.306366,16.303093746837778,15.28114230826682,17.387185355545398,16.629138286475182
581.6571077771479,36184788511.185684,33757662574.84705,16.313186787192198,15.21896569637965,17.361621562727994,16.596460896487237
588.6722568999686,35561332281.65349,33616484656.137127,16.032114039652072,15.15531846081739,17.333432750182908,16.563067091856
595.7720131161401,36047811683.040565,33471951944.567947,16.251433529124718,15.090158784121794,17.305215789439213,16.528938505685055
602.9573968402125,36406004331.00119,33323968169.030205,16.412917506574917,15.023443264392423,17.2821741901742,16.494056196610583
610.229440793577,35179201937.58831,33172433731.555904,15.859838231604659,14.955126999881267,17.254988952418426,16.4584006258813
617.5891901528903,35842420030.2218,33017245207.472595,16.158836818329327,14.8851633636473,17.225498471334408,16.421951633292217
625.0377027002941,35379332177.575615,32858295302.86321,15.950062939859325,14.813503984378086,17.197739409917876,16.384688410806476
632.5760489754474,35399581822.988205,32695472702.386402,15.959192086707533,14.740098677782653,17.168288512317453,16.346589475758798
640.2053124293863,35221843489.523575,32528661729.59718,15.879062320793427,14.664895293453831,17.138687955378554,16.307632642061012
647.9265895802449,34624809783.45018,32357742202.511024,15.609901638469303,14.58783964975225,17.105637608284827,16.267794989510605
655.7409901708554,34895654237.15952,32182589043.5682,15.732006432926502,14.50887535796655,17.07165605677369,16.2270528309642
663.6496373282415,34000016828.577293,32003072165.079132,15.328226255096192,14.42794377066874,17.035105550915514,16.185381677602866
671.6536677250424,34063346567.507122,31819056372.024216,15.356777198817392,14.344983937893423,16.995006764098626,16.142756203889956
679.7542317428836,34449807946.031815,31630400615.828636,15.531005566960548,14.259932270717142,16.95827043574501,16.099150208834132
687.9524936377117,34351928196.29705,31436957744.68582,15.486878443221432,14.172722428696703,16.923930117826046,16.054536572867462
696.249631707129,33990594294.65342,31238574539.600075,15.323978294496358,14.083285336118278,16.887942526556582,16.00888721461331
704.6468384597479,32957700993.913166,31035091119.511192,14.858319048180562,13.991548913809758,16.84534019939288,15.962173045673902
713.145320786579,34850828430.843765,30826340451.684525,15.71179761642093,13.897437858409923,16.808434931603106,15.914363920700737
721.746300134495,33240910388.46903,30612147922.146496,14.985998328435281,13.800873448707904,16.7738043523759,15.865428583740998
730.451012681785,34225619859.75156,30392330768.57513,15.429934860803943,13.701773289973243,16.736738375540856,15.815334610527952
739.2607095158205,32957601308.151344,30166697658.271187,14.858274106852464,13.600051123692637,16.698965436558915,15.764048346860838
748.176656812871,33354730897.4995,29935048183.59169,15.037312024063304,13.495616600096254,16.657489741548975,15.711534843493482
757.2001360200866,32746973442.94665,29697172180.34142,14.76331675463222,13.388374970868192,16.615839656976835,15.65775778622511
766.3324440396711,36301144987.935455,29452848742.919014,16.365643773047783,13.278226645144844,16.5910448464279,15.602679418737985
775.5748934152812,48881849771.68857,29201845973.28336,22.03740241793925,13.165067076341415,16.653294478946957,15.546260460686483
784.9288125206746,32700976401.120678,28943920089.240044,14.742579910067453,13.04878636014075,16.69392195374401,15.488460021603386
794.3955457506266,31707268612.341736,28678814212.03534,14.294586666574336,12.929268687904365,16.642352476881403,15.429235505598635
803.9764537141556,31754076124.673653,28406257233.61672,14.31568889552555,12.80639183599956,16.586981175841448,15.36854250579426
813.6729134300795,30350887993.576637,28125962910.3279,13.683089645343927,12.680026757209983,16.525631573664782,15.306334690378113
823.4863185249237,31487379220.119427,27837629079.97405,14.1954539404915,12.550037227765175,16.46439246231391,15.242563682339808
833.4180794332223,29696342193.439026,27540935651.346214,13.388000787905495,12.41627894095794,16.401014908210016,15.177178927098408
843.4696236002361,31045480291.35089,27235542945.08652,13.99623266374332,12.27859875915667,16.33687944999683,15.110127543680031
853.6423956871075,29384672739.350113,26921090292.41533,13.24749086012623,12.136834082069571,16.27250265610563,15.041354163085577
863.9378577784973,29390926412.479225,26597195249.943554,13.250310203338081,11.99081249275852,16.2008683101469,14.97080075883066
874.3574895927261,29588401114.460484,26263449732.429886,13.339337715497495,11.84035001417016,16.132025239577985,14.898406456555556
884.9027886944416,29498619116.065292,25919417266.065582,13.298861300677622,11.685249870834394,16.06537912017766,14.824107312859937
895.5752707098593,29478944444.78486,25564631901.5668,13.289991369394892,11.525301998853834,15.99972965926045,14.74783607895711
906.3764695445994,28420985515.56261,25198594125.627605,12.813031786772342,11.360281202664336,15.929847228901362,14.669521942192212
917.307937604142,28569719846.028206,24820767328.61515,12.880085679150438,11.18994556256614,15.856803367025542,14.589090233003049
928.3712460169497,27277416778.90686,24430574034.98188,12.297476738017757,11.014034735280756,15.77933670390509,14.506462099820384
939.5679848602816,30011937419.648796,24027390195.341434,13.53028057137624,10.83226738064778,15.711536410749918,14.421554140993726
950.8997633887208,26498074588.110687,23610540488.285503,11.94612592866682,10.644339043543152,15.640980341415654,14.33427798989632
962.368210265473,26389190134.820652,23179292191.318195,11.89703755485492,10.44991939071275,15.552857645806274,14.244539851990963
973.9749737964391,26838348299.33143,22732846956.62172,12.09953151256844,10.248648503041151,15.468657824933898,14.152239976143136
985.7217221671224,26245067771.578194,22270329770.82892,11.832062875479386,10.040131898286308,15.385649795009357,14.05727203548782
997.6101436823909,25021709928.048523,21790778792.88191,11.280536506798056,9.823935949681774,15.294886475220896,13.959522409761897
1009.6419470091245,23375017775.466976,21293143053.19103,10.538158348148258,9.599586848648604,15.190932492178682,13.858869418332747
1021.8188614217956,24967643132.53078,20776258371.321938,11.25616157549251,9.366559747767186,15.089256318413328,13.75518242980164
1034.1426370510137,22722843095.118534,20238821329.70551,10.244138462551506,9.12426702734588,14.986383263806141,13.648320725035713
1046.6150451350566,20916032504.774624,19679376324.64161,9.429574114876909,8.87205245762557,14.864323913662183,13.538132179408622
1059.2378782744452,21537672449.715717,19096288462.711212,9.709828026905969,8.609178979670194,14.738904721669426,13.424451761907815
1072.0129506895892,19741585605.88216,18487711902.7779,8.9000982654506,8.33481443299252,14.610107423865717,13.30709975583959
1084.9420984815295,19958648948.736023,17851539020.60692,8.997956923807351,8.048008637441345,14.475993258750917,13.185879580520327
1098.027179895836,21041049234.617775,17185336033.174747,9.485935402295373,7.747664370711503,14.352023964374402,13.060575048859372
1111.270075589688,20718001021.21322,16486292631.45849,9.340295588899528,7.4325146612962785,14.235002041456733,12.930947077580411
1124.6726889021647,19704667688.273117,15751104699.211248,8.883454562100937,7.101069914597498,14.113593555379161,12.796729577917828
1138.2369461278074,17663889948.49553,14975835535.299013,7.963410813611309,6.7515553477971135,13.97871813096624,12.657624075503081
1151.9647967934795,16391101023.9225,14155756036.87825,7.389599432599345,6.381838939645404,13.829366680529239,12.513292862402963
1165.8582139385567,14133394054.315672,13285078361.276007,6.371757487922603,5.989311357256826,13.66466754625764,12.363350032114646
1179.919194398505,15170504992.074253,12356567314.599453,6.8393181713701745,5.570710758452065,13.497457328158632,12.2073492252959
1194.1497590918812,13197162984.255934,11360946006.70852,5.949676471278384,5.121854843212637,13.329112322159247,12.044766409771597
1208.5519533107824,10663731509.997562,10286014011.365608,4.807529658969316,4.637243293855718,13.140669427982978,11.874975175767363
1223.1278470148095,16722798859.22168,9115132828.855663,7.539138754695151,4.109374976206476,12.975794747406908,11.697209798374438
1237.879535128577,9177157450.807037,7824446508.588072,4.1373375340914,3.5274949129945474,12.806451707051153,11.510506203056364
1252.8091378427982,16081013508.975166,6377366847.065386,7.249802690381316,2.875108045870285,12.638155815542538,11.31359994728755
1267.918800919016,10853873563.900797,4710106414.262486,4.893251393682923,2.123457090253925,12.482413296643646,11.104719620254425
1283.210695998004,7461541240.034578,2697259095.6958094,3.3638863449870486,1.216005212464818,12.284387175448764,10.881123421351
1298.6870209118815,0.0,0.0,0.0,0.0,12.032957443120118,10.637648457805808
1314.35,0.0,0.0,0.0,0.0,11.747875143987935,10.385623525942933
