R_kpc,Sigma_bar,Sigma_eff,kappa_bar,kappa_eff,kappa_bar_mean,kappa_eff_mean
8.540000000000001,14085332092.286589,14657493608.719074,5.187637671655204,5.3983651587651424,0.0,0.0
8.597833451484032,14085982033.136374,14659899469.442581,5.187877045325246,5.399251238954111,0.06955633047325539,0.07238606897897594
8.656058554971644,14086641605.420916,14662308111.075472,5.188119966259452,5.400138343353953,0.13818329809034766,0.14381348851121495
8.714677962756408,14087310964.834644,14664719322.85339,5.188366491800191,5.4010263943400085,0.2058934114934623,0.21429512517074562
8.773694345093414,14087990270.006104,14667132892.795317,5.188616680370466,5.401915313839519,0.27269901238773586,0.2838436719755836
8.833110390320895,14088679682.56712,14669548607.667967,5.188870591499391,5.402805023318517,0.3386122777941607,0.3524716507086254
8.89292880498269,14089379367.22406,14671966252.949451,5.1891282858484375,5.40369544376844,0.40364522227264354,0.4201914142072598
8.953152313951529,14090089491.83128,14674385612.792263,5.189389825238481,5.4045864956925,0.4678097001156093,0.48701514862209466
9.013783660553177,14090810227.466833,14676806469.985533,5.18965527267769,5.405478099091782,0.5311174075125824,0.5529548756452342
9.07482560669137,14091541748.51053,14679228605.916508,5.18992469239027,5.406370173451057,0.593579884686082,0.6180224547084489
9.136280932973644,14092284232.724434,14681651800.531242,5.190198149846112,5.407262637724301,0.655208517999314,0.6822295851517229
9.198152438838003,14093037861.335926,14684075832.294563,5.19047571179139,5.408155410319956,0.7160145420359934,0.7455878083625169
9.260442942680424,14093802819.12338,14686500478.149086,5.190757446280107,5.40904840908583,0.7760090416526845,0.8081085098861346
9.323155281983253,14094579294.50461,14688925513.473461,5.191043422706675,5.409941551293724,0.8352029540040705,0.8698029215076056
9.386292313444455,14095367479.628155,14691350712.039747,5.191333711839537,5.410834753623728,0.893607070541505,0.9306821233054418
9.44985691310775,14096167570.467548,14693775845.969791,5.191628385855881,5.4117279321481595,0.9512320389852302,0.9907570456776442
9.513851976493612,14096979766.91869,14696200685.690752,5.191927518377509,5.412621002315179,1.0080883652706156,1.0500384713403252
9.578280418731175,14097804272.900436,14698624999.889606,5.192231184507877,5.413513878932038,1.0641864154687994,1.1085370372993137
9.643145174691028,14098641296.458542,14701048555.466673,5.192539460870382,5.414406476147962,1.1195364176820874,1.1662632367951058
9.708449199118894,14099491049.873108,14703471117.48808,5.192852425647935,5.415298707436641,1.1741484639144435,1.2232274212214869
9.77419546677023,14100353749.769678,14705892449.137177,5.193170158623874,5.416190485578337,1.2280325119174573,1.2794398020182118
9.840386972545746,14101229617.23413,14708312311.664848,5.193492741224285,5.417081722641583,1.281198387012119,1.334910452538061
9.907026731627811,14102118877.931543,14710730464.338638,5.1938202565617715,5.4179723299644476,1.3336557838867285,1.3896493098886011
9.97411777961781,14103021762.229187,14713146664.390743,5.194152789480762,5.418862218135378,1.385414268371312,1.4436661767490138
10.041663172674433,14103938505.323845,14715560666.96476,5.194490426604397,5.4197512969735895,1.4364832791888702,1.4969707231623064
10.109665987652873,14104869347.373638,14717972225.061142,5.194833256383079,5.4206394755089775,1.4868721296837633,1.5495724883032094
10.178129322244988,14105814533.63456,14720381089.48138,5.195181369144764,5.421526661961556,1.5365900095276004,1.6014808822221083
10.247056295120432,14106774314.601913,14722787008.770813,5.195534857147046,5.422412763720396,1.5856459864029588,1.6527051875653342
10.31645004606867,14107748946.156925,14725189729.160019,5.195893814631161,5.423297687322043,1.6340490076651897,1.7032545612720487
10.386313736142059,14108738689.718699,14727588994.504753,5.196258337877946,5.424181338428391,1.6818079019827465,1.753138036248157
10.456650547799802,14109743812.401806,14729984546.224407,5.196628525265887,5.425063621804023,1.728931380956229,1.8023645230174141
10.52746368505292,14110764587.179764,14732376123.238853,5.19700447733132,5.425944441292944,1.775428040716531,1.8509428113501114
10.598756373610232,14111801293.054667,14734763461.903719,5.197386296830913,5.426823699794746,1.8213063635024072,1.898881571869629
10.670531861025248,14112854215.233253,14737146295.943933,5.197774088806506,5.427701299240136,1.8665747192176878,1.9461893576370768
10.742793416844153,14113923645.30974,14739524356.385555,5.198167960652454,5.428577140565822,1.9112413669685704,1.9928746057144142
10.815544332754694,14115009881.455744,14741897371.4858,5.198568022185573,5.429451123688746,1.9553144565811467,2.0389456387062124
10.888787922736167,14116113228.617584,14744265066.661173,5.198974385717805,5.430323147479614,1.9988020300996037,2.0844106662804465
10.962527523210342,14117233998.721426,14746627164.413635,5.199387166131775,5.431193109735706,2.041712023265283,2.129277786668498
11.036766493193477,14118372510.886538,14748983384.25479,5.1998064809593325,5.432060907152947,2.084052266976978,2.1735549881447067
11.111508214449294,14119529091.647142,14751333442.62794,5.200232450463261,5.432926435297208,2.1258304887326904,2.217250150485674
11.186756091643064,14120704075.183285,14753677052.82793,5.200665197722305,5.433789588574781,2.1670543140532144,2.260371046409644
11.26251355249666,14121897803.561115,14756013924.918783,5.201104848719668,5.434650260202039,2.207731267887758,2.3029253429961525
11.338784047944733,14123110626.983173,14758343765.648903,5.2015515324351895,5.4355083421742165,2.2478687760019613,2.3449206030862584
11.415571052291895,14124342904.049055,14760666278.36387,5.202005380941352,5.436363725233283,2.2874741663485474,2.386364286663553
11.49287806337096,14125595002.02715,14762981162.916641,5.20246652950336,5.437216298834871,2.326554670420902,2.4272637522162146
11.570708602702329,14126867297.137886,14765288115.575123,5.202935116683461,5.438065951114239,2.3651174245899194,2.4676262580803905
11.649066215654345,14128160174.849226,14767586828.92692,5.203411284449777,5.438912568851186,2.4031694714242855,2.507458963765036
11.727954471604855,14129474030.184956,14769876991.781254,5.203895178289843,5.439756037433931,2.4407177609946182,2.546768931258591
11.807376964103739,14130809268.046532,14772158289.067806,5.204386947329149,5.440596240821854,2.4777691521616227,2.5855631263175685
11.887337311036667,14132166303.549215,14774430401.73248,5.204886744454936,5.441433061507109,2.514330413848644,2.6238484197374277
11.967839154789845,14133545562.373247,14776693006.629818,5.205394726445537,5.4422663804749964,2.550408226298811,2.6616315886058226
12.048886162415988,14134947481.130924,14778945776.41209,5.205911054105565,5.443096077163119,2.5860091823171483,2.698919317538568
12.130482025801314,14136372507.7505,14781188379.41471,5.20643589240731,5.443922029419178,2.6211397884978367,2.735718199898417
12.212630461833763,14137821101.877798,14783420479.53801,5.206969410638649,5.444744113457429,2.6558064664370047,2.7720347389969766
12.29533521257227,14139293735.296612,14785641736.125065,5.207511782557885,5.445562203813689,2.690015553931253,2.8078753492798754
12.378600045417256,14140790892.36896,14787851803.835487,5.208063186555889,5.446376173298852,2.7237733061622578,2.843246357495449
12.462428753282234,14142313070.496347,14790050332.51492,5.208623805825983,5.44718589295082,2.7570858968677086,2.8781540038471163
12.546825154766557,14143860780.603312,14792236967.060108,5.209193828542031,5.44799123198482,2.7899594194988704,2.9126044431296414
12.63179309432942,14145434547.644514,14794411347.279324,5.209773448045204,5.448792057741984,2.822399888365097,2.946603745849502
12.717336442464925,14147034911.136896,14796573107.747837,5.210362863039968,5.449588235636128,2.85441323976553,2.980157899329509
12.803459095878441,14148662425.718342,14798721877.658367,5.210962277799844,5.450379629098671,2.886005333108358,3.01327280879792
12.890164977664067,14150317661.73455,14800857280.666096,5.211571902383553,5.451166099521553,2.917181952017855,3.0459542984621626
12.97745803748338,14152001205.85579,14802978934.7281,5.212191952862165,5.451947506198098,2.9479488054295886,3.0782081125674234
13.065342251745305,14153713661.725544,14805086451.93686,5.212822651557999,5.452723706261696,2.978311528674032,3.110039916440193
13.153821623787296,14155455650.642954,14807179438.347605,5.213464227295962,5.45349455462221,3.0082756845489653,3.1414552975170187
13.242900184057659,14157227812.281313,14809257493.7991,5.214116915668177,5.454259903899979,3.0378467643809324,3.1724597663585663
13.33258199029918,14159030805.444935,14811320211.727673,5.214780959312732,5.455019604357317,3.067030189076131,3.2030587576492127
13.422871127733938,14160865308.86692,14813367178.973957,5.215456608207505,5.45577350382734,3.095831310161029,3.2332576311822687
13.513771709249415,14162732022.05054,14815397975.582138,5.216144119980042,5.456521447640027,3.1242554108130953,3.263061672831043
13.605287875585855,14164631666.15723,14817412174.591236,5.216843760234601,5.4572632785453505,3.152307706881978,3.2924760955058714
13.697423795524843,14166564984.944275,14819409341.817934,5.217555802897513,5.457998836633291,3.1799933479014744,3.32150604009724
13.790183666079262,14168532745.755688,14821389035.630638,5.218280530582115,5.458727959250624,3.2073174180927415,3.350156576405213
13.88357171268442,14170535740.56996,14823350806.714167,5.219018234974639,5.459450480914252,3.2342849373590368,3.3784327040552093
13.977592189390585,14172574787.108719,14825294197.824612,5.2197692172425345,5.460166233220925,3.2609008622724973,3.4063393534003614
14.072249379056705,14174650730.010618,14827218743.53379,5.220533788466808,5.4608750447531165,3.287170087053278,3.4338813864104973
14.16754759354557,14176764442.075174,14829123969.962769,5.221312270100133,5.461576740980883,3.313097444541572,3.4610635975479527
14.263491173920162,14178916825.581705,14831009394.50366,5.2221049944526134,5.462271144159403,3.338687707162891,3.4878907146302587
14.360084490641457,14181108813.688898,14832874525.529276,5.222912305207247,5.462958073222038,3.363945587887153,3.5143673996798976
14.457331943767462,14183341371.921064,14834718862.089626,5.2237345579673145,5.463637343668556,3.3888757411819963,3.5404982497611557
14.555237963153697,14185615499.74767,14836541893.594742,5.224572120838119,5.464308767448315,3.413482763960924,3.566287797804268
14.653807008654933,14187932232.263317,14838343099.482779,5.225425375045729,5.464972152838021,3.4377711965267443,3.59174051341687
14.753043570328398,14190292641.975994,14840121948.872688,5.226294715595586,5.465627304313814,3.461745523510959,3.6168608036829237
14.852952168638284,14192697840.712141,14841877900.200342,5.227180551974147,5.466274022417246,3.4854101748096604,3.6416530139491603
14.953537354661652,14195148981.647882,14843610400.837152,5.228083308896985,5.4669121036148205,3.5087695265165912,3.66612142859913
15.054803710295786,14197647261.476645,14845318886.690067,5.229003427107128,5.467541340150672,3.531827901854091,3.690270271814971
15.156755848466862,14200193922.724335,14847002781.781723,5.229941364227737,5.468161519891934,3.554589572102595,3.7141037083269115
15.259398413340124,14202790256.224392,14848661497.80944,5.230897595673672,5.468772426166319,3.5770587575295347,3.73762584415062
15.362736080531388,14205437603.766226,14850294433.681658,5.23187261562691,5.469373837591382,3.599239628318398,3.7608407273124116
15.46677355732008,14208137360.931778,14851900975.03035,5.232866938081261,5.46996552789495,3.6211363054989154,3.783752348562413
15.57151558286361,14210890980.136648,14853480493.697636,5.233881097962405,5.470547265726037,3.6427528618792544,3.806364642075661
15.676966928413309,14213699973.893715,14855032347.194994,5.234915652329893,5.471118814455668,3.664093322981312,3.8286814861412277
15.783132397531709,14216565918.319122,14856555878.13291,5.235971181668407,5.471679931966826,3.685161667980158,3.850706703839335
15.89001682631142,14219490456.902624,14858050413.619102,5.237048291276372,5.472230370432814,3.7059618306488726,3.8724440637065194
15.997625083595366,14222475304.566502,14859515264.622787,5.238147612760866,5.47276987608311,3.726497700310033,3.893897280388808
16.105962071198622,14225522252.040133,14860949725.302689,5.239269805648772,5.473298188955877,3.7467731227952776,3.915070015282916
16.215032724131685,14228633170.579927,14862353072.295952,5.240415559125137,5.473815042636072,3.7667919014144635,3.935965877165426
16.324842010825257,14231810017.067976,14863724563.96502,5.241585593911004,5.47432016397806,3.7865577979360583,3.9565884228099173
16.435394933356584,14235054839.526402,14865063439.599232,5.242780664294355,5.474813272811575,3.806074533580612,3.9769411575919897
16.546696527677327,14238369783.088615,14866368918.56757,5.244001560329329,5.475294081629666,3.825345790029276,3.9970275360821197
16.658751863842955,14241757096.473574,14867640199.418663,5.245249110220689,5.475762295257231,3.8443752104495137,4.016850962626241
16.771566046243663,14245219139.014627,14868876458.92374,5.246524182912562,5.476217610498537,3.8631664005404054,4.036414791913958
16.885144213836952,14248758388.300688,14870076851.05784,5.247827690902679,5.476659715762,3.881722929600188,4.05572232953427
16.99949154038166,14252377448.494623,14871240505.914068,5.249160593306048,5.4770882906603,3.900048331618859,4.074776832518638
17.114613234673687,14256079059.40183,14872366528.545187,5.2505238991949135,5.477503005583743,3.9181461063990954,4.093581509871237
17.230514540783222,14259866106.371227,14873453997.726181,5.251918671245302,5.477903521244512,3.936019720708959,4.112139523086167
17.347200738293683,14263741631.121527,14874501964.630848,5.253346029724347,5.478289488189251,3.9536726094703627,4.130453986651436
17.46467714254214,14267708843.597872,14875509451.414564,5.25480715685709,5.478660546277101,3.9711081769875842,4.148527968539378
17.582949104861516,14271771134.977938,14876475449.694675,5.256303301616646,5.479016324120026,3.9883297982207333,4.166364490683279
17.702022012824308,14275932091.962898,14877398918.918842,5.2578357849875665,5.479356438481867,4.005340820109531,4.183966529439815
17.821901290488007,14280195512.507418,14878278784.610687,5.259406005759214,5.479680493632226,4.022144562953482,4.201337016036927
17.942592398642176,14284565423.16463,14879113936.480728,5.261015446913927,5.479988080650706,4.03874432185523,4.21847883700669
18.064100835057232,14289046098.247517,14879903226.389244,5.262665682684168,5.480278776676647,4.055143368234699,4.235394834602707
18.186432134734865,14293642081.037573,14880645466.146044,5.264358386363695,5.480552144098767,4.071344951422627,4.252087807201415
18.309591870160133,14298358207.306505,14881339425.13017,5.266095338970612,5.4808077296785065,4.087352300343193,4.268560509686708
18.433585651555376,14303199631.457188,14881983827.710617,5.267878438875108,5.481045063600074,4.103168625296752,4.28481565381717
18.558419127135696,14308171855.638071,14882577350.446375,5.2697097125223085,5.481263658439218,4.118797119855064,4.300855908575078
18.68409798336633,14313280762.241833,14883118619.041662,5.271591326401555,5.48146300804184,4.134240962883332,4.316683900496312
18.810627945221583,14318532650.265965,14883606205.028362,5.273525600438034,5.481642586302132,4.149503320705123,4.332302213980111
18.938014776445726,14323934276.092772,14884038622.144487,5.27551502301208,5.481801845828764,4.164587349428796,4.347713391577572
19.066264279815446,14329492899.341324,14884414322.372381,5.277562267846479,5.48194021648575,4.1794961974566665,4.362919934257512
19.19538229740425,14335216334.557758,14884731691.595703,5.279670213044045,5.482057103792911,4.194233008201418,4.377924301648294
19.325374710848564,14341113009.64747,14884989044.827682,5.281841962608236,5.482151887168439,4.208800923038038,4.392728912253885
19.456247441615616,14347192032.118032,14885184620.956179,5.284080870840466,5.482223917993499,4.2232030845240764,4.407336143642253
19.588006451273223,14353463264.402418,14885316576.94245,5.286390570081707,5.482272517475634,4.237442639926337,4.42174833260395
19.720657741761347,14359937409.776445,14885382981.400448,5.288775002355936,5.482296974284009,4.251522745098482,4.435967775278374
19.85420735566549,14366626110.68367,14885381807.471397,5.291238455583265,5.482296541925118,4.26544656876165,4.449996727244896
19.988661376491926,14373542061.648806,14885310924.893948,5.293785605166036,5.482270435822214,4.279217297249357,4.463837403575571
20.12402592894487,14380699139.415833,14885168091.153025,5.2964215619187724,5.482217830055425,4.2928381397890405,4.477491978845725
20.260307179205405,14388112553.512638,14884950941.569262,5.299151927521244,5.482137853711683,4.306312334406018,4.490962587098043
20.397511335212457,14395799021.151209,14884656978.165913,5.3019828589343305,5.4820295867844075,4.319643154552077,4.504251321755193
20.535644646945475,14403776971.26217,14884283557.118551,5.304921143546085,5.481892055551207,4.332833916581047,4.517360235475112
20.67471340670923,14412066783.588825,14883827874.555422,5.307974287230233,5.481724227344154,4.345887988218539,4.530291339942189
20.814723949420372,14420691070.201391,14883286950.428665,5.311150618028071,5.481525004609533,4.358808798203874,4.543046605586343
20.955682652896048,14429675008.635204,14882657610.118637,5.31445940884349,5.4812932181327065,4.371599847320786,4.55562796122061
21.097595938144416,14439046738.240622,14881936463.360222,5.317911023418928,5.48102761927666,4.384264721081882,4.5680372935861016
21.240470269657113,14448837834.440918,14881119879.987759,5.321517091004886,5.480726871048838,4.396807104393266,4.580276446791136
21.384312155703743,14459083879.683556,14880203961.878513,5.325290716641679,5.480389537767909,4.409230798604004,4.592347221628692
21.52912814862836,14469825155.297504,14879184510.324432,5.329246735970969,5.480014073046756,4.421539741445955,4.604251374753136
21.674924845147945,14481107485.745386,14878056987.868624,5.333402026174425,5.4795988057368294,4.43373803050024,4.615990617693166
21.821708886652846,14492983276.615625,14876816473.390676,5.337775888266955,5.4791419233860355,4.44582995099803,4.627566615672789
21.969486959509396,14505512801.205105,14875457608.89277,5.342390520946003,5.478641452640026,4.45782000899018,4.638980986205786
22.11826579536441,14518765809.27437,14873974535.996107,5.347271613097215,5.478095235853789,4.469712971223507,4.65023529742071
22.268052171451902,14532823557.883532,14872360819.56166,5.352449091752722,5.477500902961113,4.481513913472286,4.661331066062907
22.418852910901727,14547781401.751305,14870609355.035963,5.357958076122192,5.476855837349984,4.493228279636315,4.672269755105797
22.57067488305048,14563752134.935614,14868712254.99819,5.363840108336132,5.476157134077787,4.504861954699386,4.683052770885147
22.72352500375431,14580870355.706877,14866660708.80401,5.370144761031779,5.4754015481780485,4.51642135574589,4.693681459644858
22.877410235704048,14599298246.673111,14864444806.963964,5.376931766177219,5.474585429978862,4.527913546817401,4.704157103348629
23.03233758874233,14619233346.387878,14862053318.606934,5.384273877360041,5.473704643142529,4.53934638570573,4.714480914564289
23.188314120182895,14640919177.441793,14859473405.494654,5.3922607841208725,5.472754459336909,4.550728714231375,4.724654030160646
23.34534693513208,14664660060.55552,14856690248.624989,5.401004567994209,5.471729420713141,4.5620706088235945,4.73467750346006
23.503443186812504,14690842213.231625,14853686551.865536,5.410647473156663,5.470623157093549,4.573383716463414,4.744552294347724
23.662610076888882,14719964546.880318,14850441868.41399,5.421373249029935,5.469428137906529,4.58468171433636,4.754279256623541
23.822854855796056,14752684911.408564,14846931664.864689,5.433424182195364,5.468135327481597,4.595980953670646,4.763859121547498
23.984184823069345,14789891863.490578,14843125983.985296,5.447127528698201,5.46673369254911,4.607301386535017,4.773292475989831
24.146607327676954,14832820466.322361,14838987470.004763,5.462938163178281,5.465209474952434,4.618667943691584,4.782579732691457
24.310129768354848,14883248064.3954,14834468333.735876,5.481510682856254,5.463545073900459,4.630112663933523,4.791721088545448
24.47475959394368,14943844715.942327,14829505452.321173,5.503828472048683,5.461717241200584,4.641678144773499,4.800716463830054
24.640504303728193,15018847015.569159,14824011943.575245,5.531451871515281,5.459693978083092,4.653423478495407,4.80956540932481
24.807371447778742,15115479632.256947,14817861418.535446,5.567041731900234,5.457428735404548,4.665435288392678,4.818266954926441
24.975368627295303,15247355558.461508,14810854881.034882,5.615611727856371,5.454848222737353,4.677850538745371,4.826819339542159
25.144503494953682,15444230337.922495,14802637186.82568,5.688120846976815,5.451821640206357,4.690911570941874,4.835219456191237
25.314783755254094,15789558728.57618,14793284232.078426,5.815305535041653,5.448376940424326,4.705137446197169,4.84346355366524
25.48621716487215,16687461516.823778,14785393585.598225,6.146003760633956,5.4454708098009075,4.7222467854691565,4.851554552975051
25.658811533012205,13771386906.212387,14781960266.571135,5.072011439810432,5.444206315999338,4.7341119851430395,4.859509147646707
25.832574721763077,13775387637.648006,14781102396.339697,5.073484911999346,5.443890361792448,4.73865237904813,4.86734651514576
26.007514646456144,13779464278.981407,14780232862.401724,5.074986341856762,5.443570111834275,4.743151840389952,4.875074535780998
26.183639276025932,13783618799.52166,14779351512.923,5.076516454680589,5.443245510204171,4.747611297712512,4.882694617678793
26.360956633373167,13787853244.859985,14778458193.194132,5.078076003863508,5.442916499922556,4.75203167702372,4.890208149328774
26.539474795730186,13792169741.13115,14777552745.538023,5.07966577246244,5.442583022916848,4.756413902216634,4.897616499832675
26.71920189502884,13796570499.589666,14776635009.212463,5.081286574883972,5.442245019985577,4.760758895506879,4.90492101914939
26.900146118271024,13801057821.529688,14775704820.307621,5.082939258696351,5.441902430760638,4.765067577887675,4.912123038336258
27.082315707901508,13805634103.580454,14774762011.6378,5.084624706579803,5.44155519366742,4.769340869603943,4.919223869786565
27.265718962183488,13810301843.412895,14773806412.627302,5.086343838428283,5.441203245882776,4.773579690647273,4.9262248074633375
27.450364235576547,13815063645.896729,14772837849.189735,5.088097613617129,5.440846523290565,4.777784961273517,4.933127127129411
27.636259939117213,13819922229.752163,14771856143.600391,5.089887033452899,5.440484960434653,4.78195760254508,4.9399320865737995
27.823414540802105,13824880434.745161,14770861114.361013,5.091713143823386,5.440118490469105,4.786098536900141,4.9466409258343855
28.011836565973713,13829941229.48127,14769852576.056517,5.093577038068089,5.439747045105415,4.7902086887512505,4.953254867416931
28.20153459770872,13835107719.859371,14768830339.202805,5.095479860091743,5.439370554556458,4.794288985116021,4.959775116510435
28.392517277208942,13840383158.254406,14767794210.085066,5.097422807746315,5.438988947476933,4.798340356282918,4.966202861198803
28.584793304195,13845770953.50651,14766743990.585665,5.099407136510014,5.438602150899976,4.802363736515464,4.972539272668883
28.77837143730263,13851274681.803991,14765679478.000805,5.101434163495498,5.438210090169636,4.806360064798544,4.978785505414821
28.973260494481643,13856898098.5586,14764600464.84489,5.103505271823544,5.437812688868825,4.810330285630903,4.984942697438738
29.16946935339754,13862645151.384644,14763506738.641436,5.105621915403265,5.437409868742304,4.8142753498683915,4.991011970447719
29.367006951836036,13868519994.30827,14762398081.699482,5.1077856241654,5.4370015496143385,4.818196215623054,4.9969944300470965
29.56588228811006,13874527003.350391,14761274270.873877,5.109998009801515,5.436587649300414,4.8220938492237115,5.002891165929997
29.766104421469773,13880670793.646711,14760135077.308115,5.1122607720693205,5.43616808351252,4.82596922624446,5.008703252063118
29.96768247251518,13886956238.291296,14758980266.157917,5.114575705732774,5.435742765757342,4.829823332608147,5.014431746868692
30.170625623611567,13893388489.117056,14757809596.29359,5.116944708215542,5.435311607226648,4.833657165772925,5.020077693402604
30.374943119307815,13899972999.65781,14756622819.979084,5.11936978805795,5.434874516679075,4.837471736010921,5.025642119528581
30.58064426675754,13906715550.573402,14755419682.525314,5.1218530742810655,5.434431400312457,4.8412680677892395,5.0311260380884075
30.787738436143023,13913622277.862305,14754199921.914932,5.124396826777422,5.433982161625618,4.845047201264914,5.036530447068076
30.99623506110202,13920699704.237057,14752963268.39552,5.127003447866614,5.433526701268557,4.848810193906966,5.04185632975976
31.206143639157503,13927954774.097795,14751709444.03759,5.129675495176075,5.433064916879646,4.852558122260557,5.04710465491955
31.417473732150345,13935394892.610262,14750438162.25357,5.132415696033532,5.432596702908484,4.856292083870376,5.0522763769207755
31.630234966674845,13943027969.479467,14749149127.272987,5.135226963588879,5.432121950422597,4.860013199382824,5.057372435902783
31.84443703451721,13950862468.111084,14747842033.568792,5.13811241492035,5.43164054689616,4.86372261484952,5.062393757915027
32.06008969309707,13958907460.974094,14746516565.228764,5.141075391424625,5.431152375978479,4.867421504258071,5.067341255056237
32.27720276591199,13967172692.124,14745172395.265196,5.144119481844166,5.430657317239756,4.871111072320001,5.072215825608479
32.49578614298488,13975668648.022396,14743809184.854788,5.147248548350122,5.43015524589113,4.874792557550633,5.077018354165833
32.71584978131461,13984406638.002855,14742426582.499693,5.150466756177966,5.429646032475698,4.878467235681259,5.081749711757387
32.93740370532944,13993398885.994316,14741024223.098904,5.153778607409285,5.429129542526503,4.882136423450819,5.086410755964234
33.16045800734373,14002658635.433338,14739601726.917562,5.157188979611035,5.428605636186932,4.885801482832347,5.0910023310300465
33.38502284801773,14012200269.690975,14738158698.439604,5.160703170188848,5.428074167788141,4.88946382575924,5.0955252679647955
33.611108456820325,14022039450.82829,14736694725.0865,5.164326947490778,5.427534985377169,4.8931249194282715,5.099980384641091
33.83872513249505,14032193280.10264,14735209375.781815,5.168066609921883,5.426987930188263,4.896786292270554,5.104368485882498
34.067883243529195,14042680484.408438,14733702199.337482,5.171929054610489,5.426432836048542,4.9004495406992925,5.108690363543162
34.298593228626174,14053521633.795881,14732172722.633121,5.1759218575204855,5.425869528707438,4.90411633676473,5.112946796577883
34.53086559718102,14064739396.42852,14730620448.553913,5.180053367352379,5.425297825077217,4.9077884368733296,5.1171385511016405
34.76471092975904,14076358838.895771,14729044853.645506,5.1843328161486015,5.424717532369273,4.911467691761408,5.121266380437453
35.00013987857783,14088407781.796974,14727445385.435705,5.1887704502553715,5.424128447107711,4.915156057954969,5.125331025151202
35.23716316799259,14100917223.108074,14725821459.361666,5.1933776862489305,5.4235303539976245,4.918855610999692,5.129333213071755
35.4757915949845,14113921845.233664,14724172455.22708,5.198167297683176,5.422923024620281,4.922568560811499,5.133273659294499
35.716036029652685,14127460626.12064,14722497713.096537,5.203153640163238,5.4223062159210045,4.9262972695829665,5.137153066165947
35.95790741570923,14141577580.765745,14720796528.510857,5.208352924443238,5.421679668446988,4.930044272790434,5.140972123246573
36.20141677097781,14156322667.459064,14719068146.878124,5.213783550196391,5.421043104281499,4.933812303989193,5.144731507248485
36.44657518789555,14171752903.994326,14717311756.855972,5.219466517116049,5.420396224606576,4.937604324271515,5.148431881943749
36.69339383401831,14187933754.052214,14715526482.489761,5.2254259355216455,5.419738706807513,4.9414235575109995,5.15207389803816
36.941883952529345,14204940864.818176,14713711373.802542,5.231689666324544,5.419070201007133,4.945273532850585,5.155658193004061
37.19205686275151,14222862266.336714,14711865395.440346,5.238290131051772,5.418390325883846,4.949158136345329,5.159185390864115
37.44392396066289,14241801185.281057,14709987412.84898,5.2452653481593545,5.417698663580547,4.953081674295535,5.162656101915793
37.697496719415916,14261879687.218582,14708076175.281797,5.252660274481223,5.416994753446371,4.957048951677871,5.166070922383441
37.952786689859934,14283243452.427437,14706130294.68816,5.26052856416582,5.416278084261295,4.96106537031901,5.169430433980892
38.2098055010674,14306068127.744505,14704148219.17283,5.26893490806615,5.415548084461218,4.965137053240834,5.172735203362259
38.46856486086367,14330567908.999718,14702128199.190018,5.2779581946563505,5.414804109687199,4.969271004230512,5.175985781431013
38.72907655636028,14357007343.735197,14700068243.846737,5.287695856981412,5.414045426691959,4.973475315629813,5.179182702466898
38.99135245449186,14385717887.79294,14697966063.479992,5.298269970460017,5.413271192191012,4.9777594433985595,5.182326483014766
39.2554045025567,14417121658.798075,14695818992.764572,5.30983600130905,5.412480424543218,4.982134578077533,5.185417620456512
39.52124472876098,14451766402.793652,14693623885.506632,5.322595684779682,5.41167196500318,4.986614155853804,5.188456591152316
39.78888524276675,14490378519.766483,14691376967.052797,5.3368165544956545,5.410844423363417,4.991214580181146,5.1914438479822875
40.05833823624349,14533946317.298672,14689073621.068794,5.352862604831436,5.409996099424785,4.995956270456806,5.194379817029651
40.32961598342345,14583856221.342142,14686708070.520123,5.371244457435847,5.409124865501433,5.0008652389472665,5.197264892993403
40.60273084166079,14642126982.319353,14684272879.590216,5.392705619502941,5.408227982976911,5.005975561964459,5.200099432643523
40.877695251994545,14711837797.84001,14681758133.677525,5.41838016166832,5.407301800296527,5.011333454846311,5.202883745106816
41.154521739715314,14797973942.68669,14679149994.251274,5.450104164124923,5.4063412207197095,5.017004440736029,5.205618076685082
41.43322291493575,14909275675.282227,14676427908.536774,5.4910966701695125,5.405338674645148,5.023087084542955,5.208302585408017
41.71381147316501,15062888688.570889,14673558472.652796,5.547672450518286,5.404281859399998,5.029742613329011,5.21093729385786
41.99630019588717,15298775622.850664,14670478862.086435,5.634549773573462,5.403147636672171,5.037271285783413,5.2135219864764055
42.28070195114333,15743555293.428875,14667315350.02203,5.798362437666875,5.401982512963867,5.046381354416518,5.216056608828998
42.56702969411784,17300389743.91053,14664550670.442364,6.371745655821313,5.400964279538942,5.060320624158849,5.218542613848777
42.85529646772841,13511072556.214302,14662345705.997993,4.976137482442965,5.400152189590241,5.068516347807754,5.2209830214269
43.14551540322022,13520049747.259207,14660334606.720423,4.979443788190324,5.399411500318209,5.0672999919382775,5.223380300501573
43.4376997207642,13529240156.961933,14658305152.437159,4.982828622518648,5.398664050884729,5.066144803158105,5.225735460905185
43.73186273005915,13538651946.952276,14656257125.602278,4.986294991361904,5.397909761167484,5.065051034465803,5.228048976178019
44.028017830938,13548293791.396076,14654190305.158628,4.989846089421444,5.397148549750971,5.064018977040455,5.230321312428266
44.32617851397822,13558174923.984316,14652104466.42354,4.993485317472122,5.396380333884405,5.063048962377089,5.23255292841406
44.626358361116466,13568305190.592196,14649999380.96611,4.997216301756669,5.395605029436525,5.06214136463959,5.234744275623817
44.928571046267145,13578695108.455782,14647874816.474812,5.001042915780492,5.394822550846833,5.0612966032582225,5.236895798354864
45.23283033594528,13589355932.865324,14645730536.614426,5.004969304874869,5.3940328110729014,5.060515145803185,5.239007933790341
45.53915008989367,13600299732.55736,14643566300.870897,5.008999913963919,5.3932357215332365,5.059797511170514,5.241081112074334
45.847544261714255,13611539475.210075,14641381864.382637,5.013139519052596,5.392431192045143,5.059144273122591,5.243115756385197
46.15802689950369,13623089124.717392,14639176977.75631,5.017393263052809,5.39161913075688,5.0585560642325715,5.2451122830070265
46.47061214649329,13634963752.24969,14636951386.86519,5.021766696687161,5.390799444073399,5.058033580290392,5.2470711013992135
46.78531424169324,13647179663.518333,14634704832.62744,5.026265825360564,5.389972036574675,5.057577585238296,5.248992614264029
47.10214752054126,13659754545.168333,14632437050.761515,5.03089716307676,5.389136810925632,5.05718891671603,5.250877217612154
47.42112641555564,13672707633.854979,14630147771.515285,5.03566779470936,5.388293667776371,5.056868492310751,5.252725300826035
47.742265456992676,13686059912.351704,14627836719.364689,5.04058544822851,5.387442505651187,5.056617316625059,5.2545372467210045
48.06557927350847,13699834338.034271,14625503612.67713,5.04565857885178,5.386583220824598,5.056436489298845,5.256313431603994
48.391082592825356,13714056110.35275,14623148163.333752,5.050896467554273,5.385715707182227,5.0563272141484585,5.258054225329697
48.71879024240286,13728752985.521448,14620770076.303665,5.056309336969152,5.384839856063991,5.056290809621122,5.259759991353987
49.04871715011303,13743955648.741251,14618369049.161415,5.061908488477388,5.383955556086383,5.056328720805661,5.261431086784399
49.380878344920426,13759698156.973513,14615944771.537407,5.067706465281694,5.383062692940065,5.056442533295058,5.263067862427352
49.71528895756676,13776018468.824503,14613496924.488459,5.073717247563335,5.382161149158039,5.056633989265408,5.264670662831861
50.0519642212602,13792959082.773176,14611025179.772705,5.079956487541868,5.381250803848596,5.056905006224317,5.266239826329291
50.39091947236918,13810567811.204952,14608529199.009026,5.086441794552319,5.380331532385733,5.057257698995988,5.2677756850687265
50.73217015112107,13828898726.1042,14606008632.696318,5.0931930833443895,5.379403206047948,5.057694405659072,5.269278565047357
51.07573180230545,13848013323.67979,14603463119.061045,5.100233003014864,5.378465691593796,5.058217718349041,5.270748786135207
51.42162007598226,13867981970.932762,14600892282.69301,5.107587469779495,5.377518850759437,5.058830520097066,5.272186662093293
51.76985072819473,13888885719.126839,14598295732.917263,5.115286334875461,5.376562539659015,5.059536029227248,5.273592500584162
52.12043962168709,13910818600.172636,14595673061.834269,5.123364230321278,5.375596608062844,5.060337853309996,5.274966603173432
52.473402726627064,13933890566.516823,14593023841.938423,5.131861651680041,5.374620898520311,5.0612400553260075,5.276309265320569
52.828756121333434,13958231300.185558,14590347623.194658,5.140826360932783,5.373635245283186,5.0622472356138095,5.277620776356711
53.18651599300846,13983995213.28341,14587643929.40944,5.150315228165729,5.372639472969056,5.063364634479662,5.278901419446581
53.54669863847526,14011368108.685007,14584912253.670311,5.160396684707699,5.37163339488171,5.064598262237582,5.2801514715307025
53.90932046492005,14040576196.391384,14582152052.536325,5.171154043860458,5.370616810871465,5.065955066232817,5.281371203242764
54.2743979906396,14071898520.670597,14579362738.524414,5.182690077823309,5.369589504567896,5.067443148599343,5.282560878795177
54.641947845793766,14105684439.210285,14576543670.225037,5.195133455277216,5.36855123973942,5.069072054979897,5.283720755823215
55.01198677316295,14142378780.231565,14573694139.045597,5.208648006767472,5.367501755410889,5.0708531647098525,5.28485108517405
55.3845316289107,14182559016.26275,14570813351.03402,5.223446415830579,5.366440759169196,5.072800229767682,5.285952110620981
55.759599383351755,14226991893.094671,14567900401.31131,5.23981107547815,5.365367917746775,5.074930138264821,5.287024068473432
56.13720712172482,14276722827.48444,14564954237.011059,5.258127013433795,5.364282843372189,5.077264028518679,5.28806718703744
56.5173720449711,14333223142.598005,14561973601.60319,5.278936119049703,5.363185073264532,5.079828972928896,5.289081685854255
56.9001114705177,14398645306.399277,14558956947.532505,5.303031147784065,5.362074037458141,5.082660633903605,5.290067774595721
57.28544283306645,14476294319.2105,14555902291.515121,5.331629333569612,5.360949005508174,5.085807680050907,5.291025651401007
57.673383685388146,14571571265.46609,14552806957.608109,5.366719899585193,5.359808991862974,5.089339640646096,5.2919555002430485
58.06395169912219,14694073626.779078,14549667076.587498,5.411837605028715,5.3586525714846465,5.093362179874266,5.2928574864578355
58.4571646655815,14863015373.853966,14546476473.49009,5.474058968763609,5.35747747012992,5.098050762180204,5.2937317483457855
58.85304049656289,15124718978.533764,14543223672.931726,5.57044458960306,5.356279461406776,5.103740537907675,5.2945783787292875
59.25159722516308,15636420631.162409,14539937840.672955,5.758904666542122,5.355069287085243,5.111265684012979,5.295397513203205
59.652853006600175,17912956915.805813,14536706459.518513,6.597354574128853,5.35387916714356,5.125588932441428,5.2961895740411755
60.05682611904062,13269394199.868555,14533535999.510603,4.887127174585937,5.3527114845028,5.133818177409336,5.296955209154162
60.463534964431766,13284521070.045448,14530358801.893984,4.892698411463402,5.351541320396034,5.130548072974542,5.297694906070569
60.87299806934027,13300085430.855112,14527151262.717188,4.898430776447232,5.350359981471412,5.127397595156275,5.298408920817192
61.28523408579585,13316110150.582016,14523913029.354467,4.90433269194261,5.349167337856621,5.124367357050935,5.299097447031869
61.700261792141085,13332620139.899483,14520643744.60791,4.910413332567961,5.347963257995423,5.121458081520214,5.29976067400356
62.11810009388675,13349642618.7237,14517343046.630236,4.916682723437475,5.346747608619211,5.118670610465999,5.300398786707879
62.53876802457295,13367207429.052176,14514010568.844053,4.9231518553797295,5.345520254717273,5.116005915412585,5.301011965841778
62.9622847466362,13385347403.661613,14510645939.857103,4.929832820729374,5.344281059505581,5.113465109630223,5.301600387857335
63.388669552282366,13404098803.096004,14507248783.372906,4.936738974270146,5.3430298843938795,5.111049462085955,5.302164224994683
63.81794186436544,13423501836.711607,14503818718.095947,4.94388512513611,5.341766588950762,5.1087604135735445,5.302703645314021
64.2501212372722,13443601287.938457,14500355357.630505,4.951287767095906,5.340491030866413,5.106599595458278,5.303218812726723
64.68522735781303,13464447269.757214,14496858310.371922,4.958965356795394,5.339203065912565,5.104568851580643,5.3037098870255095
65.12328004611884,13486096144.230576,14493327179.389032,4.9669386524217325,5.33790254789919,5.10267026400337,5.304177023913666
65.5642992565437,13508611650.569984,14489761562.295551,4.975231129171121,5.336589328627138,5.100906183470612,5.3046203750332355
66.00830507857391,13532066300.830376,14486161051.108301,4.983869493284164,5.335263257835919,5.099279265692261,5.305040087992193
66.45531773774309,13556543122.641926,14482525232.089106,4.992884323895189,5.333924183145474,5.09779251489358,5.305436306390499
66.90535759655357,13582137857.020256,14478853685.566397,5.002310882487282,5.332571949990469,5.096449336514117,5.305809169844981
67.35844515540393,13608961760.245575,14475145985.73121,5.012190144826343,5.331206401545166,5.095253601549547,5.306158814012929
67.81460105352278,13637145218.310356,14471401700.400496,5.0225701321646925,5.329827378636244,5.094209725879819,5.306485370614293
68.27384606990897,13666842470.441729,14467620390.738253,5.033507650917674,5.3284347196400965,5.093322769129782,5.306788967452311
68.73620112427808,13698237870.88332,14463801610.921268,5.045070598882293,5.3270282603597225,5.092598559340364,5.307069728432336
69.20168727801548,13731554322.437632,14459944907.731266,5.057341071316782,5.325607833874513,5.0920438522697395,5.307327773578583
69.67032573513568,13767064837.40947,14456049820.047173,5.070419618844154,5.324173270353255,5.091666537952039,5.3075632190484034
70.14213784324807,13805108703.051636,14452115878.199558,5.084431201197172,5.322724396816367,5.09147591298269,5.30777617714349
70.61714509452952,13846114598.111023,14448142603.130783,5.099533701058465,5.321261036826587,5.091483046200071,5.307966756317292
71.09536912670343,13890634506.445427,14444129505.274609,5.115930414469338,5.319783010076325,5.091701280364343,5.308135061177472
71.57683172402528,13939394960.613132,14440076083.019106,5.1338889238797,5.318290131821556,5.0921469375115125,5.308281192481767
72.06155481827497,13993377182.55872,14435981820.53129,5.153770614018758,5.316782212080631,5.092840339485087,5.3084052471247425
72.54956048975582,14053947625.56075,14431846184.566666,5.176078750585751,5.315259054459229,5.093807335390149,5.3085073181114515
73.04087096830055,14123081292.12246,14427668619.592167,5.201540728385449,5.313720454354134,5.095081683037569,5.308587494511519
73.53550863428374,14203767462.555786,14423448539.95409,5.23125750144973,5.3121661960686755,5.096708953124095,5.30864586138246
74.03349601964143,14300804976.479845,14419185316.52881,5.2669964857702976,5.3105960478961824,5.098753349663286,5.308682499641648
74.53485580889733,14422523622.235981,14414878252.266354,5.3118255482255,5.309009753112661,5.101310660467113,5.308697485846574
75.03961084019627,14585053012.749363,14410526533.786236,5.371685236549079,5.307407012149509,5.10453584546827,5.308690891797977
75.54778410634464,14825264706.448463,14406129145.642086,5.460155371526441,5.305787451017119,5.108712822186415,5.308662783816757
76.05939875585759,15255806987.885738,14401686256.9758,5.618724395230716,5.304151132010568,5.114491504473438,5.308613225254905
76.57447809401353,16583742863.479593,14397201608.01684,6.107804107987052,5.302499432658985,5.124541951453079,5.308542288297182
77.09304558391575,13025970713.711481,14392677928.73452,4.797474134197517,5.300833358411982,5.128911363521934,5.308450060127323
77.61512484756136,13047978694.60484,14388111475.133934,4.8055796889697735,5.299151530353612,5.12452204719598,5.308336624202504
78.14073966691718,13070737577.675095,14383498500.164938,4.813961801539538,5.297452568442684,5.120302119660695,5.308202044365147
78.66991398500303,13094297447.799978,14378838455.570023,4.822638918202345,5.295736270755573,5.116253141894147,5.3080463730230285
79.20267190698247,13118714218.516197,14374130787.036453,4.831631631952913,5.2940024331385125,5.112376915708874,5.307869659158897
79.73903770126094,13144050627.999487,14369374934.261091,4.840963049305293,5.292250849231461,5.108675511772739,5.3076719483466634
80.27903580059105,13170377460.846844,14364570331.043274,4.850659240276118,5.290481310502321,5.105151302731704,5.307453282767752
80.82269080318572,13197775060.001333,14359716405.41294,4.8607497952275756,5.288693606294117,5.101807002640593,5.307213701227781
81.37002747383855,13226335215.482344,14354812579.802452,4.871268520488073,5.286887523888284,5.098645714264686,5.3069532391737635
81.92107074505194,13256163548.148037,14349858271.27402,4.882254316293622,5.285062848588425,5.095670986300218,5.306671928712055
82.47584571817299,13287382552.025364,14344852891.817923,4.893752297280116,5.28321936383015,5.092886883230448,5.3063697986273715
83.03437766453676,13320135524.859575,14339795848.741913,4.905815240107463,5.281356851324488,5.090298071468898,5.306046874403238
83.59669202661743,13354591714.765764,14334686545.179752,4.9185054789749545,5.279475091245185,5.087909926769753,5.305703178244392
84.16281441918731,13390953159.72497,14329524380.757378,4.931897424612465,5.277573862474054,5.0857286698066355,5.30533872910178
84.73277063048374,13429463927.237007,14324308752.470795,4.946080967251066,5.275652942924301,5.083761539653732,5.304953542701043
85.30658662338372,13470422827.362642,14319039055.85332,4.961166158845354,5.2737121099704245,5.082017019172139,5.304547631575653
85.8842885365865,13514201269.125462,14313714686.545969,4.977289789598762,5.271751141026587,5.080505132894537,5.3041210051063965
86.46590268580447,13561268933.69586,14308335042.442806,4.994624843415203,5.26976981433675,5.0792378484576615,5.303673669569476
87.05145556496164,13612231684.980158,14302899526.676323,5.013394460395579,5.267767910074193,5.07822962974582,5.3032056281966735
87.64097384740084,13667889304.557861,14297407551.869469,5.033893200655602,5.265745211907536,5.07749821893651,5.302716881252554
88.23448438709836,13729326648.529684,14291858546.363487,5.056520617456744,5.26370150929446,5.077065775960007,5.302207426136555
88.8320142198876,13798063873.802715,14286251963.663513,5.081836585652248,5.261636600960522,5.076960599160001,5.301677257522417
89.43359056469023,13876317167.421137,14280587297.398178,5.110657328482182,5.259550300408795,5.077219838473825,5.3011263675560505
90.0392408247565,13967481163.708893,14274864106.360655,5.144233092144864,5.257442445142493,5.0778940089463465,5.300554746149595
90.64899258891312,14077097193.744984,14269082059.591236,5.184604752756537,5.255312913268925,5.079055029541046,5.299962381444859
91.26287363282027,14215017076.654436,14263241026.184559,5.235400742198856,5.253161656575555,5.080811897288592,5.299349260603931
91.88091192023681,14401020038.410227,14257341284.378561,5.303905763246404,5.25098877753761,5.083345390997727,5.298715371328211
92.50313560429389,14683114986.58092,14251384220.778131,5.40780153017087,5.24879478684264,5.087001472997093,5.298060705603814
93.12957302877773,15226932781.470186,14245363371.931421,5.60809000479114,5.246577303996805,5.092649933889779,5.29738524292391
93.76025272942037,17779012199.709213,14239262055.304863,6.548022641406982,5.244330184811311,5.105883313044293,5.296688905822927
94.39520343519996,12791472030.447893,14233080322.337475,4.711108104963609,5.242053448231185,5.112863171966404,5.295971576950402
95.034454069649,12821548877.383902,14226829549.789387,4.722185428748917,5.2397512843251475,5.107551038977343,5.295233168840405
95.67803375217227,12852834139.502792,14220511547.646784,4.73370781269217,5.237424359712379,5.102461645972249,5.294473627678734
96.32597179937292,12885429175.167929,14214125503.169674,4.745712587149566,5.235072375060169,5.09759822487496,5.293692902813112
96.97829772638832,12919450398.728935,14207670595.565071,4.7582426276075775,5.23269502806989,5.092964502093098,5.29289094023706
97.63504124823409,12955032581.682068,14201145996.381657,4.771347570502639,5.230292013622337,5.088564774414264,5.292067682596072
98.29623228115815,12992333122.17237,14194550870.032204,4.785085385681776,5.227863023970153,5.084404002585042,5.291223069195997
98.96190094400303,13031537643.79016,14187884374.48201,4.799524438443267,5.2254077489913655,5.080487928011685,5.290357036014269
99.63207755957825,13072867450.617418,14181145662.158886,4.814746235235459,5.222925876524544,5.076823220142145,5.289469515714961
100.30679265604141,13116589623.991371,14174333881.161314,4.830849142301851,5.220417092813763,5.073417665230287,5.288560437668849
100.9860769682887,13163030959.232944,14167448176.87564,4.847953518587952,5.217881083104215,5.070280411941059,5.287629727980203
101.6699614393553,13212597618.456429,14160487694.16682,4.866208953884834,5.215317532449066,5.067422296644427,5.286677309522614
102.35847722182432,13265803524.601986,14153451580.389118,4.885804726371192,5.212726126818293,5.06485628305063,5.285703101987194
103.05165567924685,13323312541.040117,14146338989.605103,4.906985337391195,5.2101065546525485,5.0625980703154765,5.284707021947995
103.74952838756941,13386003179.825567,14139149088.634232,4.93007434354971,5.207458509090855,5.060666957091229,5.283688982951907
104.45212713657332,13455071692.111809,14131881065.982601,4.9555123249841335,5.204781691259439,5.059087108615249,5.282648895644364
105.15948393132247,13532203865.043016,14124534145.505356,4.9839201582799975,5.2020758153036075,5.057889486092206,5.281586667949188
105.8716309936208,13619877385.714859,14117107608.275997,5.016210377329427,5.199340616442229,5.057114922021301,5.280502205333812
106.58860076348083,13721931379.0902,14109600829.685196,5.053796934544269,5.196575864631248,5.056819309283831,5.279395411216672
107.310425900601,13844736681.446247,14102013347.43126,5.0990262133860575,5.193781389604628,5.057083021339598,5.278266187628863
108.037139285853,13999896651.689346,14094345000.544512,5.156171739064277,5.190957132077126,5.058029776765782,5.277114436378653
108.76877402278072,14211596097.116455,14086596268.676664,5.234140793039766,5.188103268704801,5.059870102875158,5.275940061383022
109.5053634391067,14542466923.388378,14078768490.152115,5.356000750020111,5.185220292393469,5.0630263792458745,5.2747429723430335
110.2469410882515,15242177625.218924,14070849918.395235,5.613704691417716,5.182303876871098,5.068687965343241,5.273523054362964
110.9935407508617,12516590171.582256,14062817677.500605,4.609868923880552,5.179345596925706,5.0692431154942765,5.2722801085102935
111.7451964363482,12554015004.797874,14054678081.226875,4.623652516157448,5.176347777919025,5.063176641538526,5.27101389787022
112.50194238443672,12593110909.473488,14046447128.242025,4.638051565223087,5.173316312171674,5.057380452842906,5.269724243875591
113.26381306672587,12634039141.390457,14038123678.186443,4.65312546169465,5.170250779688409,5.051859576884234,5.268411006896514
114.03084318825874,12676988785.640568,14029706579.335531,4.668943845743833,5.167150756288255,5.046619838972286,5.267074043515865
114.80306768910326,12722183900.256195,14021194669.379713,4.685589238100836,5.16401581389178,5.041668006673927,5.265713206525875
115.58052174594349,12769893136.011211,14012586776.483994,4.703160583033777,5.160845520911335,5.0370119737111665,5.264328344929314
116.3632407736827,12820442934.730953,14003881720.731232,4.721778109295492,5.157639442782612,5.032660997762375,5.26291930394683
117.15126042705627,12874236021.267527,13995078316.099796,4.7415901407309855,5.154397142693012,5.028626013364054,5.26148592503265
117.94461660225534,12931777935.671236,13986175373.20337,4.762782868094745,5.151118182590723,5.024920051851069,5.260028045901732
118.74334543856331,12993716150.043722,13977171703.14841,4.7855947558151435,5.1478021246054215,5.021558817861828,5.258545500572827
119.54748332000038,13060899577.962376,13968066123.073032,4.810338459357113,5.144448533088244,5.018561501796762,5.2570381194342035
120.35706687698224,13134472491.706148,13958857464.315859,4.837435415002173,5.141056977620391,5.015951960487947,5.255505729342334
121.17213298798823,13216029338.35605,13949544584.866821,4.867472858726638,5.137627037598752,5.013760496680512,5.253948153770238
121.99271878124071,13307883728.372078,13940126389.162598,4.901302894882831,5.134158309526589,5.012026662000485,5.252365213033468
122.81886163639771,13413567181.422255,13930601861.32256,4.940226184637138,5.130650419254355,5.010803919828462,5.250756724644164
123.65059918625397,13538833562.627909,13920970125.124256,4.9863618805424,5.1271030440687095,5.010167961296532,5.249122503890691
124.48796931845648,13693915504.659384,13911230563.70412,5.043478668375645,5.123515956778367,5.01023297143331,5.2474623648536465
125.33101017722994,13899429371.402863,13901383098.652729,5.1191695693910235,5.119889128505082,5.011187858468599,5.2457761223942185
126.17976016511393,14205877243.162819,13891429137.494743,5.232034535124496,5.116223077641174,5.013394841649415,5.244063597149927
127.03425794471296,14791563445.295155,13881359184.039034,5.44774317344721,5.112514306732801,5.017777282506618,5.242324592100994
127.89454244045727,17834910479.59912,13871150378.284494,6.568610017028493,5.108754396425549,5.031081698970724,5.240558832868894
128.76065284037546,12290167099.695448,13860803633.578445,4.5264771479709776,5.1049436831058745,5.037960108677326,5.238765994764657
129.63262859788094,12338181439.535782,13850333803.78448,4.5441608629521655,5.1010876374621414,5.031221205883758,5.23694579649882
130.51050943356745,12388735805.170238,13839741946.58947,4.562780071211767,5.097186649041165,5.024816048859375,5.235097999724822
131.39433533701973,12442136823.952667,13829026491.267576,4.582447703818897,5.093240139343518,5.0187534653366885,5.23322236800318
132.28414656863458,12498758147.79351,13818185852.63988,4.6033013770337865,5.0892475245466935,5.013043844888459,5.2313186602723425
133.17998366145451,12559062445.970858,13807218433.081066,4.6255114922755025,5.085208216244172,5.007699503445122,5.229386630844258
134.0818874230154,12623633276.079418,13796122625.376354,4.649292974214765,5.081121622497623,5.002735175999328,5.227426029412022
134.98989893720346,12693222634.810833,13784896816.838707,4.674922783759625,5.076987149353282,4.998168698931161,5.225436601074654
135.90405956612838,12768824342.517023,13773539395.366398,4.702766945641535,5.072804203072954,4.994021981995243,5.2234180863866815
136.8244109520068,12851791892.092117,13762048758.596397,4.733323952241073,5.068572193505213,4.990322439810713,5.221370221444627
137.75099501905876,12944036917.75082,13750423328.24229,4.767297859777974,5.064290539366068,4.987105185833263,5.219292738030401
138.68385397541843,13048383377.170277,13738661573.642849,4.805728733841969,5.059958676911917,4.984416562729935,5.217185363846384
139.62303031505624,13169247094.865776,13726762052.961498,4.850242925693848,5.05557607511334,4.982320180448174,5.215047822907357
140.56856681971405,13314067400.784727,13714723491.867456,4.903580345762005,5.051142264633417,4.980908092203791,5.2128798362235065
141.5205065608556,13496729614.175661,13702544954.710384,4.970854966847698,5.046656900871473,4.980323822272584,5.210681123091922
142.47889290162638,13747386149.282423,13690226312.901978,5.06317194422862,5.042119936468347,4.980817837401601,5.208451403952364
143.44376949883068,14150328766.61197,13677764695.392704,5.211575992317683,5.037530314014485,4.982920265380422,5.206190395563782
144.41518030491946,15114510562.286137,13665145122.3748,5.566684822751475,5.0328825164361986,4.988374676456303,5.20389777430724
145.39316956999212,11991420460.0877,13652352741.121262,4.416448551431301,5.028171073463734,4.9883914524485995,5.20157314724592
146.37778184381378,12047569527.921885,13639395030.789711,4.437128292428282,5.02339873967608,4.980862068706008,5.199216108691786
147.36906197784236,12106951726.667711,13626281403.657276,4.458998797803747,5.018568981621493,4.973718916481173,5.196826300118051
148.36705512727357,12170000593.873476,13613009777.176985,4.482219739740283,5.013681032296464,4.966973856813379,5.194403385806655
149.37180675309708,12237255856.828402,13599578047.565868,4.506989900176409,5.008734116876254,4.960640995633994,5.191947024204347
150.383362624167,12309402865.624798,13585984092.633991,4.533561694030981,5.003727453756823,4.954737275733241,5.189456867903067
151.4017688192876,12387332305.17391,13572225775.994629,4.562263161180438,4.9986602561054445,4.949283305752925,5.186932563637977
152.42707172931196,12472234010.502645,13558300953.432976,4.59353251869827,4.9935317342063055,4.944304557414655,5.184373752311661
153.4593180592544,12565750946.636387,13544207482.793404,4.6279748717536755,4.988341099101986,4.939833159015364,5.181780069058167
154.49855483041992,12670245617.60671,13529943239.909595,4.666460332235628,4.9830875684605465,4.935910703773111,5.179151143369983
155.54482938254378,12789291956.62912,13515506145.596775,4.7103051822497415,4.977770376516777,4.932592894674968,5.176486599329381
156.59818937594977,12928661634.951788,13500894214.70509,4.761635132357846,4.972388792138597,4.929957780911573,5.173786056024602
157.65868279372054,13098528974.771368,13486105654.64494,4.824197392548677,4.966942155114001,4.928121773312364,5.171049128325255
158.72635794388273,13319206139.237717,13471139097.288593,4.90547294673221,4.961429961560589,4.9272750789585915,5.168275428464268
159.8012634616094,13639916468.2275,13455994406.973392,5.023590785449511,4.955852161513708,4.927777282056451,5.165464570171003
160.88344831143303,14231445298.80854,13440662558.828518,5.241451267920691,4.9502054311071175,4.930527370417931,5.16261614966199
161.97296178947784,16992546648.108843,13425123379.252335,6.258366828096382,4.944482340389209,4.941536467846572,5.15972969638229
163.06985352570473,11737827757.236069,13409375921.91967,4.32305018141414,4.9386825408277595,4.946174308090381,5.156804694100142
164.17417348617155,11805988851.115759,13393430964.288002,4.348153960014088,4.932810001767904,4.937988455932253,5.153840657876536
165.2859719753101,11878711367.125631,13377288119.665134,4.374937713578333,4.926864580790636,4.930260244296348,5.150837134836695
166.40529963821717,11956735484.922989,13360944647.855799,4.40367405079291,4.92084526868012,4.923007895683929,5.147793670437839
167.53220746296083,12041023647.199986,13344397781.300018,4.434717439975206,4.914751046142078,4.916253593981038,5.144709802632469
168.66674678290497,12132863173.950516,13327644730.805634,4.46854200198031,4.908580885915085,4.9100247831158,5.141585061848041
169.8089692790453,12234035791.829422,13310682694.64901,4.505803947982705,4.902333756122365,4.904356120796836,5.138418971003603
170.95892698236528,12347113480.363194,13293508873.496574,4.54745053984281,4.896008625767403,4.899292556143443,5.135211045585535
172.1166722762058,12476010975.834177,13276120496.055626,4.594923577674375,4.889604474181157,4.894894462807107,5.131960793822565
173.2822578986504,12627110805.7425,13258514866.2994,4.650573750824525,4.883120308415081,4.8912468499622115,5.128667717038534
174.45573694492984,12811832987.687897,13240689459.71761,4.718607059771146,4.87655519869027,4.88847758430854,5.125331310355102
175.63716286983794,13053535103.131664,13222642155.86113,4.80762611812061,4.869908364043826,4.886798785160748,5.12195106419796
176.8265894901688,13411311865.78605,13204372351.818428,4.939395550309229,4.863179582423009,4.886623604217297,5.118526469113604
178.02407098716736,14111029157.623638,13185869168.477924,5.197101918811042,4.856364847043408,4.889064624647983,5.115056994043881
179.2296619089971,21645146248.766922,13167110861.729641,7.9719225186092935,4.849456149534093,4.9118595928852775,5.111542034412125
180.44341717322578,11452715031.84454,13148099974.98034,4.218042965026296,4.842454426633554,4.927637727347641,5.1079809465426145
181.66539206932669,11532688948.854538,13128847172.663868,4.24749741465607,4.8353636060602465,4.918321760520419,5.104373128068345
182.89564226119637,11618726506.661865,13109348262.092834,4.279185107437053,4.828182143644467,4.909540640967376,5.100718000553981
184.13422378969227,11711976275.881914,13089599696.868528,4.313529062731085,4.820908733245087,4.901319985857795,5.0970149742169335
185.38119307518298,11813994745.073288,13069597894.563768,4.351102536364098,4.813542055451669,4.893691751211099,5.093263449580576
186.63660692012036,11926972679.263788,13049339247.211788,4.3927123886297315,4.806080781447525,4.886696722020904,5.089462817452297
187.90052251162626,12054142903.459515,13028820139.439169,4.439549271241243,4.798523579688094,4.880388536230783,5.085612458972568
189.1729974240968,12200573646.893267,13008036981.63227,4.493479816573674,4.79086912811616,4.87484062361197,5.081711745790158
190.45408962182708,12374874261.366177,12986986276.201641,4.557674854923354,4.7831161385670775,4.870159229513369,5.0777600404807455
191.74385746164896,12593398477.053036,12965664770.354961,4.63815747656398,4.77526341303516,4.8665108743420635,5.073756697501493
193.04235969559147,12892899773.658665,12944069927.04065,4.748464013804361,4.76731001712253,4.864191140054769,5.069701065675408
194.34965547355628,13383808887.605703,12922194881.463676,4.929266184188766,4.759253422520375,4.863855664278606,5.065592479306678
195.66580434601153,14738253481.341091,12900023988.517227,5.4281090763971225,4.751087867124899,4.868088148290926,5.06143022597381
196.99086626670575,11097251369.487381,12877548546.007313,4.087125449296699,4.742810145911965,4.866576641557216,5.0572135427505
198.32490159539827,11185539597.037064,12854772712.265831,4.119642065319634,4.73442179039812,4.85634465258103,5.052941665827726
199.66797110060799,11280913000.342821,12831697324.985523,4.1547681565343275,4.725923109106188,4.846703380298116,5.048613853945225
201.02013596238356,11384802501.122683,12808317867.006817,4.193030732411413,4.717312438363137,4.837683436721254,5.04422936665198
202.3814577750877,11499185804.346714,12784629765.88173,4.235158183076087,4.708588094133172,4.829323444042533,5.039787450981651
203.75199855020514,11626917864.927843,12760628406.404007,4.282201990421721,4.6997483766325985,4.821673445994296,5.035287341378387
205.1318207191664,11772354153.768047,12736309153.635517,4.335766277431065,4.690791578810458,4.814800630722767,5.030728259711532
206.52098713619108,11942638071.545528,12711667398.158762,4.398481963575466,4.681716003015057,4.808799700024475,5.026109415458894
207.91956108115323,12150704256.615477,12686698656.04566,4.475112885217529,4.672519997812546,4.8038137078486525,5.021430006246568
209.3276062624609,12423610317.773262,12661398844.788654,4.575624378621398,4.663202059612531,4.800082650557124,5.016689219311109
210.7451868199607,12832931306.928614,12635762920.61713,4.7263775855198205,4.653760330790765,4.798087206382405,5.0118862302451985
212.17236732785844,13684827684.882631,12609778042.831152,5.040131617988887,4.644190082108469,4.799236210397585,5.007020181472419
213.60921279766026,10725346623.515223,12583428851.026657,3.950152670960216,4.634485656318074,4.79513432454963,5.002090157263674
215.0557886811351,10822110409.56493,12556715182.754337,3.9857908411130047,4.624646993589385,4.7840447145454625,4.997095215967726
216.51216087329578,10927103886.931593,12529639707.509964,4.024460012339976,4.614675077099564,4.773602008551669,4.992034434772408
217.97839571539956,11042100218.75218,12502196697.104017,4.066813241865982,4.6045677971524,4.763842564823301,4.986906895616384
219.45455999797278,11169602060.552465,12474380340.785583,4.11377225947344,4.594323013644263,4.754812817411238,4.981711664256607
220.94072096385003,11313322376.090078,12446184759.993324,4.166704552313975,4.583938561496896,4.746573934535031,4.976447790114113
222.4369463112399,11479137476.254904,12417604037.359179,4.227774369802722,4.5734122613395,4.739209958687963,4.971114306230061
223.94330419680767,11677191176.790646,12388632278.20275,4.300717686380438,4.562741942157155,4.732843395557567,4.9657102294460564
225.4598632387795,11927287917.20241,12359263762.317879,4.392828490983244,4.55192549719393,4.727669132472535,4.960234561109423
226.98669252006943,12276191179.942383,12329493512.306957,4.521329806940464,4.540961093270801,4.72404402776953,4.954686289550495
228.52386159142537,12879882541.551159,12299310792.305178,4.7436697581049465,4.529844776361241,4.72282165238835,4.949064377819077
230.0714404745976,15194019008.437023,12268697467.7666,5.595967839137932,4.518569867499283,4.7288341746770195,4.943367731524101
231.62949966552858,10425098280.250175,12237647521.348,3.839570995912115,4.507134150493207,4.72864608585031,4.937595211416644
233.1981101375633,10538506952.015888,12206162454.502533,3.881339489128286,4.495538178329258,4.717006516325727,4.931745682435288
234.7773433446837,10663253990.28479,12174236549.026423,3.927283910666317,4.483779844988984,4.706111119960705,4.925818014265757
236.36727122476287,10802326861.020674,12141862446.464792,3.9785045463323936,4.4718564403483,4.6960133100723045,4.9198110594482145
237.96796620284107,10960250131.193933,12109032682.627008,4.036667797309658,4.45976521534057,4.68678434420008,4.9137236493090235
239.57950119442742,11144392130.52075,12075739723.016087,4.104487424591632,4.44750339500528,4.678523912304411,4.907554593810795
241.20194960881804,11368009357.363022,12041976046.131535,4.1868458058067475,4.435068209168532,4.671381340474174,4.901302681698037
242.83538535244276,11658693243.89935,12007734387.331064,4.293904884744956,4.422456982257485,4.665604927604748,4.894966681449952
244.4798828322306,12089255084.199284,11973006286.82636,4.452481111992044,4.4096665985261785,4.661687919372912,4.888545339223373
246.13551695899866,12972371805.499695,11937776872.942873,4.777733618775001,4.396691580726464,4.661070735598811,4.882037360326473
247.80236315086572,9976218307.009468,11902030083.682138,3.674248187477213,4.38352601321306,4.6552123154561915,4.875441391039722
249.480497336687,10095029405.309387,11865761570.729689,3.718006398168526,4.370168294498705,4.642354101510493,4.868756045497537
251.16999595951285,10225897932.062294,11828968514.585796,3.766205368201272,4.356617386159675,4.630284859134231,4.8619799387307685
252.8709359800715,10372020122.643599,11791641627.66696,3.8200222733021088,4.342869867572462,4.61906146899512,4.855111674392783
254.58339488027343,10538254937.251934,11753771454.801695,3.88124667191427,4.32892225639079,4.608759951635183,4.8481498285806985
256.30745066674274,10732564843.869602,11715348406.926641,3.952811146570684,4.3147710209559085,4.599486990908955,4.84109294946077
258.0431818743695,10969426690.605051,11676362846.375395,4.040047530565885,4.300412611708533,4.591403298302373,4.8339395571929975
259.79066756988635,11279533416.87403,11636805358.009748,4.1542600549768345,4.285843561046669,4.584779092000947,4.826688144738332
261.54998735547287,11746857266.376429,11596664454.970457,4.326375755952687,4.271059638352017,4.580164524924029,4.819337173638464
263.3212213723782,12768964272.46147,11555922687.699236,4.702818481938049,4.256054416940039,4.579293927634358,4.811885054567334
265.10445030457436,9578259844.59454,11514564091.547283,3.527679807132939,4.240822017019405,4.573045530707127,4.804330137019304
266.89975538243056,9709651722.688635,11472582104.154646,3.5760715278310777,4.22536002166835,4.559355001513414,4.796670737076434
268.70721838641293,9855785385.950373,11429969662.74695,3.6298926583281506,4.209665829662127,4.546533378659869,4.788905159753117
270.52692165081095,10021061480.530586,11386714831.060993,3.6907639596826916,4.19373504486664,4.534652710460137,4.781031685839599
272.3589480674873,10212505641.68457,11342805423.498268,3.7612729782783343,4.177563179317429,4.523812313127842,4.773048559616807
274.2033810896539,10442448778.84161,11298229049.23707,3.845961196691564,4.161145669466182,4.514158007707001,4.764953988223903
276.0603047356735,10735722865.319975,11252973243.307713,3.9539742480819946,4.144477924455838,4.505925521203434,4.756746141467574
277.9298035928863,11154626985.049747,11207026590.091402,4.108256928680755,4.127555739906001,4.4995628629821125,4.748423154739774
279.8119628214642,11939116873.164648,11160370595.399868,4.397185103746366,4.1103723043941836,4.496259797480467,4.739983114524984
281.7068681582896,24741808083.60465,11112979304.865719,9.112425240556352,4.092918058908702,4.526648556691735,4.731424023155916
283.61460592085956,9242639216.3162,11064843640.433775,3.404070494747983,4.075189659995477,4.549736324440081,4.722743823393459
285.5352630112213,9397672648.148748,11015957615.676807,3.461169416240998,4.057184902849169,4.534759562298486,4.713940448412336
287.4689269199261,9574060360.59874,10966303921.371483,3.5261331342369515,4.038897412470705,4.520802077952384,4.705011801486411
289.41568573001854,9780064349.59505,10915866878.993423,3.602004547621215,4.02032141444858,4.507976122734814,4.695955732567239
291.37562812104744,10030619191.546206,10864630508.91557,3.6942840713417255,4.001451023474959,4.49644977198279,4.686770042265765
293.3488433731045,10357252536.086515,10812578777.229156,3.8145833608333777,3.9822803342500173,4.486503703233679,4.677452481638456
295.33542137089313,10846160468.435448,10759693211.148645,3.994648494634042,3.962802543233907,4.478705951807171,4.668000746676118
297.3354526078216,11909822625.971464,10705950065.038975,4.3863960119942895,3.943008904892609,4.474850909809531,4.658412459977985
299.34902819012564,8671287478.102245,10651327777.64785,3.193641249522908,3.9228914782018074,4.465641843512832,4.6486851641722735
301.3762398410188,8825367149.343424,10595811638.100159,3.250388900322331,3.9024448451358973,4.448968849435386,4.6388163453345745
303.4171799048695,8999941987.25348,10539385299.112686,3.3146849353559142,3.8816629849790254,4.433331037750226,4.628803446548917
305.4719413514092,9202442028.797745,10482028590.18184,3.389265842440245,3.860538468920596,4.418834143079467,4.618643854985877
307.54061777996685,9445879302.05838,10423720804.242922,3.47892396062856,3.839063670534182,4.405633001326426,4.608334891915135
309.6233034237307,9756475653.06998,10364440860.158823,3.593316814175036,3.8172308256222265,4.393977352769312,4.597873811342019
311.720093154045,10200505781.266945,10304166079.328396,3.7568534212846325,3.7950315816400475,4.384342301350765,4.587257796031352
313.8310824847267,11040374378.8205,10242868718.749247,4.06617761381077,3.772455720820439,4.378009740265131,4.576483941985289
315.95636757642,8130264346.045318,10180520056.327353,2.9943820511805153,3.749492664796062,4.366619314366833,4.565549244718962
318.0960452409755,8290484276.441801,10117098442.190746,3.053391163726036,3.7261344399039125,4.348617580532732,4.554450615719114
320.2502129458591,8472945536.345584,10052582186.378298,3.12059177350171,3.70237305771612,4.331703491642591,4.543184900874148
322.41896881859384,8686013332.358175,9986944655.413033,3.1990647919559048,3.678198709104467,4.3159930184020805,4.531748869008031
324.60241165122864,8944632731.928326,9920158364.604635,3.2943144978940175,3.6536012714382657,4.3016581856147384,4.5201391986402015
326.80064090483876,9279916911.634035,9852195177.42746,3.4177998960341043,3.628570382015421,4.288982566339066,4.508352475486901
329.01375671405685,9775393741.896086,9783023891.436714,3.600284359535487,3.603094548953669,4.278529422510951,4.496385184506043
331.24185989163306,10816979140.853258,9712608089.167719,3.9839009912537575,3.5771603596752706,4.272016062707969,4.484233690784216
333.4850519330291,7615575642.995502,9640913380.458435,2.804821841479905,3.550755148259467,4.260221985331315,4.4718942333336
335.74343502104097,7789857426.098379,9567909902.897608,2.8690099442228165,3.5238679163592854,4.2411400581901,4.459362942987928
338.0171120304517,7991360544.466659,9493564884.32827,2.9432236838034207,3.496486593966368,4.223242035133889,4.446635847785881
340.306186532722,8231846042.166655,9417841824.810669,3.0317946609860202,3.4685977381273485,4.206675600772396,4.433708857954141
342.61076280070273,8534038012.776998,9340702851.067663,3.1430921753462546,3.440187400087738,4.191671696395018,4.420577754911712
344.930945813389,8951713137.482368,9262109275.283041,3.2969222162170286,3.4112413310977376,4.178647309692849,4.4072381875996145
347.26684126070074,9670790844.957687,9182015693.658634,3.561759039353717,3.381742808906692,4.168606759684478,4.393685655614736
349.61855554829594,13046620947.941746,9100370132.379036,4.805079629923108,3.3516726915219963,4.168833491115681,4.379915478409666
351.9861958024199,7129874558.75286,9017131008.961676,2.6259377920821123,3.3210156640862056,4.162706112100236,4.365922807284341
354.3698698747842,7330435576.070827,8932256641.549225,2.699804555186259,3.289756375142081,4.1425983217570765,4.3517026529645495
356.7696863474776,7569773405.229012,8845695255.241816,2.7879528452413513,3.257875755957751,4.123846586734866,4.337249862237878
359.18575453791703,7869894710.57732,8757394313.488117,2.89848773213577,3.225354457284575,4.106678727822954,4.322559093428736
361.6181845038214,8281935975.563227,8667299378.687143,3.05024281852723,3.1921724297159955,4.091500347888842,4.307624812341423
364.06708704822944,8976800356.73155,8575348303.561358,3.3061618566317117,3.1583067843661823,4.079260835983957,4.2924412710636375
366.5325737245455,11746121313.270166,8481471490.6462555,4.326104703908362,3.123731888440228,4.075755952974343,4.277002473403675
369.0147568416195,6479022294.032204,8385608093.748419,2.386228447281079,3.088425332242495,4.066063968915995,4.2613021815667524
371.51374946886705,6687566614.117502,8287695223.929427,2.4630354663840692,3.0523639537329297,4.044057742249962,4.245333935868078
374.02966544141475,6939914207.319637,8187658439.631737,2.5559752616455387,3.0155203360337675,4.023484899496322,4.229091024061089
376.56261936528995,7263163565.641565,8085421025.78112,2.67502822664361,2.9778662249294574,4.004609660179167,4.212566450663648
379.11272662263946,7724798782.907753,7980899490.542977,2.8450488003838803,2.939370870318858,3.987926566658584,4.195752918372523
381.68010337698473,8588542925.039114,7874002080.484274,3.1631663726948607,2.9000004793483405,3.974742932009015,4.178642794967344
384.26486657851547,5636527999.460265,7764635377.116001,2.0759372087046475,2.859720645922994,3.9565482268426,4.161228093346661
386.8671339694158,5826882667.583265,7652703163.433817,2.1460449662541534,2.8184959332527515,3.9318049832023134,4.14350046525591
389.48702408922645,6054369150.562211,7538100296.379139,2.229828397213526,2.77628761707552,3.908425470821505,4.125451177130097
392.1246562802483,6338758483.944768,7420713489.037248,2.334569187817971,2.733053973741288,3.886623745917291,4.107071073120028
394.7801506929738,6723764581.466778,7300421670.5197525,2.4763672031033814,2.6887504127570923,3.866767941564268,4.088350541430658
397.453628291564,7342452037.281943,7177089816.748542,2.704230226263827,2.643327204660425,3.8496584740748556,4.069279466712785
400.14521085935735,9131997665.178583,7050568995.803009,3.3633211339965823,2.596729497720649,3.838734205211185,4.049847168024764
402.8550210044156,4951894725.404437,6920710292.130573,1.8237862945131675,2.548902446235484,3.8220042664646074,4.030042372233152
405.58318216511356,5164731122.579031,6787352451.1162,1.9021740886133103,2.4997866600173078,3.7957398700911735,4.009853191424391
408.32981861575576,5430211588.41539,6650312323.622227,1.9999507300611508,2.4493146851104837,3.771009046943941,3.9892670465437083
411.09505547224256,5786000073.215773,6509392779.958737,2.1309878781240164,2.397413918512193,3.748144504581579,3.968270588150415
413.8790186977674,6338372995.869058,6364372568.331314,2.3344272122897816,2.3440028730316387,3.7278304570474092,3.9468496125852965
416.6818351085537,7670846990.726072,6215005595.101863,2.825178317548174,2.2889909122096044,3.7124490531043226,3.9249889525234676
419.50363237963415,4027192662.4002113,6061034393.637859,1.483217877264067,2.2322832109050617,3.6915260032197925,3.9026724005910287
422.3445390506653,4229833705.1117024,5902172006.237336,1.5578507151770118,2.1737740823954583,3.662419505878132,3.8798826222635268
425.2046845317809,4486535737.247117,5738089468.913435,1.6523942533464364,2.113342369014105,3.6348378526491336,3.856600994343897
428.08419910949226,4837537856.058174,5568422466.022434,1.7816685794641842,2.0508538930543376,3.609127244637644,3.832807431295632
430.9832139526162,5399507254.637884,5392751619.156879,1.9886423024327748,1.9861541971550567,3.586017287115871,3.8084801814478033
433.9018611182555,6872241273.768051,5210599123.7103815,2.531051272836224,1.9190673055451866,3.568248551719844,3.783595569096467
436.8402735578125,3003959654.944038,5021444580.342513,1.106360444185329,1.849401554783282,3.5447588321144883,3.758127771008086
439.7985851230435,3195760540.2462234,4824681355.8498,1.1770008445345201,1.77693352143576,3.512540479274525,3.7320485267655608
442.77693057216084,3448482246.397967,4619588899.646023,1.2700784258572713,1.7013978262172107,3.4818521583031425,3.7053266770317426
445.7754455759656,3815226409.785083,4405334438.422887,1.4051505580144208,1.6224877581351103,3.4531057406514467,3.677927644080933
448.7942667240323,4473753333.03545,4180910176.316829,1.6476864849254789,1.5398321452672843,3.4272786233462758,3.6498127678862446
451.8335315309291,7383359968.694942,3945113761.4986672,2.719296646045564,1.4529881605931994,3.410626439378361,3.620938448184385
454.89337844248087,1779348909.0183282,3696571060.0521984,0.6553354490304804,1.3614497096293965,3.3874739745653137,3.5912553063968247
457.973946842078,1945296119.583752,3433601808.320405,0.7164539228722666,1.2645979500945332,3.3512531683172555,3.560707081997569
461.07537705702475,2184838743.643691,3154243048.4391932,0.8046776390330653,1.1617099232328683,3.3165197898224275,3.529229271145532
464.1978103649292,2587897633.4558806,2850423370.120346,0.9531245103588945,1.0498129229839268,3.2838400853015295,3.4967334086211292
467.3413890001443,3597796854.7843614,2513033491.5500536,1.325071100670944,0.9255519944776759,3.255092260713159,3.4630897867271817
470.5062561602402,0.0,2146851405.6113648,0.0,0.7906868758383294,3.220301845774108,3.428159858408897
473.69255601253246,0.0,1745953949.5105348,0.0,0.6430360620617557,3.1771247373454243,3.3918040175781634
476.90043370064734,0.0,1286862414.844884,0.0,0.4739523284042622,3.134526538218268,3.3538117890515884
480.13003535113154,0.0,736048103.9224981,0.0,0.2710870320302736,3.092499486502349,3.313834681895728
483.38150808011386,0.0,0.0,0.0,0.0,3.05103592437708,3.271214710746273
486.65500000000014,0.0,0.0,0.0,0.0,3.010128296696305,3.2273549736707734
