R_kpc,Sigma_bar,Sigma_eff,kappa_bar,kappa_eff,kappa_bar_mean,kappa_eff_mean
1.0,39625486921.47069,39628796652.4478,18.89421669662477,18.895794841882974,0.0,0.0
1.0120606264911474,39625531510.19401,39628840114.95832,18.894237957410848,18.89581556566849,0.4476380649013123,0.447675447587755
1.0242667116936537,39625580610.813156,39628884640.137,18.894261369558183,18.895836796155223,0.8846713121794494,0.8847451595678275
1.0366200099307066,39625619176.34126,39628930254.077866,18.89427975836553,18.895858545785323,1.3113509544144333,1.3114604169524733
1.0491222966837304,39625666283.925674,39628976983.66867,18.894302220194447,18.895880827379404,1.7279222764297633,1.7280665477562964
1.0617753688475675,39625714621.109604,39629024856.41864,18.89432526832076,18.895903654054408,2.134624817370137,2.1348030680414025
1.0745810449887383,39625764316.81134,39629073900.576485,18.894348964215258,18.89592703927988,2.5316924009459316,2.5319038196206587
1.0875411656068144,39625814844.46308,39629124145.11051,18.89437305679999,18.89595099686848,2.919353308897053,2.919597104499044
1.1006575933989453,39625865843.24486,39629175619.59545,18.89439737402885,18.895975540922024,3.2978304095537245,3.298105816129105
1.113932213527575,39625920606.20778,39629228354.32831,18.894423486093803,18.89600068588673,3.667341307782513,3.6676475675567417
1.127366933891388,39625973255.2474,39629282380.4242,18.894448590198273,18.896026446598896,4.028098438089413,4.028434816532218
1.1409636853995222,39626027282.43896,39629337729.788414,18.894474351432876,18.896052838271597,4.380309188866849,4.380674987657414
1.1547244222490889,39626084649.88922,39629394435.16472,18.894501705368963,18.89607987651771,4.724176065860388,4.724570591639309
1.1686511222060412,39626144358.48786,39629452530.08801,18.894530175610946,18.89610757732734,5.059896782431124,5.0603193417181656
1.1827457868894284,39626200933.043915,39629512048.878525,18.894557151479376,18.89613595706505,5.387664331036031,5.388114267337002
1.19701044205908,39626262394.61887,39629573026.79686,18.894586457575173,18.896165032543795,5.707667146632278,5.7081438251188805
1.2114471379067577,39626325515.32093,39629635500.043884,18.89461655477562,18.896194821024864,6.020089226508314,6.020592007215838
1.2260579493508208,39626390953.60426,39629699505.71019,18.894647757044705,18.896225340193787,6.325110194345965,6.325638447090504
1.2408449763344431,39626455118.3587,39629765081.77999,18.89467835207,18.896256608162187,6.622905401511962,6.623458522791336
1.2558103441274293,39626524037.568794,39629832267.15209,18.89471121411388,18.89628864347779,6.913646059075323,6.91422345778122
1.2709562036316695,39626590396.16889,39629901101.75908,18.89474285520822,18.896321465181234,7.19749931408675,7.198100419378052
1.2862847316902777,39626661616.37685,39629971626.593544,18.89477681441344,18.896355092818606,7.474628354688331,7.475252614863878
1.3017981314004599,39626735561.947235,39630043883.68589,18.894812073125426,18.896389546430832,7.745192532336432,7.745839385317102
1.3174986324301545,39626807994.480606,39630117916.09867,18.894846610391404,18.89642484655099,8.009347387088745,8.010016297221446
1.3333884913384921,39626885641.40006,39630193767.95575,18.89488363397991,18.89646101421821,8.267244788410776,8.26793523190469
1.34946999190012,39626960691.85407,39630271484.52767,18.89491941952228,18.89649807101839,8.519033001096746,8.519744472859081
1.3657454454334392,39627041074.41095,39630351112.287094,18.89495774751687,18.896536039110607,8.76485677848033,8.765588790993768
1.3822171911327976,39627124745.246574,39630432698.8993,18.894997643427867,18.896574941222614,9.004857477331145,9.00560952786771
1.3988875964046932,39627206134.83496,39630516293.22709,18.89503645159502,18.89661480065316,9.239173062301626,9.239944676950614
1.415759057208029,39627293127.89099,39630601945.35468,18.89507793160648,18.8966556412834,9.467938242947197,9.468728962958837
1.4328339983984741,39627378428.231606,39630689706.62148,18.895118604497718,18.896697487592967,9.691284540123055,9.692093919311978
1.4501148740769754,39627468998.273766,39630779629.753624,18.895161790086988,18.896740364722728,9.909340357317467,9.91016796375535
1.467604167942475,39627562086.29485,39630871768.890366,18.895206176298462,18.89678429848736,10.12223107936484,10.123076472191697
1.4853043936488803,39627656374.9362,39630966179.51161,18.89525113498945,18.896829315340778,10.33007909757338,10.330941850763422
1.5032180951663396,39627755929.476234,39631062918.460396,18.895298604565188,18.89687544238686,10.533003919285612,10.533883606226825
1.5213478471468749,39627851661.58541,39631162044.092636,18.89534425153021,18.89692270745087,10.731122191683873,10.732018414659972
1.5396962552944244,39627954624.783104,39631263616.32992,18.895393346421407,18.896971139104604,10.92454781015202,10.925460188543946
1.5582659567393489,39628058569.27669,39631367696.6047,18.895442909213912,18.89702076664027,11.113391998235736,11.114320142254758
1.5770596204174525,39628164557.97738,39631474347.93268,18.89549344672484,18.89707162010501,11.29776331534605,11.298706856003776
1.5960799474535783,39628273473.048805,39631583634.98096,18.89554537958727,18.897123730333366,11.477767759907596,11.478726338264073
1.615329671549826,39628385738.02868,39631695624.1045,18.895598909752373,18.89717712896471,11.653508826412155,11.654482086718371
1.6348115593784562,39628500453.72279,39631810383.392876,18.895653608466546,18.89723184846549,11.82508755465029,11.826075147763493
1.65452841097953,39628618999.733,39631927982.696686,18.89571013355127,18.897287922141857,11.992602593389742,11.993604174605457
1.6744830601633456,39628745472.14637,39632048493.674545,18.89577043810195,18.89734538416206,12.156150285253004,12.157165483978604
1.6946783749177292,39628861434.63432,39632171989.93179,18.895825731312108,18.89740426962258,12.315824608571706,12.316853111522025
1.7151172578202367,39628989459.09052,39632298547.048416,18.89588677590754,18.89746461456145,12.471717339910173,12.472758865844924
1.7358026464553273,39629118705.26616,39632428242.52824,18.89594840304299,18.897526455934027,12.623918146614923,12.624972381310956
1.7567375138365704,39629251834.39522,39632561155.894615,18.896011881647507,18.897589831658625,12.772514525911676,12.773581169572301
1.7779248688339402,39629387660.62478,39632697368.802,18.89607664628294,18.897654780669704,12.917591910263495,12.918670669883912
1.7993677566062685,39629526965.02088,39632836965.08409,18.896143069377047,18.897721342940827,13.059233705865685,13.060324298226687
1.8210692590389104,39629669769.66889,39632980030.804245,18.89621116146056,18.89778955950871,13.197521347382295,13.198623495267338
1.8430324951866892,39629816847.99441,39633126654.3198,18.896281291318125,18.897859472503878,13.3325343446632,13.333647773182701
1.8652606217221832,39629967296.389404,39633276926.33677,18.89635302809154,18.897931125176758,13.46435032303551,13.4654747613753
1.88775683338942,39630122561.024536,39633430939.98078,18.896427061343605,18.89800456193149,13.593045071887557,13.594180251106613
1.9105243634630407,39630278519.04608,39633588790.88054,18.89650142521604,18.898079828365734,13.718692569713983,13.719838239073697
1.9335664842130058,39630439860.82207,39633750577.24916,18.896578356169186,18.89815697130945,13.841365045830402,13.842520969954407
1.9568865073748998,39630607691.16384,39633916399.955696,18.896658380998964,18.898236038858997,13.96113305092251,13.962298977945435
1.9804877846259143,39630776005.83589,39634086362.58951,18.896738636767004,18.898317080407836,14.07806543628959,14.079241127317056
2.0043737080665673,39630952979.26084,39634260571.54746,18.896823021199864,18.898400146688097,14.192229434758447,14.1934146520079
2.0285477107082346,39631129077.51206,39634439136.09789,18.896906988332557,18.898485289801084,14.303690678011375,14.304885194282507
2.0530132669665586,39631310659.71762,39634622168.481636,18.896993570323257,18.898572563265454,14.41251322540433,14.413716842473933
2.0777738931608125,39631499638.47295,39634809784.05626,18.89708367913533,18.898662022085976,14.518759665183573,14.519972167833584
2.102833148019282,39631691289.74232,39635002101.34638,18.897175062255005,18.898753722777535,14.622491086663068,14.623712260509079
2.1281946331907466,39631892247.059494,39635199242.11128,18.897270882682527,18.898847723397367,14.723767143011662,14.72499676467042
2.153861993762124,39632091571.548065,39635401331.47172,18.89736592454504,18.898944083605524,14.822646049194779,14.823883912805044
2.1798389187823672,39632305787.389046,39635608497.97203,18.89746806689921,18.899042864694497,14.919184673438753,14.920430559201453
2.206129141792668,39632508547.855156,39635820873.710175,18.897564747103843,18.899144129651205,15.013438479727096,15.01469221264059
2.232736441363065,39632727402.42487,39636038594.5701,18.897669101295715,18.899247943267802,15.105461626620622,15.10672306831483
2.2596646416355184,39632952654.174255,39636261800.27176,18.89777650578951,18.899354372165533,15.195307089143459,15.19657603899227
2.2869176128735367,39633182350.29024,39636490634.34261,18.89788602944529,18.89946348478113,15.283026521706908,15.284302785442838
2.314499272018431,39633414787.61272,39636725244.27834,18.8979968601626,18.899575351443456,15.368670334295013,15.369953746144292
2.3424135832522777,39633652118.13849,39636965781.75802,18.89811002405612,18.89969004447609,15.452287745254804,15.453578166286565
2.3706645585676736,39633899645.79426,39637212402.87716,18.898228050143114,18.89980763830847,15.53392684908299,15.535224126091464
2.399256258344359,39634153684.87834,39637465268.262856,18.898349181008044,18.89992820953077,15.613634609667534,15.61493856846341
2.4281927919327986,39634414983.272064,39637724543.13114,18.898473773255535,18.90005183692127,15.691456861794082,15.692767325986015
2.4574783182447963,39634681829.32024,39637990397.3172,18.898601010734502,18.900178601460745,15.767438348813153,15.768755147279611
2.4871170463512398,39634952838.69346,39638263005.47874,18.898730233369285,18.90030858642945,15.841622736549064,15.842945722735596
2.5171132360870474,39635231260.98266,39638542547.40699,18.89886299062917,18.9004418775554,15.914052666997154,15.915381709644029
2.547471198663417,39635519006.95907,39638829208.14943,18.899000193607716,18.9005785630729,15.984769800989822,15.986104756728322
2.578195297287452,39635815079.310135,39639123178.14786,18.899141366766546,18.900718733788374,16.053814817400838,16.055155528100187
2.6092899477892684,39636117998.366684,39639424653.4252,18.899285804570106,18.900862483169423,16.121227417341455,16.122573726648792
2.6407596192566607,39636423375.02881,39639733835.800385,18.899431414208664,18.901009907447314,16.187046328085117,16.18839811687819
2.6726088346774195,39636741130.71492,39640050933.07023,18.899582926410947,18.901161105703686,16.251309391119875,16.252666547205774
2.7048421715894047,39637064538.70736,39640376159.220665,18.899737133744793,18.901316179971264,16.314053568882354,16.315415971734787
2.7374642627384485,39637399832.088394,39640709734.66077,18.89989700826724,18.90147523534546,16.375314945753445,16.376682471513462
2.770479796744201,39637741013.59155,39641051886.41482,18.900059690362887,18.901638380075944,16.435128752128357,16.4365012752929
2.803893518774003,39638091361.54256,39641402848.38397,18.900226743202357,18.90180572569142,16.49352936868768,16.49490677979575
2.837710231224885,39638453778.97059,39641762861.6133,18.90039955100743,18.90197738712695,16.550550396473927,16.551932569507624
2.8719347944137956,39638823772.899345,39642132174.50683,18.90057597143805,18.902153482826495,16.606224631229793,16.607611436002415
2.9065721272761507,39639201031.84764,39642511043.09701,18.90075585597383,18.902334134871392,16.660584064712396,16.661975396812412
2.941627208072808,39639589954.02555,39642899731.31017,18.900941301768405,18.902519469106945,16.71365995397963,16.71505571385445
2.977105075105571,39639985174.20882,39643298511.3457,18.901129750576626,18.902709615323204,16.765482809761142,16.766882911423103
3.013010827441318,39640396328.58952,39643707664.032845,18.90132579712566,18.90290470742512,16.81608244456464,16.81748679376178
3.0493496256448713,39640815383.44215,39644127479.04307,18.901525610776126,18.90310488353378,16.865487973039226,16.8668964622207
3.086126692520694,39641247907.74064,39644558255.181694,18.90173184692506,18.903310286125475,16.91372780659458,16.915140332011234
3.123347313863546,39641688776.13066,39645000300.79021,18.901942061702034,18.903521062223536,16.9608296856669,16.962246148567264
3.161016839218183,39642143258.57272,39645453934.17397,18.902158767928565,18.903737363602257,17.006820694640535,17.008241003523523
3.1991406826482205,39642607441.47215,39645919484.007195,18.902380099525224,18.903959346980013,17.051727283572582,17.053151350320167
3.237724323514275,39643086306.13349,39646397289.714455,18.90260843167664,18.90418717420116,17.09557528220294,17.097003019442035
3.2767733072614837,39643578139.77419,39646887701.87805,18.902842947694182,18.904421012430277,17.138389926553863,17.1398212333013
3.3162932462165258,39644080400.69566,39647391082.726295,18.903082435645647,18.904661034384997,17.180195830702147,17.18163062077268
3.356289820394258,39644595674.61192,39647907806.62241,18.903328128450664,18.904907418569117,17.221017025995316,17.222455231389702
3.396768778314074,39645126954.44373,39648438260.55745,18.903581453193112,18.905160349507632,17.260877005959124,17.262318549210228
3.4377359378261105,39645672504.60487,39648982844.68851,18.90384158231112,18.90542001800337,17.299798714457456,17.30124350635928
3.4791971869474256,39646229194.30586,39649541972.93529,18.904107022982274,18.905686621421438,17.337804524238727,17.339252496257494
3.521158484708249,39646804211.04529,39650116073.568855,18.904381202348205,18.90596036396996,17.374916301263973,17.37636738654272
3.56362586200845,39647391710.22447,39650705589.80948,18.90466133358855,18.906241456985136,17.411155400594446,17.412609531692375
3.606605422484327,39648001387.57131,39651310980.54992,18.904952039818333,18.906530119276116,17.44654269363046,17.44799978535404
3.6501033433858567,39648620922.13049,39651932721.04814,18.905247446162118,18.906826577455313,17.481098541717863,17.482558512392032
3.6941258764645224,39649260374.00844,39652571303.64649,18.90555234947783,18.9071310662813,17.51484281179346,17.516305600656548
3.7386793488718437,39649918939.88577,39653227238.58387,18.90586636672688,18.90744382904609,17.547794952028585,17.549260472482505
3.7837701640687524,39650591851.43653,39653901054.85142,18.906187224277044,18.907765117983132,17.579973918227704,17.581442095925567
3.8294048027459335,39651280882.07729,39654593301.10228,18.906515767728457,18.908095194701108,17.611398200403507,17.612868995741767
3.875589823755259,39651993797.14111,39655304546.5956,18.906855699745666,18.908434330634044,17.642085904588345,17.643559264117595
3.922331865052462,39652722216.2312,39656035382.21338,18.90720302438956,18.908782807526187,17.672054703829474,17.673530571156878
3.9696376446511854,39653472210.17197,39656786421.551315,18.90756063634941,18.909140917952104,17.70132183991204,17.702800175131127
4.017513961588521,39654250175.55142,39657558302.087585,18.907931585645024,18.909508965874018,17.729904216563867,17.731384932499864
4.06596769690221,39655041534.60701,39658351686.42461,18.908308921310596,18.909887267233874,17.75781829011287,17.759301307707066
4.115005814619619,39655852638.41521,39659167263.59246,18.908695671665132,18.91027615057486,17.785080081248434,17.786565382759964
4.164635362758645,39656692538.94329,39660005750.46011,18.909096152865846,18.910675957714293,17.811705318194488,17.813192866596204
4.214863474340702,39657553267.05443,39660867893.26485,18.90950656507052,18.911087044472882,17.837709362085093,17.83919910424576
4.265697368415905,39658440553.43357,39661754469.24453,18.909929640783197,18.91150978145303,17.86310719794182,17.864599085793508
4.317144351100639,39659354493.14043,39662666288.38119,18.91036542533023,18.91194455487021,17.887913488479338,17.88940745514872
4.369211816627631,39660289431.580666,39663604195.295654,18.910811222489084,18.91239176745635,17.912142517429473,17.913638518627195
4.421907248408684,39661255341.33723,39664569071.27815,18.911271787384756,18.91285183942808,17.935808255035486,17.9373062533523
4.4752382201102385,39662249379.942986,39665561836.41747,18.911745764672634,18.91332520950195,17.958924380400138,17.96042431548049
4.529212396741896,39663264730.212616,39666583452.01206,18.912229903783793,18.913812336044092,17.981504193848032,17.98300604825757
4.583837535758073,39664318978.19888,39667634923.255585,18.91273259009637,18.91431369835075,18.003560742247902,18.005064489912897
4.639121488172954,39665403989.10479,39668717301.88699,18.91324994477809,18.914829797911878,18.025106815878033,18.026612381396706
4.695072199688863,39666514737.11148,39669831689.102974,18.91377957141903,18.915361159799858,18.046154827761562,18.047662173965566
4.75169771183828,39667663266.65591,39670979238.954895,18.914327213045187,18.915908334289227,18.06671693705645,18.068226036623685
4.8090061631396015,39668853134.914116,39672161161.92713,18.914894565788526,18.91647189856291,18.086805102684618,18.088315863427464
4.867005790266854,39670062321.181335,39673378728.808754,18.915471129741032,18.917052458558288,18.106430895085097,18.10794328065898
4.925704929233514,39671316923.31029,39674633274.95109,18.916069348875585,18.917650650997313,18.12560563523087,18.127119653875457
4.9851120165906035,39672608317.40429,39675926204.92092,18.91668511114751,18.918267145605242,18.144340473404352,18.145856094842117
5.0452355906392325,39673943103.93355,39677258997.66161,18.917321563791674,18.918902647571546,18.162646284804246,18.164163468356193
5.106084292657776,39675316458.74617,39678633212.14054,18.91797640655695,18.919557900242737,18.180533696622806,18.182052398970328
5.1676668681438365,39676733698.3898,39680050493.52797,18.918652174478513,18.920233688068567,18.19801308739963,18.19953327762354
5.229992168071196,39678255423.91279,39681512580.08282,18.919377763336033,18.920930839885308,18.215094963986058,18.21661626818887
5.293069150161929,39679709179.14012,39683021310.79961,18.920070942610867,18.921650232561955,18.231788944618934,18.23331131394802
5.356906880173848,39681261219.24564,39684578633.88783,18.92081098606153,18.92239279504337,18.248104396104203,18.24962814400374
5.4215145332034815,39682870241.47655,39686186616.22212,18.921578199717747,18.92315951285629,18.264051162079994,18.26557627964158
5.486901395004776,39684526672.69734,39687847453.8956,18.922368018918977,18.9239514331414,18.279638566680113,18.28116504065391
5.5530768633236836,39686244214.700554,39689563484.06604,18.92318697695118,18.924769670301806,18.294875737241107,18.296403551640744
5.620050449248863,39688018709.06271,39691337198.24394,18.92403309099571,18.925615412339035,18.309771638156224,18.31130074830327
5.687831778578659,39689848953.19957,39693171257.319756,18.924905787636586,18.926489928018338,18.324334991255405,18.32586538374823
5.756430593204574,39691750636.93175,39695068508.61337,18.925812548090924,18.927394574998214,18.338574394133843,18.340106034824284
5.825856752511429,39693708703.30973,39697032005.230484,18.926746192907082,18.928330809059897,18.352498243227977,18.354031108513862
5.896120234794399,39695742005.93167,39699065028.14326,18.92771571185394,18.929300194635886,18.366114758640595,18.367648848407782
5.967231138693149,39697846464.02486,39701171111.4983,18.928719159138268,18.93030441687725,18.379432048391227,18.380967341294216
6.039199684643272,39700031413.473816,39703354071.793945,18.929760986294653,18.93134529556595,18.392458058542935,18.393994523899522
6.11203621634521,39702295362.336395,39705618041.64102,18.930840481935537,18.932424801212658,18.405200590841087,18.406738189824882
6.1857512022509145,39704640225.07167,39707967509.02847,18.93195855891291,18.933545073779356,18.4176672646956,18.41920599673139
6.2603552370684294,39707083113.9451,39710407363.26291,18.933123376693747,18.93470844458424,18.429865626983233,18.431405473836342
6.335859043284609,39709612852.97834,39712942949.02426,18.934329606350296,18.93591746207651,18.441803078354244,18.44334402979703
6.412273472706223,39712247696.09034,39715580130.41967,18.935585951712522,18.93717492237856,18.453486885099366,18.455028961075204
6.489609508019627,39714996409.2317,39718325367.35941,18.936896592559222,18.938483905703507,18.464924293654562,18.466467460897025
6.567878264369249,39717852605.08584,39721185807.27954,18.938258483291396,18.939847820090367,18.47612239169707,18.47766662895065
6.647090990955133,39720835637.29847,39724169396.35897,18.939680852110488,18.941270454434573,18.487088173094353,18.488633482001124
6.727259072649714,39723946631.44021,39727285015.51516,18.941164235710858,18.942756043333404,18.497828581073406,18.499374965650834
6.808394031634124,39727208934.32136,39730542648.230446,18.94271976631389,18.944309347108888,18.50835053334486,18.50989796753865
6.89050752905422,39730614716.223114,39733953589.979675,18.944343710554644,18.94593575166708,18.518660870316914,18.520209332358483
6.973611366696582,39734190786.00538,39737530712.801186,18.9460488514283,18.947641394650695,18.52876637870999,18.530315879201346
7.057717488684729,39737942065.820435,39741288803.94863,18.947837535914523,18.949433326915056,18.538673862942034,18.540224421896173
7.142837983195795,39741896956.29783,39745245005.812195,18.949723305995768,18.95131972229119,18.548390155236024,18.549941793269884
7.228985084197899,39746061386.90204,39749419397.29005,18.9517089889581,18.953310154795286,18.557922119095196,18.55947487460604
7.3161711732084855,39750477969.074165,39753835776.78214,18.95381490278028,18.955415971975615,18.567276730832415,18.568830632118868
7.404408781073854,39755161381.03793,39758522740.06248,18.956048046329993,18.95765080886338,18.57646112412597,18.578016163083948
7.493710589770156,39760144778.03623,39763515202.98814,18.958424228683484,18.960031314030527,18.585482534450623,18.587038755580057
7.58408943422613,39765476731.22835,39768856617.99566,18.960966609531138,18.9625782064591,18.594348488001646,18.595905967959503
7.67555830416779,39771213079.46797,39774602318.3121,18.96370181394393,18.96531787012728,18.60306692265639,18.604625737882635
7.768130345985381,39777414514.00687,39780824789.7085,18.966658780712315,18.968284867685824,18.611646246597648,18.613206537500556
7.861818864622859,39784191378.01094,39787622446.85538,18.969890123642443,18.971526125198114,18.620095636547855,18.62165760442854
7.956637325490131,39791674276.5794,39795135307.54668,18.973458117831424,18.975108405920476,18.628425413464374,18.629989305586534
8.052599356398389,39800062860.10517,39803575757.69665,18.977457960539418,18.97913297966178,18.63664752152129,18.638213755235828
8.149718749518765,39809689660.85419,39813297669.74593,18.98204820973453,18.98376857980794,18.644776632370597,18.646345983848963
8.24800946336461,39821168453.006836,39824988801.82689,18.987521525097883,18.989343143053162,18.65283242466554,18.654406560605718
8.3474856247977,39835956831.546234,39836699597.52739,18.99457291677589,18.994927082301494,18.660845839239215,18.662408350985675
8.448161531058608,39860722529.756424,39842933662.98737,19.006381692010727,18.997899608139104,18.66889315503841,18.67032173818911
8.550051651821585,39865901785.02644,39843651289.96747,19.008851263465907,18.99824178689128,18.676918292175422,18.67808672195701
8.653170631274223,39855759950.75486,39843123448.12982,19.004015436090253,18.99799010145252,18.684724750301672,18.685668769167414
8.757533290222188,39875805897.03685,39842606510.726456,19.013573740160847,18.997743615463914,18.692403223498733,18.693065283191423
8.863154628219347,39878686478.3201,39842103717.20065,19.014947258348418,18.997503873556163,18.70002869596913,18.700280801233774
8.970049825723585,39866610635.80052,39841584177.90098,19.0091892575493,18.997256146931882,18.7074210628453,18.707319595670963
9.078234246278617,39872023243.11687,39841057675.959785,19.01177009588023,18.997005100382278,18.714601247095946,18.71418571981913
9.187723438722127,39872182894.97994,39840531771.807785,19.011846221049442,18.996754338870392,18.721642616190284,18.720883228851505
9.298533139420517,39858614241.7628,39839996698.24982,19.005376418554043,18.996499205204202,18.728440959016012,18.72741606881572
9.410679274530622,39859357166.37548,39839449196.20177,19.005730659718296,18.99623814538787,18.73500627718502,18.733788018913767
9.524177962288718,39878412186.08538,39838896117.64619,19.01481647038028,18.995974426582343,18.741528497073823,18.740002789447868
9.639045515327101,39854682801.833115,39838339559.34729,19.003501830158232,18.995709048566308,18.747868342858958,18.746064053201287
9.755298443018628,39866800874.12139,39837776149.51214,19.009279966947158,18.995440403602135,18.753993615206344,18.751975388555486
9.872953453849549,39857779555.92093,39837205915.98879,19.004978423818955,18.99516850496833,18.75999054474137,18.75774027034099
9.992027457820912,39868815473.81012,39836627633.486786,19.010240567965166,18.994892768422144,18.76585745454251,18.76336208425735
10.112537568878977,39865205263.65068,39836040270.83343,19.00851914828374,18.994612702280016,18.7716268139227,18.76884412305209
10.234501107374921,39885125601.32629,39835445401.01685,19.018017559683923,18.994329056573832,18.77735240895792,18.77418960461021
10.357935602554209,39878536259.60843,39834844674.16169,19.014875631092558,18.99404261811569,18.78301675508286,18.77940168878714
10.48285879507597,39868803557.58152,39834236888.213974,19.010234886071444,18.993752813742457,18.788454603550477,18.78448346300998
10.60928863956282,39871744232.85919,39833621782.90599,19.011637058265336,18.993459519353337,18.793725684946466,18.78943793333134
10.737243307181362,39867408035.48091,39832997748.47139,19.009569473504374,18.99316196737986,18.798863756207847,18.794268023976734
10.866741188253847,39878577869.35098,39832365296.800446,19.014895471441626,18.992860401901442,18.80391922117545,18.79897658376218
10.997800894901342,39852170421.274025,39831725962.087074,19.002303877365833,18.99255555445212,18.80876757337962,18.803566405601785
11.130441263718758,39874600203.7813,39831079176.09176,19.012998841745464,18.992247154084044,18.81348024565768,18.808040221625376
11.264681358482123,39862008556.84738,39830422226.9512,19.00699489518934,18.9919339077271,18.818135649871376,18.812400680633985
11.400540472888565,39859382929.817825,39829756624.43835,19.00574294423769,18.991616535270914,18.822595144048705,18.816650362026902
11.538038133329287,39892429886.232635,39829085472.26738,19.021500387342495,18.991296516627866,18.827122023136635,18.82079181020539
11.677194101695985,39857550744.48654,39828406631.67416,19.004869321996875,18.99097283199287,18.83152900373213,18.824827514562212
11.818028378221166,39860647089.58217,39827716399.3441,19.006345720642027,18.990643715552206,18.835653340223438,18.828759872460832
11.960561204352672,39850004103.939575,39827016225.02345,19.001270934370535,18.990309858573593,18.83963687250436,18.832591211912394
12.104813065662881,39832978422.604904,39826308908.77114,18.99315275242409,18.98997259618056,18.8433695291601,18.83632382982342
12.250804694792999,39861944589.49135,39825593188.6948,19.00696439428751,18.989631326677845,18.847082753781617,18.839959977233192
12.39855707443289,39844828544.82382,39824866376.23786,18.998803125314886,18.989284768108448,18.850773378974907,18.843501829488016
12.548091440336803,39854805514.2425,39824129559.10684,19.00356034186457,18.98893343911237,18.854337159897767,18.846951501481996
12.699429284375467,39888985532.30334,39823384821.77499,19.01985805119533,18.98857833360772,18.858066742358936,18.85031107595498
12.852592357625056,39872721175.45537,39822630605.3952,19.012102883837372,18.98821870830535,18.861807450485834,18.853582589148562
13.007602673493352,39877776429.32037,39821866745.78987,19.014513328967574,18.987854484922114,18.865396943346113,18.856768019377064
13.164482510883603,39869639734.418335,39821093297.53942,19.010633591742437,18.98748568948304,18.868883542973705,18.859869297473395
13.32325441739661,39866483184.88,39820309809.71892,19.009128486427034,18.9871121069782,18.872223919150386,18.862888306269728
13.483941212571365,39868890369.46178,39819516179.76354,19.01027627969471,18.986733688502646,18.875481111528092,18.865826880876092
13.646565991164776,39852539598.05329,39818712537.9735,19.0024799081634,18.986350496186105,18.878581741737158,18.868686813090008
13.811152126471006,39854347468.80974,39817898944.61774,19.003341936733534,18.985962558765998,18.88152738376942,18.871469853332123
13.977723273680795,39855076061.73188,39817074640.931465,19.003689344263993,18.985569514448258,18.884417528581306,18.874177706579424
14.146303373281274,39862509802.501465,39816239291.55155,19.00723389904121,18.9851712033251,18.8872855314837,18.87681203124923
14.316916654496875,39870816926.83703,39815393713.02933,19.011194900394532,18.984768014744358,18.890174525863646,18.879374449224937
14.489587638771654,39859029618.884964,39814537329.805084,19.005574478589807,18.98435967426778,18.892974737134434,18.88186654527867
14.664341143293623,39859953578.57678,39813669886.028496,19.006015040864053,18.98394605990086,18.89564767668434,18.884289861951185
14.84120228456165,39848628004.95426,39812791939.882065,19.00061478312939,18.983527437796063,18.89819812274598,18.886645906972955
15.020196481995317,39849150524.889275,39811901225.30641,19.00086393097961,18.983102727451413,18.90062752581223,18.888936142611282
15.201349461588306,39859244410.81706,39810998499.93132,19.00567689563563,18.982672290119798,18.903059661284,18.89116198807196
15.384687259605924,39872027482.9499,39810085293.489914,19.011772117516564,18.98223685520825,18.90556348339317,18.893324841883253
15.570236226327143,39851754284.9012,39809160238.12533,19.002105455304317,18.981795770495538,18.90796455937561,18.895426070256004
15.758023029831811,39860964959.4012,39808223297.19073,19.006497287265145,18.98134901850772,18.910247262726703,18.89746699914502
15.948074659833509,39835271982.78794,39807273914.05535,18.994246367328834,18.980896333832238,18.912381605079602,18.89944891972221
16.14041843155869,39871307779.62776,39806312132.114204,19.011428948723392,18.980437737160685,18.914525890948497,18.90137308969069
16.335081989672556,39857729045.15773,39805338382.16756,19.004954339287018,18.979973433907155,18.916744540549114,18.903240739647874
16.532093312252265,39863284447.754944,39804352029.82794,19.007603265235023,18.97950312158315,18.918865955553176,18.905053069850137
16.731480714808132,39846013875.97382,39803352552.19853,18.999368314675205,18.979026550861107,18.920870166154685,18.906811245584628
16.933272854353273,39848926993.96667,39802340258.87463,19.000757347010094,18.978543869362195,18.922746480754892,18.90851640335415
17.13749873352231,39851677378.85681,39801315118.42629,19.002068784979713,18.978055062099994,18.924610326081694,18.910169654295366
17.34418770473983,39855311757.726166,39800275888.75903,19.003801728780537,18.977559536819268,18.926466106932804,18.91177207598579
17.553369474439055,39866649646.23982,39799222936.05876,19.009207858499114,18.977057468124702,18.928362750548,18.913324715580234
17.765074107331372,39852206262.609825,39798156774.21357,19.002320967224353,18.976549101048313,18.93019604545388,18.914828600400472
17.979332030727445,39867388555.2033,39797076737.94429,19.009560184922325,18.976034118371825,18.931991082986155,18.916284732534177
18.196174038910378,39856126353.31,39795982486.28713,19.00419014408283,18.975512357516948,18.93376483960272,18.917694084655132
18.415631297561585,39866593850.16515,39794873898.08291,19.00918125382602,18.97498376071259,18.935492819678938,18.919057603789927
18.637735348240156,39857880373.05295,39793750856.12806,19.00502649542355,18.974448272073765,18.937189118730455,18.920376213182195
18.862518112916142,39861425197.304955,39792613055.12678,19.006716737809757,18.97390574602939,18.938816450055207,18.921650811809464
19.090011898558522,39844486985.22858,39791460480.02304,18.998640262937446,18.97335617540046,18.940328882851023,18.92288227555125
19.320249401778593,39865860416.03998,39790292842.06719,19.00883153791411,18.972799422505418,18.941831832231426,18.924071457810626
19.553263713529255,39857375657.31663,39789109686.55496,19.004785836967763,18.972235270532266,18.943370962960667,18.925219187567134
19.789088323861044,39874064791.38223,39787910931.9861,19.012743546513125,18.97166368062007,18.944920822488307,18.926326271144262
20.027757126735455,39869453601.96936,39786696576.60242,19.010544840105588,18.971084651930493,18.946501462446587,18.92739349529466
20.269304424896426,39935050348.53391,39785466337.334015,19.04182266759678,18.9704980494902,18.94839149947185,18.928421626513074
20.513764934800466,39848784331.24461,39784219738.45844,19.000689322599683,18.969903646465312,18.950114869065178,18.929411408842174
20.76117379160629,39844580542.95644,39782956656.43202,18.99868487311441,18.96930138394775,18.951289181564118,18.930363565323972
21.011566554224647,39855546624.92234,39781676904.420204,19.003913718109736,18.968691172851113,18.95247438195776,18.931278800115052
21.264979210429043,39866389304.59516,39780380195.22507,19.00908372244852,18.968072876233737,18.95375468233128,18.932157798008365
21.52144818202804,39858088603.0234,39779066441.27295,19.00512578359614,18.967446452338766,18.955018359956625,18.933001225462807
21.78101033010006,39879882959.694855,39777735351.04773,19.015517764356655,18.96681176216555,18.956329334715864,18.93380973099953
22.043702960291224,39855361990.2489,39776386581.08165,19.003825680641917,18.966168641941852,18.95759228114662,18.9345839441867
22.309563828177094,39856051091.94504,39775019902.65763,19.00415425797394,18.965516982610847,18.95869154875556,18.93532447644883
22.578631144689147,39876433741.122574,39773635205.47171,19.013873108651406,18.96485673157742,18.959884460292084,18.93603192281383
22.85094358160664,39837197822.42174,39772231961.117905,18.995164645795317,18.964187636887136,18.96094060110042,18.936706860590483
23.126540277114675,39844595280.40513,39770809923.39467,18.998691900221726,18.96350958114622,18.961793463917967,18.937349849044406
23.405460841429427,39862374569.806915,39769369105.09262,19.007169417415017,18.9628225704535,18.962768679651816,18.937961432881604
23.687745362491093,39828102619.49336,39767909032.414246,18.990827872966026,18.962126378892933,18.963625872029915,18.938542141282593
23.9734344117255,39862077609.912544,39766429440.705505,19.007027821057967,18.96142088027224,18.964463389300658,18.939092486726697
24.26256904987534,39867952764.44152,39764930162.89837,19.009829211057706,18.96070599493007,18.965505200761186,18.939612967116496
24.555190832901552,39874235222.41792,39763410858.62114,19.012824811405252,18.959981560570462,18.966591014172234,18.940104065686274
24.851341817956033,39859485839.5908,39761871217.06663,19.00579201365492,18.959247428994395,18.967602566424763,18.940566250544546
25.15106456942623,39834848505.798965,39760310881.46069,18.994044445116202,18.958503430084896,18.968367348169814,18.940999974937213
25.454402165052805,39865776942.81042,39758729594.20136,19.008791736225593,18.95774944101224,18.969151426565947,18.941405677905106
25.76139820212097,39837589471.7745,39757127269.485146,18.995351391960856,18.956985420863628,18.96993040919772,18.94178378615353
26.072096803726463,39876269718.03401,39755503553.00082,19.01379489919534,18.95621120069645,18.970752467232806,18.942134713783364
26.38654262511724,39804463946.47286,39753857530.54843,18.979556485655248,18.955426344602078,18.97136420369462,18.942458857900746
26.70478086011153,39872471324.148254,39752189245.193726,19.01198374978741,18.9546308731151,18.971944726020048,18.942756601315562
27.02685724759327,39839916571.52307,39750498888.986595,18.996460999194486,18.953824877808714,18.97270833907221,18.943028319101337
27.35281807808605,39825500511.95639,39748785612.60034,18.989587136574094,18.953007953707132,18.97318916696274,18.943274373697637
27.68271020040616,39840148566.58591,39747048847.52698,18.99657161903364,18.95217982973449,18.973660897600276,18.943495110958242
28.016581028395926,39847680501.05989,39745288613.0486,19.000162994513225,18.951340515084873,18.97424649166476,18.943690865460727
28.354478547738374,39826056467.886894,39743504690.58495,18.989852227368953,18.95048990553489,18.974737627610818,18.943861962722156
28.696451322853907,39841312586.95528,39741696563.1818,18.997126646991827,18.949627754590527,18.975182408072012,18.94400871638286
29.042548503880234,39861358783.21644,39739863901.61753,19.006685070257443,18.948753905272397,18.975816213154786,18.944131427879302
29.39281983373656,39842500932.737946,39738006324.80071,18.997693273788688,18.94786817586856,18.976440397280367,18.94423038749254
29.747315655272857,39870350075.657196,39736123445.448715,19.010972296508946,18.946970381714998,18.977102160766258,18.944305874286073
30.10608691850536,39850198319.81648,39734214895.17822,19.001363540345864,18.946060347159243,18.977790098306972,18.944358156444267
30.469185187939466,40030155437.55142,39732280332.68164,19.08717065699587,18.945137909459085,18.979371150273135,18.944387491790057
30.8366626499808,39884543969.31947,39730319369.91281,19.017740226027527,18.944202883586424,18.981097717947478,18.944394127916837
31.208572120435743,39818285345.9209,39728331502.39079,18.986146802557585,18.943255028994766,18.981589348842874,18.94437830150683
31.58496705210235,39836455722.45355,39726316498.21343,18.994810797837886,18.942294235108573,18.981800571054304,18.94434023948471
31.965901542452947,39876759727.07015,39724274002.908005,19.014028545205303,18.941320332908226,18.982337822609892,18.944280160082684
32.35143034140928,39807629198.51152,39722203147.45492,18.981065740495104,18.940332908027983,18.982695818063213,18.94419826943451
32.74160885921138,39850119005.39106,39720103726.190994,19.0013257216575,18.939331862403566,18.982898634801785,18.94409476274253
33.13649317438156,39846949438.48467,39717975597.69028,18.99981440940328,18.938317128600282,18.983317195312488,18.943969828626106
33.53614004178425,39828189394.95057,39715818136.576454,18.99086924922206,18.937288408426323,18.983601445251924,18.94382364688828
33.94060690078302,39844552135.68994,39713630894.276306,18.998671327967315,18.936245487993094,18.98386660913786,18.943656387012197
34.34995188349621,39844054841.28139,39711413431.277016,18.998434208147543,18.935188157732185,18.984214533691834,18.943468209449716
34.764233823151955,39852299224.45701,39709165287.14204,19.002365293273613,18.934116198098334,18.984598269583955,18.943259265767352
35.1835122625439,39812853146.20799,39706885983.20936,18.983556622184068,18.933029380856016,18.984795061100627,18.943029698635776
35.60784746258914,39866421944.9879,39704575050.36813,19.00909928603401,18.931927482323893,18.985070109667465,18.942779641992473
36.03730041098919,39836636871.533714,39702232007.02743,18.99489717330582,18.93081027286987,18.98547015869027,18.9425092212314
36.4719328309954,39840138912.359055,39699856358.4519,18.99656701570714,18.929677516594342,18.985713400886453,18.942218553260624
36.91180719028024,39831381344.880486,39697447603.60003,18.992391234145053,18.928528974590797,18.98592078007171,18.941907746593724
37.356986709915475,39838445446.522125,39695005257.49417,18.9957595376677,18.92736441561229,18.986114216450193,18.94157690160457
37.807535373458514,39826927397.69813,39692528798.572075,18.990267503946214,18.926183590967607,18.98627728335038,18.94122611060244
38.26351793614863,39836099898.33343,39690017708.31435,18.99464113385256,18.924986253416442,18.98642393893369,18.94085545783499
38.724999934213855,41174476584.46768,39687471468.82617,19.632805635897565,18.92377215601629,18.99422356230717,18.940465019699907
39.19204769429011,39771019213.58895,39684889458.90648,18.963609374854524,18.922541002566184,19.00137796887862,18.940054864347335
39.66472834295417,39799893917.68033,39682271125.71328,18.977377405446415,18.921292529460118,19.000647235545955,18.939625051683734
40.143109816371364,39865859455.06746,39679615976.116615,19.008831079703388,18.92002650156396,19.00047076194956,18.939175634290265
40.62726087005974,39814309672.64189,39676923423.347435,18.984251122825057,18.918742639094617,19.000375915923403,18.938706657399514
41.11725108877194,39817963303.58975,39674192888.028305,18.985993246398078,18.91744066579345,19.00001465142828,18.938218158585897
41.61315089649633,39812298375.344986,39671423792.29335,18.983292096452853,18.916120306122576,18.99965026990975,18.937710167997103
42.11503156657874,39818035538.34157,39668615495.10567,18.986027689357897,18.914781254422902,18.999295315292095,18.937182708179673
42.62296523196612,39815203907.72414,39665767393.07223,18.984677511816948,18.913423222984687,18.99896489155417,18.93663579411825
43.13702489557402,39843031256.69608,39662878880.80472,18.997946142751644,18.9120459231468,18.99878451891966,18.936069433614765
43.65728444077888,39834432231.343544,39659949305.15195,18.993845957214173,18.910649043473818,18.998715794781724,18.93548362717602
44.18381864203688,39807927243.91077,39656978020.81951,18.98120785444237,18.909232276276594,18.998449812591375,18.934878367962988
44.71670317563108,39815141083.00012,39653964375.02766,18.984647555744694,18.90779531029682,18.998082310322705,18.934253641966432
45.25601463054789,39753553420.647156,39650907687.90352,18.955281338980175,18.90633782135765,18.99741406263672,18.93360942798079
45.80183051948482,39833068466.96459,39647807283.04335,18.99319568735755,18.904859486936388,18.996867684545194,18.932945697642307
46.35422928999115,39816312631.170715,39644662497.373215,18.985206173107542,18.90335999086625,18.99668547810753,18.932262415693796
46.91329033574276,39792721486.65671,39641472605.59613,18.973957448329664,18.90183898731128,18.99627946288397,18.931559539869266
47.479094007952895,39768787559.04202,39638236824.574295,18.962545277782727,18.900296102855865,18.99561461669705,18.93083702038193
48.05172162692088,39827471053.91929,39634954470.45607,18.99052672999614,18.898731011426005,18.99516459707007,18.930094800341845
48.631255493719785,39839960297.08766,39631624845.14261,18.996481848409392,18.89714338015435,18.995125684255704,18.929332816400652
49.21777890202509,39832381757.05413,39628247149.6004,18.99286825047629,18.8955328280459,18.995114751322316,18.928550998251055
49.811376150086275,39790587810.52816,39624820610.967064,18.972940069307594,18.89389898658457,18.99482404553033,18.927749268373745
50.41213255284251,39793853176.24247,39621344453.65183,18.97449706033012,18.89224148595333,18.99432412947255,18.92692754233965
51.02013445418457,39806263946.307106,39617817870.64301,18.980414761213844,18.890559941353025,18.99392491137364,18.926085728779828
51.6354692393646,39838032636.78677,39614240038.158455,18.99556270181279,18.888853959988015,18.993785348246533,18.925223729278144
52.2582253475557,39849707588.999,39610610145.1462,19.001129550176262,18.887123155132674,18.993893796515653,18.92434143851642
52.8884922845628,39910826146.1405,39606927351.567,19.03027208828829,18.885367126239647,18.994412513218165,18.923438744344747
53.526360635686835,39769732739.4374,39603190766.74247,18.96299595850857,18.88358544861585,18.994460367743685,18.922515527492777
54.171922078744295,39786968700.89533,39599399512.45668,18.971214406181055,18.88177770351054,18.99381285800094,18.921571661524993
54.825269397243595,39862305945.549866,39595552688.07572,19.007136696010587,18.87994346148364,18.993705542607938,18.920607012953027
55.48649649372027,39856250736.354324,39591649391.13846,19.004249452380986,18.878082292223816,18.99398934367486,18.919621441266493
56.15569840323338,39816725966.50796,39587688738.72891,18.985403259579833,18.876193774739242,18.994007835796708,18.91861479920015
56.83297130702432,39814385522.045425,39583669783.02613,18.98428728932238,18.874277457090123,18.99379067907785,18.917586932634908
57.51841254634043,39848630119.949684,39579591551.060616,19.00061579160108,18.872332875345343,18.99376011191316,18.91653768025285
58.21212063642555,39815856641.89234,39575453057.49688,18.984988748391626,18.87035955967743,18.99373630930575,18.915466873496353
58.91419528067912,39788546021.86758,39571253288.49797,18.9719665040495,18.868357026668853,18.993373879131596,18.914374336508214
59.6247373849859,39806462120.425804,39566991243.71614,18.980509254557226,18.866324799334002,18.992968503213458,18.913259886221233
60.34384907221895,39765556700.868835,39562665901.22057,18.961004740639016,18.86426239039603,18.992440887947225,18.91212333248212
61.07163369691718,39772877809.038666,39558276200.81802,18.96449558996269,18.862169294333807,18.991737709457688,18.91096447788076
61.808195860139854,39847628964.73204,39553821062.91824,19.00013842097175,18.860044996377326,18.991517046982793,18.909783117597144
62.553641424500675,39976245335.36076,39549299398.6614,19.06146525292232,18.857888977336664,18.992452128560707,18.9085790394153
63.308077529382736,39793781349.87462,39544710101.514534,18.974462812095858,18.855700709595,18.99305037350943,18.907352023746096
64.07161260633724,39771184889.087524,39540052029.54465,18.963688372212403,18.853479648656062,18.99248160297487,18.906101843501492
64.84435639466776,39799057553.18412,39535324016.59631,18.97697861029571,18.851225238473866,18.99195781825639,18.904828263935865
65.62641995720267,39759638520.79989,39530524876.234505,18.958182835209968,18.848936913332697,18.991378946614507,18.903531042576166
66.41791569625771,39791017894.12823,39525653437.55366,18.973145141683194,18.846614114921596,18.99077077564687,18.902209929379396
67.21895736979077,39797375451.98022,39520708481.73836,18.9761765511383,18.844256262085246,18.990389317837824,18.9008646667269
68.02966010775216,39731968499.686386,39515688734.693954,18.94498922131306,18.841862747310092,18.989680935627735,18.899494989020752
68.85014042863149,39791228470.05449,39510592927.70757,18.973245548453963,18.83943296564872,18.988958836782444,18.898100622593017
69.68051625620426,39804355536.77002,39505419757.35652,18.979504793762565,18.836966295603375,18.98866115166528,18.89668128572992
70.52090693648064,39785824780.6891,39500167893.985344,18.97066896237861,18.83446210316802,18.98833892542837,18.895236688518544
71.37143325485853,39788151280.36893,39494836023.557144,18.971778283487584,18.831919761783837,18.987933512047018,18.89376653298253
72.23221745348323,39775299322.01892,39489422792.21095,18.965650215294446,18.82933862590312,18.98747773818367,18.892270513134527
73.10338324881701,39849001002.95088,39483926779.16778,19.000792635959048,18.826718018070313,18.987379393853104,18.89074831456215
73.98505584942022,39899704690.541046,39478346557.977066,19.02496915806829,18.82405725812555,18.987985286791673,18.889199614219642
74.87736197394675,39873760245.53362,39472680687.02578,19.0125983330229,18.82135565867919,18.98871407899836,18.887624080514424
75.78042986935695,39775789654.37912,39466927674.377426,18.965884015471723,18.81861250834638,18.98872324981893,18.886021373138494
76.69438932934987,39669833091.990204,39461085994.20592,18.91536182872426,18.81582707958303,18.987580079570503,18.884391142799803
77.61937171301778,39749612685.89993,39455154126.39708,18.953402318631337,18.8129986475686,18.986322424707126,18.882733031277287
78.55550996372601,39745609391.04919,39449130508.371216,18.951493468386534,18.810126467234166,18.98551974089206,18.88104667142321
79.50293862822011,39844628434.25959,39443013520.231705,18.998707708635937,18.807209766180936,18.98527624503029,18.879331686810485
80.4617938759637,39754290047.515335,39436801543.84131,18.955632577255162,18.804247772849042,18.98508113835883,18.877587691640777
81.43221351870939,39806788257.20573,39430492920.39005,18.980664763030973,18.801239696285045,18.984681755322125,18.87581429074524
82.41433703030589,39742013082.384,39424085935.2161,18.949778677212798,18.798184718904235,18.984218519151845,18.87401107926081
83.40830556674398,39700519002.61769,39417578866.01581,18.929993478452076,18.79508201947813,18.983166799395033,18.87217764250292
84.41426198644395,39750747628.24529,39410969962.340256,18.95394348161197,18.791930763358035,18.982192438070438,18.87031355599529
85.4323508707883,39768667256.42301,39404257422.27995,18.96248791511215,18.78873009135783,18.98162499290008,18.868418385251527
86.46271854490156,39743449805.89522,39397439406.08311,18.95046373542818,18.78547912624743,18.98102831031333,18.86649168550831
87.50551309868081,39716594597.69237,39390514045.42497,18.937658640459297,18.782176977172607,18.980151583776443,18.86453300159405
88.56088440808018,39718514221.397896,39383479430.53459,18.938573955048117,18.778822733516762,18.979155757606375,18.86254186777955
89.62898415665175,39694903828.6806,39376333581.47284,18.927316052345823,18.775415451205717,18.978060142753847,18.86051780739671
90.70996585734608,39714516804.21944,39369074497.47075,18.93666790739383,18.771954176233212,18.976969369559903,18.858460332585413
91.80398487457624,39606164511.10402,39361700207.025375,18.885003388803657,18.76843796854762,18.975398874823803,18.856368944607972
92.91119844654749,39701025315.95795,39354208680.79329,18.930234898677046,18.764865860517805,18.973796263398903,18.854243133942543
94.03176570785615,39765753855.880974,39346597786.32441,18.961098748052212,18.76123683534935,18.973132018143477,18.85208237962797
95.16584771236167,39663440799.34704,39338865348.38489,18.912313857033023,18.7575498558477,18.972265563710977,18.849886148712798
96.31360745633391,39661919644.130135,39331009172.64459,18.911588540108735,18.75380387571279,18.97083655694451,18.847653896190668
97.47520990187972,39745304624.593994,39323027030.236946,18.951348149706725,18.749997832176913,18.969906676719244,18.84538506498242
98.65082200065248,39732701435.79853,39314916642.50337,18.945338699762505,18.74613063873055,18.969395377975925,18.843079085745295
99.84061271784705,39762129612.47046,39306675670.88851,18.95937063703883,18.742201180304196,18.96899264942109,18.84073537654357
101.04475305648423,39765665684.85339,39298301737.16521,18.96105670636059,18.73820832291206,18.968784779447223,18.838353342585247
102.26341608198875,39618921393.755264,39289792422.51255,18.891086123021253,18.73415091321245,18.96776785503529,18.835932376073156
103.49677694706244,39765440584.63117,39281145252.337456,18.96094937411795,18.73002777127038,18.966783681014952,18.83347185596831
104.74501291685849,39703164623.0085,39272357703.44767,18.931254962634213,18.72583769397783,18.966291590474224,18.83097114771432
106.00830339445916,39769150424.37172,39263427199.03508,18.962718299156183,18.72157945266168,18.965836455522705,18.828429602980144
107.28682994666,39674961537.24287,39254351100.38148,18.917807172957197,18.717251789128838,18.96522737936376,18.825846559333595
108.58077633006585,39619583386.14679,39245126713.89224,18.89140177410011,18.712853419020064,18.963789239269232,18.823221339916035
109.89032851750162,39665529330.86025,39235751313.43257,18.913309710208697,18.70838304246031,18.962335325366013,18.82055325329115
111.21567472474072,39710711944.34343,39226222107.40225,18.934853674873732,18.70383932835932,18.96143055809227,18.81784159323563
112.5570054375567,39744510643.66467,39216536232.79848,18.95096956387985,18.699220911580674,18.96099295561692,18.815085638316223
113.91451343910114,39661633105.82688,39206690778.65947,18.911451912972662,18.694526404120168,18.960284555584806,18.812284651576686
115.28839383761098,39646250652.62565,39196682773.10293,18.904117254733993,18.689754388925476,18.95904021648021,18.809437880290123
116.67884409445062,39605763841.26918,39186509168.43408,18.88481234149367,18.684903412795393,18.95750893846835,18.806544555559793
118.08606405249265,39662874390.013435,39176166861.42966,18.912043781848602,18.679971996051624,18.956111140353475,18.803603891961036
119.51025596483952,39807228409.70273,39165652712.09884,18.980874636455983,18.674958641484373,18.95588735624976,18.80061508741216
120.95162452389278,39716834413.949425,39154963481.25461,18.93777298959871,18.66986180458515,18.955965711574546,18.797577322798993
122.410376890773,39854032251.09448,39144095846.7569,19.003191634686004,18.664679901291787,18.956314280958455,18.7944897613501
123.88672272509324,39607457135.77774,39133046471.348465,18.885619737840354,18.65941134033396,18.95602379669391,18.79135154850351
125.38087421509283,39691756538.41304,39121811924.8351,18.925815362034044,18.65405448612716,18.95483480580835,18.78816181171521
126.89304610813464,39691198378.52855,39110388675.685745,18.925549220350288,18.648607654767456,18.954144111660455,18.78491965978759
128.42345574156886,39582505561.38428,39098773147.02166,18.873722333161233,18.643069140728244,18.952849031610505,18.78162418248473
129.97232307397022,39625684961.43366,39086961676.95051,18.894311126000048,18.637437197946763,18.95121973310858,18.778274450245767
131.53987071675215,39638513799.46713,39074950516.65756,18.900428169968507,18.63171003891393,18.94994436255635,18.77486951367156
133.12632396616075,39618404768.16237,39062735846.95046,18.890839785710053,18.625885842563207,18.948656971499066,18.771408403106726
134.731910835656,39481198689.793846,39050313775.68811,18.825417211044243,18.61996275304466,18.946507544524735,18.767890128309922
136.3568620886835,39567184668.747986,39037680327.23151,18.86641702821875,18.613938874694906,18.944127288560246,18.76431367805754
138.00141127184006,39648052402.74076,39024831429.891815,18.90497636486116,18.607812266052093,18.94274570120728,18.760678019626223
139.66579474844085,39571263707.052475,39011762924.45118,18.868361994441916,18.601580943918798,18.941414548192764,18.756982098265624
141.35025173249107,39542470173.15831,38998470562.60074,18.854632667407117,18.595242882617242,18.93952019140681,18.75322483672258
143.05502432306622,39597825379.772385,38984950010.05606,18.881027125880916,18.588796015474802,18.937823594180283,18.74940513478554
144.78035753910876,39524235564.25339,38971196847.924835,18.845938044860002,18.582238235476133,18.936059831076953,18.745521868864984
146.5264993546428,39613350364.14935,38957206548.30937,18.888429745806103,18.575567383629966,18.93443105405799,18.741573891452862
148.2937007344144,39449814020.848816,38942974481.31211,18.810452379516132,18.568781252309485,18.932411952159946,18.737560030497736
150.0822156699622,39535644862.461464,38928495931.52764,18.851378224134695,18.56187759311603,18.93001022084022,18.733479088927634
151.8923012161215,39571833443.53314,38913766076.08525,18.86863365607593,18.554854106409355,18.928352919375588,18.729329844152126
153.72421752796987,39536483022.6209,38898779980.88528,18.851777875493184,18.547708439513052,18.926737194467115,18.725111047431533
155.57822789821867,39403573049.981476,38883532611.64118,18.788403769096245,18.540438191979632,18.92420605106959,18.72082142330264
157.45459879505376,39428608154.72636,38868018824.295395,18.800341002700716,18.5330409110206,18.92113090677605,18.716459669025628
159.35359990043426,39455713099.182724,38852233356.276054,18.813265176859723,18.525514087337495,18.91842319385804,18.7120244539405
161.2755041488532,39553042859.62323,38836170828.179886,18.859673933638863,18.517855155924334,18.91648486078647,18.707514418799374
163.22058776656405,39523160913.69513,38819825747.78876,18.84542563019716,18.510061497982772,18.91496911261442,18.702928175146756
165.189130311282,39362837636.4833,38803192500.675674,18.768980317432764,18.50213043644286,18.912410511803703,18.698264304683708
167.1814147123639,39506928196.39132,38786265344.383705,18.837685549200273,18.494059233187446,18.909831147237824,18.693521358561252
169.1977273114714,39464924891.63307,38769038417.098335,18.81765754188141,18.4858450931873,18.907883217105432,18.688697856707144
171.23835790372596,39286853441.44591,38751505734.41098,18.732749548851917,18.47748516295794,18.904733769204324,18.683792287198834
173.30359977936027,39378220854.70813,38733661170.434906,18.776315340449827,18.468976521555273,18.901178324430596,18.678803105525862
175.3937497658705,39473581134.49643,38715498449.26384,18.82178500986087,18.460316176502946,18.898761954410705,18.673728733715144
177.5091082706783,39331406690.34221,38697011168.476166,18.75399342002134,18.451501074999566,18.896130367138298,18.668567559562607
179.64997932430765,39340134503.8387,38678192793.90625,18.75815501429568,18.44252810142559,18.892812481763706,18.663317935985248
181.81667062408056,39396452838.41023,38659036630.77639,18.785008711248263,18.433394063578465,18.88994221819478,18.657978180195165
184.00949357834142,39393065349.404625,38639535830.37919,18.783393489422565,18.424095695858906,18.887436907160062,18.652546572769072
186.22876335121506,39372451956.03766,38619683396.46617,18.773564615347148,18.41462966231713,18.884854802649517,18.647021356813624
188.4747989079024,39301808709.63756,38599472180.509705,18.739880516820314,18.40499255439362,18.881816728844463,18.641400737159543
190.74792306052458,39348176787.22654,38578894871.932076,18.761989734241627,18.395180886260192,18.878717479295265,18.63568287949263
193.04846251451977,39319499898.973236,38557943981.071594,18.748316026157823,18.38519108669786,18.875789041860433,18.629865909353793
195.37674791559772,39284053157.76687,38536611849.60195,18.73141431815182,18.37501950406502,18.872567561975263,18.62394791112624
197.73311389726268,39368640741.87308,38514890669.45111,18.771747352976455,18.364662415318328,18.86970403377557,18.61792692721277
200.11789912890913,39314535378.10323,38492772443.02841,18.74594884431603,18.354116007048226,18.8670758264,18.61180095711273
202.53144636449608,39180066834.92926,38470248977.64974,18.681831580630572,18.343376372820718,18.863442032297783,18.605567956265837
204.97410249181,39180175437.686584,38447311912.11186,18.68188336457546,18.33243952584856,18.85913997274472,18.59922583504312
207.44621858232193,39302190854.90748,38423952682.08936,18.740062731250987,18.321301382491832,18.85563376419712,18.592772457714357
209.94814994164432,39293742193.759056,38400162516.856865,18.736034242343052,18.30995776069503,18.85284767246641,18.58620564122705
212.48025616059775,39249152804.20737,38375932458.654274,18.714773138593603,18.298404389220785,18.84982678675443,18.579523154105974
215.04290116689413,39233049034.76608,38351253342.52501,18.707094542490566,18.286636898036345,18.84653561903134,18.572722715372937
217.63645327744084,39222698603.85026,38326115800.143906,18.702159252104998,18.274650820138795,18.84317319698023,18.565801993400733
220.26128525127794,39160379409.582855,38300510240.48064,18.67244422644031,18.26244158233498,18.839478213206064,18.558758604705833
222.91777434315375,39151901558.42638,38274426833.10792,18.668401819158607,18.250004497282546,18.83547270612402,18.551590112566245
225.60630235774448,39107117103.820854,38247855529.89165,18.64704770452946,18.23733477383221,18.83126002290419,18.544294025701706
228.32725570452996,39220406852.209015,38220786048.90256,18.701066499548787,18.22442750935653,18.827539440010725,18.53686779701547
231.08102545333108,39022488046.43031,38193207864.620834,18.606694894421743,18.211277685079267,18.82341845258828,18.529308822219907
233.86800739051486,39221116408.39868,38165110220.318695,18.7014048299883,18.197880171979644,18.819412532535075,18.52161443851006
236.68860207588085,39137165595.8956,38136482096.76262,18.661375420471277,18.184229715868955,18.816139692326338,18.5137819231603
239.54321490022994,39045118653.02751,38107312203.68784,18.6174856157035,18.170320933325424,18.8119500192528,18.50580849193004
242.4322561436301,39162664112.19159,38077588988.0916,18.673533617878256,18.156148315648604,18.808010727972935,18.497691297506503
245.35614103438468,39152366136.67186,38047300612.2341,18.66862333926409,18.141706218369787,18.804766209234547,18.489427427905948
248.31528980870976,39101170358.582634,38016434974.12956,18.64421217866215,18.126988871022547,18.801249835579327,18.48101390490567
251.31012777113347,39100415621.78998,37984979710.93243,18.64385230521662,18.11199037875736,18.797525043835304,18.472447682647438
254.3410853556237,39042224697.777275,37952922142.89743,18.616105720543683,18.096704695620634,18.7935536082967,18.46372564597464
257.408598187451,38952523960.74449,37920249268.764755,18.573334633169964,18.081125622354286,18.788839851406706,18.454844608467923
260.5131071457995,38913985932.935455,37886947782.84305,18.554958938508406,18.06524681454124,18.783515165724886,18.445801310598526
263.6550584271334,38963469366.65793,37853004060.29113,18.578553619414116,18.04906177558747,18.77838143509969,18.43659241793772
266.8349036093247,38944512251.43288,37818404153.562546,18.56951449154889,18.032563855026687,18.773539438088683,18.427214519305718
270.05309971655794,38996652739.153496,37783133770.41429,18.594376108407086,18.015746238034453,18.769001995360835,18.417664124819595
273.31010928501604,38858969148.98862,37747178269.20195,18.52872584666267,17.998601943184823,18.764082447860318,18.407937663837245
276.6064004293574,38846468341.7377,37710522663.895676,18.52276521426591,17.981123824842072,18.75843539645533,18.398031482952113
279.9424469099964,38920532825.02927,37673151596.916115,18.55808062627858,17.963304560208297,18.753272798298394,18.38794184390926
283.3187282011958,38825114293.93238,37635049329.45662,18.512583181490303,17.94513664470888,18.748106157822402,18.377664921363294
286.7357295599775,38928843824.75865,37596199735.992004,18.562043475496402,17.926612389374153,18.743115610396874,18.367196800603885
290.1939420958668,38788557675.622406,37556586290.66923,18.495152262107197,17.907723914350193,18.738028551446483,18.356533475226986
293.69386284147885,38610231487.895676,37516192067.690445,18.410122805175373,17.88846314908148,18.73126108980049,18.34567084478702
297.2359948239523,38687034052.253586,37474999723.801254,18.446743788450874,17.868821823960943,18.724089157684695,18.334604712407323
300.8208471372484,38571637549.80928,37432991472.17382,18.391720451386618,17.84879145787691,18.716862641806948,18.32333078220048
304.44893501532135,38586798178.04437,37390149085.345566,18.39894933908959,17.828363359614347,18.709245587297534,18.311844656619844
308.1207799061689,38461563100.046555,37346453884.43345,18.339234774410578,17.807528622712006,18.701182501223467,18.300141833829002
311.836909546778,38633699674.58823,37301886706.43517,18.421312901229577,17.78627810987098,18.693585428667372,18.288217704887234
315.5978580389755,38587372062.039536,37256427907.620705,18.39922297834063,17.764602454571882,18.686871561734254,18.276067550837308
319.4041659261899,38360108691.319885,37210057364.17759,18.29085930366599,17.7424920613825,18.678765292738643,18.263686539884993
323.2563802711419,38365342968.796074,37162754441.86596,18.29335511079844,17.719937091488735,18.66960484784725,18.251069724476597
327.15505473447257,38495850283.62146,37114497955.78486,18.35558358238018,17.69692744351038,18.66143238868982,18.238212038046726
331.100749654316,38312761959.27678,37065266184.59441,18.26828344442488,17.673452760282526,18.653145935923433,18.225108291698064
335.0940321268354,38584773186.283806,37015036858.30848,18.39798378292598,17.649502423034868,18.64557348076912,18.21175317097026
339.13547608772984,38527743865.76482,36963787110.82769,18.37079107379707,17.625065528758505,18.639383584848446,18.198141232347105
343.2256623947215,38150922085.25369,36911493485.85196,18.191114988274258,17.600130893025156,18.63087896536013,18.18426689961361
347.36517891104063,37900984251.35683,36858131946.03875,18.071939680632205,17.574687054353987,18.6190399692609,18.17012446038456
351.5546205899174,38392718860.51982,36803677812.4671,18.306408477978934,17.54872224534688,18.6088723256823,18.15570806242279
355.79458956008955,37940293892.280235,36748105743.013176,18.09068329570362,17.52222438237744,18.59913564007953,18.141011709581928
360.08569521234466,38188770992.52392,36691389744.71952,18.20916209661923,17.495181071488936,18.588501394147382,18.126029257794105
364.428554287106,38198434772.64731,36633503118.81235,18.213769978312186,17.46757958217742,18.579569078895705,18.110754410909824
368.82379096307136,37987966487.38652,36574418454.39485,18.113414532904912,17.4394068443846,18.569706717546357,18.09518071629177
373.2720369469261,38218994763.81385,36514107628.74286,18.22357338916115,17.41064944863879,18.560209091199205,18.07930156047933
377.7739315641329,38064406223.35547,36452541751.11996,18.14986251242103,17.381293619264877,18.55135518365202,18.06311016463821
382.3301218508199,38205850249.777336,36389691136.72424,18.217305824624468,17.351325201961586,18.542646818942963,18.046599579654387
386.94126264677766,38095712978.78671,36325525306.51676,18.164790193243185,17.320729663719707,18.53431308488239,18.029762681197013
391.60801668957356,38101774298.37943,36260012948.33711,18.16768035043114,17.289492074281217,18.525592867903004,18.01259216467644
396.33105470980524,37786220215.54532,36193121894.082436,18.017217916180474,17.257597095257786,18.51532023378812,17.995080539973628
401.11105552750286,37788706851.41064,36124819099.27377,18.018403593393174,17.22502897038761,18.503533427948962,17.97722012605022
405.94870614969005,37717160988.44637,36055070591.70961,17.98428910941793,17.1917715010524,18.491633294919115,17.95900304527987
410.84470186912574,37751840943.85901,35983841446.22957,18.00082519877613,17.157808034244223,18.479810462032784,17.9404212174821
415.7997463642362,37541037261.11206,35911095778.92622,17.900309829207025,17.123121459805557,18.467264612101932,17.921466353923012
420.81455180024926,37704732826.09631,35836796673.315155,17.97836311554817,17.087694175225735,18.454762591827098,17.902129951006067
425.88983893155137,37712880674.794846,35760906149.81418,17.982248171124308,17.051508071088026,18.44352213336931,17.882403283524415
431.02633720527984,37487205654.346924,35683385194.439316,17.87464185330647,17.014544544752447,18.431311393730486,17.862277398064773
436.22478486616023,37467120176.765976,35604193662.5517,17.865064699929864,16.976784454460365,18.41800876596697,17.841743106181802
441.48592906261183,37403604376.04976,35523290228.00539,17.83477910861915,16.938208095087205,18.404547620950957,17.820790976904767
446.81052595413337,37389214767.28878,35440632359.58948,17.827917858266606,16.898795186909535,18.390967020245622,17.799411329002407
452.1993408199794,37152690174.38525,35356176278.558525,17.715138249494686,16.858524855354773,18.37628339436462,17.77759422305746
457.65314816915196,37100897458.211006,35269876957.81185,17.69044245699522,16.81737563060984,18.36032538520646,17.75532945348581
463.17273185171797,37200074090.939285,35181688007.052246,17.73773183904681,16.77532539286255,18.3450182025343,17.732606540087666
468.7588851714661,36902941058.64116,35091561653.23856,17.596052926404248,16.732351362981046,18.328942128022295,17.7094147190429
474.41241099992544,37118488137.05394,34999448706.75182,17.69883004093981,16.688430086381107,18.312803455786398,17.685742933817863
480.1341218917604,36811786599.80902,34905298451.82277,17.55258867569482,16.64353738077985,18.296514582761933,17.661579825474977
485.9248402015522,40663936462.879265,34809058605.611015,19.38936999790201,16.59764831668385,18.300778388037585,17.63691372236423
491.7853982019932,36892323160.96628,34710675307.7707,17.590990102572473,16.550737212413825,18.30513795617434,17.611732629769854
497.7166382035078,36328100434.85672,34610093066.024414,17.32195753589635,16.502777608153245,18.285012480782285,17.586024219434417
503.71941267531,36816560968.86888,34507254602.092514,17.55486518938878,16.45374219248433,18.264971522899444,17.559775818150115
509.79458436792675,36354208319.25517,34402100808.421104,17.33440629207927,16.40360278175514,18.24552064597071,17.532974395509438
515.9430264371982,36070667401.35593,34294570760.260624,17.199208368688062,16.352330325838853,18.22232357586515,17.505606551771667
522.1656225697697,36134386398.17797,34184601593.142696,17.229590847925053,16.299894849712306,18.198446210377707,17.477658505388554
528.4632671101007,36448269739.09034,34072128362.293156,17.37925663934894,16.246265386421364,18.177275845175057,17.44911607933869
534.8368651890073,36212631462.23527,33957083972.793034,17.266899643616817,16.19140994378027,18.157030394629768,17.419964686599528
541.2873328537482,35813305908.67726,33839399144.11424,17.076493313560178,16.135295487461566,18.13367255050663,17.39018931536994
547.8155971996863,36056562109.958755,33719002324.58309,17.192482686483693,16.07788790021061,18.110008316077952,17.359774513957774
554.4225965035367,36169628156.41744,33595819516.169712,17.246394815994044,16.019151898301693,18.088912957191475,17.328704374549567
561.1092803582181,35783128206.00791,33469774238.95547,17.06210398744865,15.959051014595413,18.066756018842042,17.296962516179182
567.8766098093348,35695334133.60675,33340787380.36224,17.02024203552074,15.897547526648193,18.042455149287196,17.264532067043756
574.7255574933044,35429279394.15642,33208776944.0634,16.893381868217286,15.834602336988082,18.016725310924514,17.231395644965353
581.6571077771479,35451213215.56517,33073658146.468723,16.903840348525762,15.770175019120654,17.990235926816215,17.19753533745402
588.6722568999686,34840396332.75029,32935343470.58151,16.61259076542959,15.704223843209162,17.961026478565543,17.162932683090947
595.7720131161401,35317013322.73829,32793742051.137413,16.839851182644725,15.636705482896552,17.931787862948628,17.12756865016127
602.9573968402125,35667944320.47438,32648759586.289963,17.00718203033699,15.567574973195377,17.907911993758,17.09142361183919
610.229440793577,34466012928.535995,32500298477.86877,16.43407734600175,15.49678577736568,17.879742456845662,17.054477322262056
617.5891901528903,35115785581.016815,32348257402.318874,16.74390181134759,15.424289582330381,17.849184210374062,17.016708891520864
625.0377027002941,34662085922.20511,32192531250.725616,16.527568831370296,15.350036270077954,17.820420073292773,16.978096758493464
632.5760489754474,34681925045.95291,32033010963.402782,16.537028518361776,15.273973838790772,17.78990284350462,16.93861866304472
640.2053124293863,34507790007.01836,31869583214.051243,16.453997484153287,15.196048252245701,17.75923053564188,16.898251616162025
647.9265895802449,33922859983.056934,31702130254.142433,16.175091267884163,15.116203365613053,17.724983530645705,16.856971868140697
655.7409901708554,34188213599.086357,31530529551.35457,16.301617125659206,15.034380753055824,17.689771604997254,16.814754874595042
663.6496373282415,33310733474.374016,31354653649.269127,15.88321722924524,14.950519640830194,17.651897710553733,16.77157526044737
671.6536677250424,33372779327.6196,31174370089.065247,15.912801920498936,14.864556869947865,17.610347062104367,16.7274067835375
679.7542317428836,33751405963.102757,30989540699.495663,16.093338596606163,14.776426557622534,17.572280617063807,16.682222294620285
687.9524936377117,33655510532.45072,30800021323.65027,16.047613756668007,14.68605996698534,17.53669693510077,16.635993692771844
696.249631707129,33301501963.761127,30605661839.091583,15.878815462213261,14.593385516685872,17.499406336756625,16.588691880432627
704.6468384597479,32289548539.682053,30406305594.40531,15.396296034266964,14.498328512228298,17.455261501960106,16.540286716426976
713.145320786579,34144296547.67764,30201788970.678932,16.280676606047734,14.40081093687569,17.417020000665648,16.49074696444053
721.746300134495,32567016421.743805,29991940897.33477,15.52859821393274,14.30075122078964,17.381135547860847,16.440040237505027
730.451012681785,33531762848.5754,29776582317.281998,15.988608410955049,14.198063986004149,17.342727518705786,16.38813293804088
739.2607095158205,32289450874.85265,29555525785.3456,15.39624946574267,14.0926598549486,17.30358693033687,16.33499019403561
748.176656812871,32678529444.203396,29328574943.60197,15.581769830852492,13.98444520027739,17.260609519795338,16.28057579149833
757.2001360200866,32083093074.634956,29095523849.072918,15.297853980986133,13.873321824301115,17.217451405545827,16.224852101748695
766.3324440396711,35565210793.99492,28856156124.830776,16.958196650923025,13.75918655421669,17.191758846298686,16.167780001830188
775.5748934152812,47890866574.82231,28610244711.881893,22.835313358977224,13.64193112380047,17.2562623589791,16.109318790632994
784.9288125206746,32038028532.20841,28357550683.537834,15.276366314938551,13.521441608076975,17.29836083781092,16.049426098874033
794.3955457506266,31064466211.03911,28097822296.19376,14.812152524952925,13.397597970711224,17.244924178608237,15.98805778915933
803.9764537141556,31110324793.278885,27830794004.17495,14.834018804904398,13.270273594268062,17.187548042111114,15.925167847486833
813.6729134300795,29735583536.971886,27556185370.790028,14.178514955830419,13.139334760980757,17.123977147391134,15.860708265600934
823.4863185249237,30849034643.016975,27273700377.734753,14.709430488058576,13.004640323461079,17.060520744050663,15.794628916096233
833.4180794332223,29094307363.342785,26983025430.15704,13.872741779820172,12.866040753474783,16.994848471096077,15.726877415267321
843.4696236002361,30416094344.39784,26683827754.91807,14.502995982029097,12.723377378200817,16.928390852503675,15.657398968905865
853.6423956871075,28788956393.382877,26375754007.16055,13.727144391796129,12.576481715815454,16.861683160161537,15.586136204840388
863.9378577784973,28795083285.610306,26058429496.59219,13.730065815314566,12.425175106568963,16.787455140670005,15.513028997223516
874.3574895927261,28988554577.0745,25731454440.686424,13.822316757561527,12.269266926237503,16.716119460618707,15.438014269348109
884.9027886944416,28900592731.807846,25394401237.271965,13.780374808209666,12.108553285639847,16.64706027701623,15.361025764600896
895.5752707098593,28881316925.7245,25046813405.689934,13.771183722233546,11.942816525760126,16.579033838032164,15.281993801512968
906.3764695445994,27844806029.396477,24688201578.33604,13.276954805313336,11.77182330643578,16.506621165959764,15.200845005891775
917.307937604142,27990525064.34897,24318040042.39456,13.346436526223712,11.59532295738785,16.430932596029706,15.11750200714335
928.3712460169497,26724420895.81181,23935763056.768642,12.742732991469694,11.413045722060428,16.350661087945163,15.031883101444745
939.5679848602816,29403504518.12838,23540759288.881275,14.0201731049185,11.224700104977213,16.28040594127173,14.94390187060657
950.8997633887208,25960878332.470314,23132367130.447807,12.378660780131044,11.029970638209114,16.20729523969108,14.85346675211415
962.368210265473,25854201296.946056,22709868732.395287,12.327795057528233,10.828515037105682,16.115981874835306,14.760480559160513
973.9749737964391,26294253664.60495,22272482012.800056,12.53762073888547,10.61996038952152,16.028733420723967,14.664839933147288
985.7217221671224,25713000730.667778,21819349741.01581,12.260467831941451,10.403897950912432,15.942719908881111,14.566434702258963
997.6101436823909,24514444057.15018,21349529608.888947,11.688972280164222,10.179878410094323,15.848670310439102,14.465147137529
1009.6419470091245,22901135343.641457,20861992070.66588,10.919714744174923,9.947410859268231,15.740952452775,14.360851158511919
1021.8188614217956,24461473359.388897,20355596680.18184,11.663714802721572,9.705951511123462,15.635594877307732,14.253411411189346
1034.1426370510137,22262182220.019398,19829066527.187172,10.615049244401366,9.45489150957184,15.528997085385933,14.142682089608938
1046.6150451350566,20492001154.607815,19280975633.689537,9.770991865158763,9.193550920074129,15.402518317363242,14.028505570296995
1059.2378782744452,21101038574.423225,18709722425.041565,10.061392965065766,8.921166080129394,15.272558057283765,13.910710857517959
1072.0129506895892,19341363852.689487,18113498676.005775,9.22234521850053,8.636874792143926,15.139097379899843,13.789111739966826
1084.9420984815295,19554026663.926228,17490239733.27379,9.323747057341865,8.33969258854287,15.000127326735146,13.66350453393423
1098.027179895836,20614483416.56196,16837561481.125116,9.829393832646018,8.02848267574835,14.871669460891193,13.533665242289612
1111.270075589688,20297984369.213043,16152710988.498241,9.67848082060564,7.701932401725822,14.750410510838698,13.399346146432904
1124.6726889021647,19305194373.124107,15432451643.703749,9.205098894535686,7.358498485941121,14.62460617279354,13.260271549207907
1138.2369461278074,17305789381.270428,14672927249.10553,8.251743008833559,6.996342217013717,14.484847297318982,13.116132201519171
1151.9647967934795,16058803744.488281,13869505527.73206,7.657155568542086,6.6132548335706005,14.330088260564207,12.966578208722973
1165.8582139385567,13846867335.545135,13016517319.74477,6.602460495329477,6.206533167958843,14.15942584449709,12.811209744504895
1179.919194398505,14862952892.3616,12106876088.308352,7.086950205975747,5.772798219111269,13.986161425480837,12.649564358431551
1194.1497590918812,12929616505.863918,11131496070.20118,6.165097139378757,5.30771771523766,13.811721131158487,12.481099141731741
1208.5519533107824,10447545363.367298,10078429158.49561,4.981596476895803,4.805594562398128,13.616455261948428,12.305165144391252
1223.1278470148095,16383777059.68943,8931383043.70278,7.812109279273754,4.25866026486211,13.445610943547889,12.120969132140345
1237.879535128577,8991108664.371525,7667003344.236124,4.287138623285618,3.6557789911031233,13.27013647891475,11.927512486072494
1252.8091378427982,15755002642.970592,6249487298.696632,7.512297188476646,2.979879275638586,13.09574707737538,11.723485684206672
1267.918800919016,10633832661.74643,4615928787.887907,5.070421949006203,2.2009662353773214,12.934365569951984,11.507051768817874
1283.210695998004,7310273192.157194,2642997198.3487287,3.485682991804573,1.2602333920372588,12.729169492640786,11.27536332559717
1298.6870209118815,0.0,0.0,0.0,0.0,12.46863621307572,11.02306889497652
1314.35,0.0,0.0,0.0,0.0,12.173231904079449,10.761912663108594
