R_kpc,Sigma_bar,Sigma_eff,kappa_bar,kappa_eff,kappa_bar_mean,kappa_eff_mean
8.540000000000001,14085332092.286589,14657888653.624231,5.187637671655204,5.398510654080309,0.0,0.0
8.597833451484032,14085982033.136374,14660294515.259563,5.187877045325246,5.399396734605103,0.06955633047325539,0.07238801975085205
8.656058554971644,14086641605.420916,14662703157.820902,5.188119966259452,5.400283839346893,0.13818329809034766,0.14381736390398495
8.714677962756408,14087310964.834644,14665114370.539732,5.188366491800191,5.401171890679487,0.2058934114934623,0.21430089938412583
8.773694345093414,14087990270.006104,14667527941.435219,5.188616680370466,5.402060810530195,0.27269901238773586,0.2838513195552769
8.833110390320895,14088679682.56712,14669943657.274235,5.188870591499391,5.402950520365105,0.3386122777941607,0.35248114654168317
8.89292880498269,14089379367.22406,14672361303.535078,5.1891282858484375,5.403840941175726,0.40364522227264354,0.4202027335175062
8.953152313951529,14090089491.83128,14674780664.37041,5.189389825238481,5.404731993465333,0.4678097001156093,0.4870282669656119
9.013783660553177,14090810227.466833,14677201522.56954,5.18965527267769,5.405623597235074,0.5311174075125824,0.552969768905909
9.07482560669137,14091541748.51053,14679623659.519897,5.18992469239027,5.406515671969788,0.593579884686082,0.6180390990935775
9.136280932973644,14092284232.724434,14682046855.16773,5.190198149846112,5.407408136623523,0.655208517999314,0.6822479571876762
9.198152438838003,14093037861.335926,14684470887.978037,5.19047571179139,5.408300909604784,0.7160145420359934,0.7456078848904636
9.260442942680424,14093802819.12338,14686895534.893625,5.190757446280107,5.409193908761449,0.7760090416526845,0.8081302680578207
9.323155281983253,14094579294.50461,14689320571.29335,5.191043422706675,5.410087051365395,0.8352029540040705,0.8698263387811919
9.386292313444455,14095367479.628155,14691745770.949455,5.191333711839537,5.41098025409678,0.893607070541505,0.9307071774413959
9.44985691310775,14096167570.467548,14694170905.983976,5.191628385855881,5.411873433027991,0.9512320389852302,0.990783714734689
9.513851976493612,14096979766.91869,14696595746.82428,5.191927518377509,5.412766503607265,1.0080883652706156,1.0500667336714395
9.578280418731175,14097804272.900436,14699020062.157547,5.192231184507877,5.4136593806419295,1.0641864154687994,1.1085668715477894
9.643145174691028,14098641296.458542,14701443618.884296,5.192539460870382,5.414551978281283,1.1195364176820874,1.1662946218906556
9.708449199118894,14099491049.873108,14703866182.07087,5.192852425647935,5.415444209999093,1.1741484639144435,1.2232603363764054
9.77419546677023,14100353749.769678,14706287514.900822,5.193170158623874,5.416335988575699,1.2280325119174573,1.2794742267235875
9.840386972545746,14101229617.23413,14708707378.625248,5.193492741224285,5.41722722607971,1.281198387012119,1.334946366560039
9.907026731627811,14102118877.931543,14711125532.511919,5.1938202565617715,5.41811783384928,1.3336557838867285,1.389686693264698
9.97411777961781,14103021762.229187,14713541733.793245,5.194152789480762,5.419007722472934,1.385414268371312,1.4437050097844775
10.041663172674433,14103938505.323845,14715955737.613039,5.194490426604397,5.419896801769966,1.4364832791888702,1.4970109864265302
10.109665987652873,14104869347.373638,14718367296.971989,5.194833256383079,5.4207849807703585,1.4868721296837633,1.5496141626261895
10.178129322244988,14105814533.63456,14720776162.671818,5.195181369144764,5.421672167694211,1.5365900095276004,1.6015239486909518
10.247056295120432,14106774314.601913,14723182083.258083,5.195534857147046,5.422558269930675,1.5856459864029588,1.6527496275208133
10.31645004606867,14107748946.156925,14725584804.961601,5.195893814631161,5.423443194016384,1.6340490076651897,1.7033003563051994
10.386313736142059,14108738689.718699,14727984071.638374,5.196258337877946,5.424326845613324,1.6818079019827465,1.7531851681969262
10.456650547799802,14109743812.401806,14730379624.708025,5.196628525265887,5.42520912948616,1.728931380956229,1.8024129739633497
10.52746368505292,14110764587.179764,14732771203.090677,5.19700447733132,5.426089949478992,1.775428040716531,1.8509925636150966
10.598756373610232,14111801293.054667,14735158543.142202,5.197386296830913,5.426969208491502,1.8213063635024072,1.8989326080126632
10.670531861025248,14112854215.233253,14737541378.58778,5.197774088806506,5.427846808454488,1.8665747192176878,1.9462416604510944
10.742793416844153,14113923645.30974,14739919440.453728,5.198167960652454,5.428722650304754,1.9112413669685704,1.9929281582231526
10.815544332754694,14115009881.455744,14742292456.997519,5.198568022185573,5.429596633959337,1.9553144565811467,2.039000424161117
10.888787922736167,14116113228.617584,14744660153.635912,5.198974385717805,5.430468658289037,1.9988020300996037,2.08446666815762
10.962527523210342,14117233998.721426,14747022252.871141,5.199387166131775,5.431338621091233,2.041712023265283,2.1293349886656876
11.036766493193477,14118372510.886538,14749378474.215088,5.1998064809593325,5.432206419061954,2.084052266976978,2.173613374178335
11.111508214449294,14119529091.647142,14751728534.111307,5.200232450463261,5.4330719477671625,2.1258304887326904,2.2173097046879087
11.186756091643064,14120704075.183285,14754072145.854935,5.200665197722305,5.433935101613256,2.1670543140532144,2.2604317531255056
11.26251355249666,14121897803.561115,14756409019.510267,5.201104848719668,5.434795773816715,2.207731267887758,2.3029871867806633
11.338784047944733,14123110626.983173,14758738861.82599,5.2015515324351895,5.435653856372871,2.2478687760019613,2.3449835687016254
11.415571052291895,14124342904.049055,14761061376.147982,5.202005380941352,5.436509240023805,2.2874741663485474,2.3864283590763953
11.49287806337096,14125595002.02715,14763376262.329481,5.20246652950336,5.437361814225255,2.326554670420902,2.427328916594821
11.570708602702329,14126867297.137886,14765683216.638693,5.202935116683461,5.4382114671125885,2.3651174245899194,2.467692499792018
11.649066215654345,14128160174.849226,14767981931.66353,5.203411284449777,5.439058085465717,2.4031694714242855,2.5075262683732444
11.727954471604855,14129474030.184956,14770272096.213505,5.203895178289843,5.439901554672967,2.4407177609946182,2.5468372845206106
11.807376964103739,14130809268.046532,14772553395.218616,5.204386947329149,5.440741758693838,2.4777691521616227,2.5856325141817074
11.887337311036667,14132166303.549215,14774825509.62507,5.204886744454936,5.4415785800205905,2.514330413848644,2.6239188283405084
11.967839154789845,14133545562.373247,14777088116.287739,5.205394726445537,5.4424118996386515,2.550408226298811,2.661703004270659
12.048886162415988,14134947481.130924,14779340887.859201,5.205911054105565,5.443241596985734,2.5860091823171483,2.69899172677147
12.130482025801314,14136372507.7505,14781583492.675205,5.20643589240731,5.444067549909663,2.6211397884978367,2.7357915893867353
12.212630461833763,14137821101.877798,14783815594.636406,5.206969410638649,5.444889634624815,2.6558064664370047,2.7721090956066745
12.29533521257227,14139293735.296612,14786036853.086216,5.207511782557885,5.445707725667129,2.690015553931253,2.807950660053136
12.378600045417256,14140790892.36896,14788246922.684587,5.208063186555889,5.446521695847624,2.7237733061622578,2.843322609648316
12.462428753282234,14142313070.496347,14790445453.2775,5.208623805825983,5.447331416204329,2.7570858968677086,2.8782311847671638
12.546825154766557,14143860780.603312,14792632089.762054,5.209193828542031,5.448136755952598,2.7899594194988704,2.912682540373671
12.63179309432942,14145434547.644514,14794806471.946873,5.209773448045204,5.448937582433695,2.822399888365097,2.9466827471412844
12.717336442464925,14147034911.136896,14796968234.407583,5.210362863039968,5.449733761061566,2.85441323976553,2.9802377925575385
12.803459095878441,14148662425.718342,14799117006.337265,5.210962277799844,5.450525155267764,2.886005333108358,3.013353582013214
12.890164977664067,14150317661.73455,14801252411.391472,5.211571902383553,5.451311626444366,2.917181952017855,3.046035939876082
12.97745803748338,14152001205.85579,14803374067.527649,5.212191952862165,5.452093033884831,2.9479488054295886,3.078290610549524
13.065342251745305,14153713661.725544,14805481586.838657,5.212822651557999,5.452869234722688,2.978311528674032,3.110123259516105
13.153821623787296,14155455650.642954,14807574575.380106,5.213464227295962,5.453640083867942,3.0082756845489653,3.1415394743663594
13.242900184057659,14157227812.281313,14809652632.991154,5.214116915668177,5.4544054339410755,3.0378467643809324,3.172544765812876
13.33258199029918,14159030805.444935,14811715353.108513,5.214780959312732,5.4551651352045445,3.067030189076131,3.2031445686899196
13.422871127733938,14160865308.86692,14813762322.573217,5.215456608207505,5.455919035491613,3.095831310161029,3.233344242938679
13.513771709249415,14162732022.05054,14815793121.429863,5.216144119980042,5.456666980132411,3.1242554108130953,3.2631490745783642
13.605287875585855,14164631666.15723,14817807322.717876,5.216843760234601,5.457408811877062,3.152307706881978,3.2925642766632555
13.697423795524843,14166564984.944275,14819804492.25435,5.217555802897513,5.4581443708156945,3.1799933479014744,3.3215949902258566
13.790183666079262,14168532745.755688,14821784188.40812,5.218280530582115,5.458873494295243,3.2073174180927415,3.3502462852063446
13.88357171268442,14170535740.56996,14823745961.86442,5.219018234974639,5.459596016832765,3.2342849373590368,3.3785231613683795
13.977592189390585,14172574787.108719,14825689355.379784,5.2197692172425345,5.460311770025171,3.2609008622724973,3.4064305492014797
14.072249379056705,14174650730.010618,14827613903.526464,5.220533788466808,5.461020582455095,3.287170087053278,3.4339733108100337
14.16754759354557,14176764442.075174,14829519132.425968,5.221312270100133,5.461722279592759,3.313097444541572,3.461156240789135
14.263491173920162,14178916825.581705,14831404559.470863,5.2221049944526134,5.462416683693505,3.338687707162891,3.4879840670872992
14.360084490641457,14181108813.688898,14833269693.034412,5.222912305207247,5.463103613690863,3.363945587887153,3.514461451856231
14.457331943767462,14183341371.921064,14835114032.167093,5.2237345579673145,5.463782885084772,3.3888757411819963,3.5405929922877153
14.555237963153697,14185615499.74767,14836937066.279398,5.224572120838119,5.4644543098247595,3.413482763960924,3.5663832214377775
14.653807008654933,14187932232.263317,14838738274.809967,5.225425375045729,5.465117696187713,3.4377711965267443,3.591836609038156
14.753043570328398,14190292641.975994,14840517126.878231,5.226294715595586,5.465772848649945,3.461745523510959,3.6169575622952594
14.852952168638284,14192697840.712141,14842273080.92054,5.227180551974147,5.466419567753187,3.4854101748096604,3.641750426676621
14.953537354661652,14195148981.647882,14844005584.308807,5.228083308896985,5.467057649964125,3.5087695265165912,3.6662194866849775
15.054803710295786,14197647261.476645,14845714072.950487,5.229003427107128,5.467686887527081,3.531827901854091,3.6903689666200608
15.156755848466862,14200193922.724335,14847397970.868715,5.229941364227737,5.468307068309372,3.554589572102595,3.7142030313281134
15.259398413340124,14202790256.224392,14849056689.76133,5.230897595673672,5.4689179756389,3.5770587575295347,3.7377257869392704
15.362736080531388,14205437603.766226,14850689628.537294,5.23187261562691,5.469519388133415,3.599239628318398,3.760941281592779
15.46677355732008,14208137360.931778,14852296172.829105,5.232866938081261,5.470111079520936,3.6211363054989154,3.7838535061501846
15.57151558286361,14210890980.136648,14853875694.47943,5.233881097962405,5.470692818450678,3.6427528618792544,3.806466394896454
15.676966928413309,14213699973.893715,14855427551.000273,5.234915652329893,5.471264368293861,3.664093322981312,3.828783826229119
15.783132397531709,14216565918.319122,14856951085.002682,5.235971181668407,5.471825486933674,3.685161667980158,3.8508096233354068
15.89001682631142,14219490456.902624,14858445623.594929,5.237048291276372,5.472375926543624,3.7059618306488726,3.8725475548574275
15.997625083595366,14222475304.566502,14859910477.746796,5.238147612760866,5.472915433353396,3.726497700310033,3.8940013355453718
16.105962071198622,14225522252.040133,14861344941.61758,5.239269805648772,5.473443747401369,3.7467731227952776,3.915174626898719
16.215032724131685,14228633170.579927,14862748291.845005,5.240415559125137,5.473960602272707,3.7667919014144635,3.93607103779545
16.324842010825257,14231810017.067976,14864119786.792107,5.241585593911004,5.474465724821998,3.7865577979360583,3.9566941251091774
16.435394933356584,14235054839.526402,14865458665.74881,5.242780664294355,5.474958834879189,3.806074533580612,3.9770473943141993
16.546696527677327,14238369783.088615,14866764148.084705,5.244001560329329,5.475439644937553,3.825345790029276,3.9971343000783706
16.658751863842955,14241757096.473574,14868035432.349041,5.245249110220689,5.475907859822217,3.8443752104495137,4.0169582468437
16.771566046243663,14245219139.014627,14869271695.313656,5.246524182912562,5.476363176337674,3.8631664005404054,4.036522589394581
16.885144213836952,14248758388.300688,14870472090.95422,5.247827690902679,5.4768052828925695,3.881722929600188,4.055830633413536
16.99949154038166,14252377448.494623,14871635749.364471,5.249160593306048,5.477233859099819,3.900048331618859,4.074885636024297
17.114613234673687,14256079059.40183,14872761775.59782,5.2505238991949135,5.477648575349966,3.9181461063990954,4.093690806322077
17.230514540783222,14259866106.371227,14873849248.429901,5.251918671245302,5.478049092355433,3.936019720708959,4.112249305890795
17.347200738293683,14263741631.121527,14874897219.035175,5.253346029724347,5.4784350606631085,3.9536726094703627,4.130564249307077
17.46467714254214,14267708843.597872,14875904709.569685,5.25480715685709,5.478806120132378,3.9711081769875842,4.148638704630691
17.582949104861516,14271771134.977938,14876870711.651451,5.256303301616646,5.4791618993754545,3.9883297982207333,4.166475693881192
17.702022012824308,14275932091.962898,14877794184.728825,5.2578357849875665,5.479502015156435,4.005340820109531,4.184078193500364
17.821901290488007,14280195512.507418,14878674054.326122,5.259406005759214,5.479826071745174,4.022144562953482,4.201449134800119
17.942592398642176,14284565423.16463,14879509210.154564,5.261015446913927,5.480133660221537,4.03874432185523,4.218591404395391
18.064100835057232,14289046098.247517,14880298504.075148,5.262665682684168,5.480424357725124,4.055143368234699,4.235507844621523
18.186432134734865,14293642081.037573,14881040747.898397,5.264358386363695,5.480697726644921,4.071344951422627,4.2522012539356036
18.309591870160133,14298358207.306505,14881734711.00408,5.266095338970612,5.480953313742633,4.087352300343193,4.268674387301102
18.433585651555376,14303199631.457188,14882379117.761932,5.267878438875108,5.481190649202742,4.103168625296752,4.284929956555112
18.558419127135696,14308171855.638071,14882972644.731697,5.2697097125223085,5.481409245601273,4.118797119855064,4.300970630757371
18.68409798336633,14313280762.241833,14883513917.61834,5.271591326401555,5.481608596784405,4.134240962883332,4.316799036520188
18.810627945221583,14318532650.265965,14884001507.95451,5.273525600438034,5.48178817664661,4.149503320705123,4.332417758318208
18.938014776445726,14323934276.092772,14884433929.478992,5.27551502301208,5.481947437796843,4.164587349428796,4.347829338776925
19.066264279815446,14329492899.341324,14884809634.174911,5.277562267846479,5.482085810099406,4.1794961974566665,4.36303627893856
19.19538229740425,14335216334.557758,14885127007.926718,5.279670213044045,5.482202699074411,4.194233008201418,4.378041038503904
19.325374710848564,14341113009.64747,14885384365.748436,5.281841962608236,5.482297484140343,4.208800923038038,4.392846036048378
19.456247441615616,14347192032.118032,14885579946.528727,5.284080870840466,5.482369516678663,4.2232030845240764,4.4074536492104555
19.588006451273223,14353463264.402418,14885711907.22966,5.286390570081707,5.48241811789721,4.237442639926337,4.421866214850248
19.720657741761347,14359937409.776445,14885778316.466007,5.288775002355936,5.482442576465455,4.251522745098482,4.436086029175791
19.85420735566549,14366626110.68367,14885777147.379822,5.291238455583265,5.482442145890194,4.26544656876165,4.450115347834169
19.988661376491926,14373542061.648806,14885706269.710575,5.293785605166036,5.482416041594984,4.279217297249357,4.463956385964251
20.12402592894487,14380699139.415833,14885563440.944035,5.2964215619187724,5.482363437660264,4.2928381397890405,4.477611318207286
20.260307179205405,14388112553.512638,14885346296.401674,5.299151927521244,5.4822834631732755,4.306312334406018,4.491082278670998
20.397511335212457,14395799021.151209,14885052338.10759,5.3019828589343305,5.482175198127744,4.319643154552077,4.504371360842235
20.535644646945475,14403776971.26217,14884678922.238197,5.304921143546085,5.482037668801595,4.332833916581047,4.517480617442245
20.67471340670923,14412066783.588825,14884223244.922596,5.307974287230233,5.4818698425272085,4.345887988218539,4.530412060217894
20.814723949420372,14420691070.201391,14883682326.113758,5.311150618028071,5.481670621751181,4.358808798203874,4.543167659660739
20.955682652896048,14429675008.635204,14883052991.192886,5.31445940884349,5.481438837259185,4.371599847320786,4.555749344644632
21.097595938144416,14439046738.240622,14882331849.895689,5.317911023418928,5.481173240414509,4.384264721081882,4.5681590019706935
21.240470269657113,14448837834.440918,14881515272.05734,5.321517091004886,5.480872494224905,4.396807104393266,4.580398475806445
21.384312155703743,14459083879.683556,14880599359.555916,5.325290716641679,5.48053516300934,4.409230798604004,4.592469567003282
21.52912814862836,14469825155.297504,14879579913.684128,5.329246735970969,5.480159700380979,4.421539741445955,4.604374032273207
21.674924845147945,14481107485.745386,14878452396.985867,5.333402026174425,5.479744435191561,4.43373803050024,4.616113583201784
21.821708886652846,14492983276.615625,14877211888.341434,5.337775888266955,5.479287554989256,4.44582995099803,4.627689885069133
21.969486959509396,14505512801.205105,14875853029.753693,5.342390520946003,5.478787086419964,4.45782000899018,4.639104555444389
22.11826579536441,14518765809.27437,14874369962.844452,5.347271613097215,5.478240871838898,4.469712971223507,4.650359162510729
22.268052171451902,14532823557.883532,14872756252.47522,5.352449091752722,5.477646541180046,4.481513913472286,4.66145522306739
22.418852910901727,14547781401.751305,14871004794.092957,5.357958076122192,5.477001477831547,4.493228279636315,4.672394200140961
22.57067488305048,14563752134.935614,14869107700.27712,5.363840108336132,5.476302776850894,4.504861954699386,4.683177500119671
22.72352500375431,14580870355.706877,14867056160.383484,5.370144761031779,5.47554719327165,4.51642135574589,4.6938064692991786
22.877410235704048,14599298246.673111,14864840264.922438,5.376931766177219,5.474731077421853,4.527913546817401,4.704282389694245
23.03233758874233,14619233346.387878,14862448783.022362,5.384273877360041,5.473850292963622,4.53934638570573,4.7146064739230775
23.188314120182895,14640919177.441793,14859868876.44404,5.3922607841208725,5.4729001115644635,4.550728714231375,4.724779858904181
23.34534693513208,14664660060.55552,14857085726.18372,5.401004567994209,5.471875075374921,4.5620706088235945,4.734803598008941
23.503443186812504,14690842213.231625,14854082036.106432,5.410647473156663,5.470768814216376,4.573383716463414,4.7446786511709105
23.662610076888882,14719964546.880318,14850837359.40593,5.421373249029935,5.469573797515769,4.58468171433636,4.754405872237681
23.822854855796056,14752684911.408564,14847327162.670483,5.433424182195364,5.468280989600385,4.595980953670646,4.7639859925162735
23.984184823069345,14789891863.490578,14843521488.658392,5.447127528698201,5.466879357197129,4.607301386535017,4.773419598923282
24.146607327676954,14832820466.322361,14839382981.58378,5.462938163178281,5.46535514214391,4.618667943691584,4.782707104245303
24.310129768354848,14883248064.3954,14834863852.235104,5.481510682856254,5.463690743640653,4.630112663933523,4.791848705420378
24.47475959394368,14943844715.942327,14829900977.712812,5.503828472048683,5.4618629134792585,4.641678144773499,4.800844322770959
24.640504303728193,15018847015.569159,14824407475.75287,5.531451871515281,5.45983965286105,4.653423478495407,4.809693507119894
24.807371447778742,15115479632.256947,14818256957.227798,5.567041731900234,5.457574412581884,4.665435288392678,4.8183952884060375
24.975368627295303,15247355558.461508,14811250425.549568,5.615611727856371,5.454993902059059,4.677850538745371,4.826947905576716
25.144503494953682,15444230337.922495,14803032735.075634,5.688120846976815,5.451967320903765,4.690911570941874,4.835348251686287
25.314783755254094,15789558728.57618,14793679786.048742,5.815305535041653,5.448522623228547,4.705137446197169,4.843592575567591
25.48621716487215,16687461516.823778,14785789153.94913,6.146003760633956,5.445616497901509,4.7222467854691565,4.851683798298787
25.658811533012205,13771386906.212387,14782355849.023033,5.072011439810432,5.444352009293346,4.7341119851430395,4.85963861346656
25.832574721763077,13775387637.648006,14781497987.31383,5.073484911999346,5.4440360582252,4.73865237904813,4.867476198561178
26.007514646456144,13779464278.981407,14780628461.744051,5.074986341856762,5.44371581134904,4.743151840389952,4.875204433916209
26.183639276025932,13783618799.52166,14779747120.74796,5.076516454680589,5.4433912128430935,4.747611297712512,4.882824727696489
26.360956633373167,13787853244.859985,14778853809.617737,5.078076003863508,5.443062205728367,4.75203167702372,4.890338468430253
26.539474795730186,13792169741.13115,14777948370.677874,5.07966577246244,5.442728731932858,4.756413902216634,4.897747025257341
26.71920189502884,13796570499.589666,14777030643.187786,5.081286574883972,5.4423907322556975,4.760758895506879,4.905051748174244
26.900146118271024,13801057821.529688,14776100463.239273,5.082939258696351,5.44204814632938,4.765067577887675,4.912253968275401
27.082315707901508,13805634103.580454,14775157663.648298,5.084624706579803,5.4417009125799085,4.769340869603943,4.9193549979907125
27.265718962183488,13810301843.412895,14774202073.84084,5.086343838428283,5.44134896818475,4.773579690647273,4.926356131319337
27.450364235576547,13815063645.896729,14773233519.732222,5.088097613617129,5.4409922490283975,4.777784961273517,4.9332586440597614
27.636259939117213,13819922229.752163,14772251823.599457,5.089887033452899,5.44063068965535,4.78195760254508,4.940063794036186
27.823414540802105,13824880434.745161,14771256803.946041,5.091713143823386,5.440264223220319,4.786098536900141,4.946772821321212
28.011836565973713,13829941229.48127,14770248275.358662,5.093577038068089,5.43989278143545,4.7902086887512505,4.953386948454869
28.20153459770872,13835107719.859371,14769226048.355022,5.095479860091743,5.439516294514282,4.794288985116021,4.959907380659969
28.392517277208942,13840383158.254406,14768189929.222137,5.097422807746315,5.439134691112185,4.798340356282918,4.966335306053787
28.584793304195,13845770953.50651,14767139719.844212,5.099407136510014,5.4387478982629744,4.802363736515464,4.972671895856101
28.77837143730263,13851274681.803991,14766075217.519327,5.101434163495498,5.438355841311392,4.806360064798544,4.978918304593559
28.973260494481643,13856898098.5586,14764996214.763777,5.103505271823544,5.437958443841041,4.810330285630903,4.985075670300352
29.16946935339754,13862645151.384644,14763902499.103,5.105621915403265,5.437555627597395,4.8142753498683915,4.991145114715216
29.367006951836036,13868519994.30827,14762793852.847988,5.1077856241654,5.437147312405438,4.818196215623054,4.997127743474723
29.56588228811006,13874527003.350391,14761670052.85555,5.109998009801515,5.436733416081378,4.8220938492237115,5.003024646302826
29.766104421469773,13880670793.646711,14760530870.27119,5.1122607720693205,5.436313854337941,4.82596922624446,5.008836897196647
29.96768247251518,13886956238.291296,14759376070.252647,5.114575705732774,5.43588854068256,4.829823332608147,5.014565554608444
30.170625623611567,13893388489.117056,14758205411.67228,5.116944708215542,5.435457386307756,4.833657165772925,5.020211661623737
30.374943119307815,13899972999.65781,14757018646.79611,5.11936978805795,5.435020299972931,4.837471736010921,5.025776246135498
30.58064426675754,13906715550.573402,14755815520.937157,5.1218530742810655,5.43457718787669,4.8412680677892395,5.03126032101438
30.787738436143023,13913622277.862305,14754595772.080208,5.124396826777422,5.43412795351865,4.845047201264914,5.036664884274859
30.99623506110202,13920699704.237057,14753359130.474989,5.127003447866614,5.433672497549594,4.848810193906966,5.041990919237228
31.206143639157503,13927954774.097795,14752105318.194206,5.129675495176075,5.433210717608706,4.852558122260557,5.04723939468533
31.417473732150345,13935394892.610262,14750834048.652481,5.132415696033532,5.432742508146388,4.856292083870376,5.05241126501988
31.630234966674845,13943027969.479467,14749545026.081589,5.135226963588879,5.432267760230999,4.860013199382824,5.057507470407261
31.84443703451721,13950862468.111084,14748237944.956734,5.13811241492035,5.431786361337542,4.86372261484952,5.062528936923605
32.06008969309707,13958907460.974094,14746912489.367985,5.141075391424625,5.431298195116168,4.867421504258071,5.06747657669398
32.27720276591199,13967172692.124,14745568332.329945,5.144119481844166,5.4308031411379245,4.871111072320001,5.072351288026445
32.49578614298488,13975668648.022396,14744205135.021656,5.147248548350122,5.430301074614818,4.874792557550633,5.077153955540736
32.71584978131461,13984406638.002855,14742822545.947634,5.150466756177966,5.429791866090814,4.878467235681259,5.081885450291265
32.93740370532944,13993398885.994316,14741420200.009262,5.153778607409285,5.4292753810998375,4.882136423450819,5.086546629884123
33.16045800734373,14002658635.433338,14739997717.47408,5.157188979611035,5.428751479786156,4.885801482832347,5.091138338587653
33.38502284801773,14012200269.690975,14738554702.82847,5.160703170188848,5.428220016481829,4.88946382575924,5.095661407436182
33.611108456820325,14022039450.82829,14737090743.496347,5.164326947490778,5.427680839234794,4.8931249194282715,5.100116654326357
33.83872513249505,14032193280.10264,14735605408.403759,5.168066609921883,5.427133789280213,4.896786292270554,5.104504884105477
34.067883243529195,14042680484.408438,14734098246.365124,5.171929054610489,5.426578700446121,4.9004495406992925,5.108826888651109
34.298593228626174,14053521633.795881,14732568784.262568,5.1759218575204855,5.426015398482872,4.90411633676473,5.1130834469411734
34.53086559718102,14064739396.42852,14731016524.983788,5.180053367352379,5.425443700303659,4.9077884368733296,5.117275325113472
34.76471092975904,14076358838.895771,14729440945.076958,5.1843328161486015,5.424863413120806,4.911467691761408,5.121403276513564
35.00013987857783,14088407781.796974,14727841492.072412,5.1887704502553715,5.42427433345935,4.915156057954969,5.12546804172956
35.23716316799259,14100917223.108074,14726217581.40984,5.1933776862489305,5.423676246025319,4.918855610999692,5.129470348612288
35.4757915949845,14113921845.233664,14724568592.895441,5.198167297683176,5.4230689224009,4.922568560811499,5.1334109122788085
35.716036029652685,14127460626.12064,14722893866.596315,5.203153640163238,5.4224521195323465,4.9262972695829665,5.1372904350970305
35.95790741570923,14141577580.765745,14721192698.055752,5.208352924443238,5.421825577967757,4.930044272790434,5.1411096066485475
36.20141677097781,14156322667.459064,14719464332.684265,5.213783550196391,5.421189019791297,4.933812303989193,5.144869103666319
36.44657518789555,14171752903.994326,14717707959.141857,5.219466517116049,5.420542146185875,4.937604324271515,5.148569589942988
36.69339383401831,14187933754.052214,14715922701.476177,5.2254259355216455,5.419884634537629,4.9414235575109995,5.152211716204673
36.941883952529345,14204940864.818176,14714107609.71246,5.231689666324544,5.419216134970187,4.945273532850585,5.155796119943768
37.19205686275151,14222862266.336714,14712261648.498758,5.238290131051772,5.418536266162702,4.949158136345329,5.1593234252027385
37.44392396066289,14241801185.281057,14710383683.28271,5.2452653481593545,5.4178446102587445,4.953081674295535,5.162794242298593
37.697496719415916,14261879687.218582,14708472463.319231,5.252660274481223,5.417140706608024,4.957048951677871,5.166209167474965
37.952786689859934,14283243452.427437,14706526600.558884,5.26052856416582,5.416424043990962,4.96106537031901,5.1695687824647285
38.2098055010674,14306068127.744505,14704544543.107151,5.26893490806615,5.415694050843721,4.965137053240834,5.172873653940779
38.46856486086367,14330567908.999718,14702524541.41829,5.2779581946563505,5.414950082807377,4.969271004230512,5.176124332825123
38.72907655636028,14357007343.735197,14700464604.598446,5.287695856981412,5.414191406634331,4.973475315629813,5.17932135341579
38.99135245449186,14385717887.79294,14698362442.982437,5.298269970460017,5.413417179039294,4.9777594433985595,5.182465232275665
39.2554045025567,14417121658.798075,14696215391.240997,5.30983600130905,5.41262641837963,4.982134578077533,5.185556466804417
39.52124472876098,14451766402.793652,14694020303.17342,5.322595684779682,5.411817965907416,4.986614155853804,5.188595533379738
39.78888524276675,14490378519.766483,14691773404.115208,5.3368165544956545,5.410990431411075,4.991214580181146,5.191582884898967
40.05833823624349,14533946317.298672,14689470077.714184,5.352862604831436,5.410142114684867,4.995956270456806,5.194518947462257
40.32961598342345,14583856221.342142,14687104546.90667,5.371244457435847,5.4092708880321965,5.0008652389472665,5.197404115785188
40.60273084166079,14642126982.319353,14684669375.826971,5.392705619502941,5.408374012818521,5.005975561964459,5.200238746653908
40.877695251994545,14711837797.84001,14682154649.7864,5.41838016166832,5.407447837457053,5.011333454846311,5.20302314921084
41.154521739715314,14797973942.68669,14679546530.086308,5.450104164124923,5.406487265145393,5.017004440736029,5.205757569772557
41.43322291493575,14909275675.282227,14676824463.583986,5.4910966701695125,5.405484726146691,5.023087084542955,5.208442166382013
41.71381147316501,15062888688.570889,14673955045.363358,5.547672450518286,5.404427917406966,5.029742613329011,5.211076961631043
41.99630019588717,15298775622.850664,14670875446.623951,5.634549773573462,5.403293699035013,5.037271285783413,5.213661739957756
42.28070195114333,15743555293.428875,14667711950.160568,5.798362437666875,5.402128581072577,5.046381354416518,5.216196446937112
42.56702969411784,17300389743.91053,14664947308.242237,6.371745655821313,5.401110361518349,5.060320624158849,5.218682535580689
42.85529646772841,13511072556.214302,14662742381.49903,4.976137482442965,5.400298285455011,5.068516347807754,5.221123025847471
43.14551540322022,13520049747.259207,14660731306.03716,4.979443788190324,5.399557604954318,5.0672999919382775,5.22352038665391
43.4376997207642,13529240156.961933,14658701875.419842,4.982828622518648,5.398810164237022,5.066144803158105,5.225875627810677
43.73186273005915,13538651946.952276,14656653872.577198,4.986294991361904,5.398055883356135,5.065051034465803,5.228189222871616
44.028017830938,13548293791.396076,14654587076.456553,4.989846089421444,5.397294680897802,5.064018977040455,5.230461637959483
44.32617851397822,13558174923.984316,14652501262.379784,4.993485317472122,5.396526474112912,5.063048962377089,5.2326933318468
44.626358361116466,13568305190.592196,14650396201.920567,4.997216301756669,5.395751178871892,5.06214136463959,5.2348847560362
44.928571046267145,13578695108.455782,14648271662.77204,5.001042915780492,5.39496870961596,5.0612966032582225,5.237036354839061
45.23283033594528,13589355932.865324,14646127408.60367,5.004969304874869,5.394178979304416,5.060515145803185,5.239148565452408
45.53915008989367,13600299732.55736,14643963198.906166,5.008999913963919,5.39338189935752,5.059797511170514,5.241221818034048
45.847544261714255,13611539475.210075,14641778788.822746,5.013139519052596,5.392577379594348,5.059144273122591,5.243256535775898
46.15802689950369,13623089124.717392,14639573928.96495,5.017393263052809,5.391765328164954,5.0585560642325715,5.245253134975458
46.47061214649329,13634963752.24969,14637348365.210953,5.021766696687161,5.390945651476094,5.058033580290392,5.247212025105369
46.78531424169324,13647179663.518333,14635101838.4839,5.026265825360564,5.390118254109579,5.057577585238296,5.249133608880998
47.10214752054126,13659754545.168333,14632834084.50725,5.03089716307676,5.3892830387321755,5.05718891671603,5.251018282325965
47.42112641555564,13672707633.854979,14630544833.533934,5.03566779470936,5.388439905995848,5.056868492310751,5.252866434835514
47.742265456992676,13686059912.351704,14628233810.044996,5.04058544822851,5.3875887544267735,5.056617316625059,5.254678449237631
48.06557927350847,13699834338.034271,14625900732.412981,5.04565857885178,5.386729480301361,5.056436489298845,5.256454701851748
48.391082592825356,13714056110.35275,14623545312.524214,5.050896467554273,5.385861977507144,5.0563272141484585,5.25819556254492
48.71879024240286,13728752985.521448,14621167255.352997,5.056309336969152,5.384986137385951,5.056290809621122,5.259901394785246
49.04871715011303,13743955648.741251,14618766258.4791,5.061908488477388,5.384101848556199,5.056328720805661,5.261572555692345
49.380878344920426,13759698156.973513,14616342011.53817,5.067706465281694,5.38320899671048,5.056442533295058,5.263209396084584
49.71528895756676,13776018468.824503,14613894195.592253,5.073717247563335,5.382307464383722,5.056633989265408,5.264812260522788
50.0519642212602,13792959082.773176,14611422482.40471,5.079956487541868,5.381397130686142,5.056905006224317,5.266381487350008
50.39091947236918,13810567811.204952,14608926533.599611,5.086441794552319,5.380477870993646,5.057257698995988,5.267917408726877
50.73217015112107,13828898726.1042,14606405999.680973,5.0931930833443895,5.37954955658662,5.057694405659072,5.269420350662005
51.07573180230545,13848013323.67979,14603860518.880333,5.100233003014864,5.378612054225486,5.058217718349041,5.27089063303671
51.42162007598226,13867981970.932762,14601289715.7924,5.107587469779495,5.3776652256482125,5.058830520097066,5.272328569623174
51.76985072819473,13888885719.126839,14598693199.747005,5.115286334875461,5.376708926970702,5.059536029227248,5.273734468094985
52.12043962168709,13910818600.172636,14596070562.84914,5.123364230321278,5.375743007964938,5.060337853309996,5.275108630028675
52.473402726627064,13933890566.516823,14593421377.59743,5.131861651680041,5.374767311181864,5.0612400553260075,5.2764513508945035
52.828756121333434,13958231300.185558,14590745193.960598,5.140826360932783,5.3737816708746475,5.0622472356138095,5.277762920034269
53.18651599300846,13983995213.28341,14588041535.748343,5.150315228165729,5.372785911662064,5.063364634479662,5.279043620623241
53.54669863847526,14011368108.685007,14585309896.050663,5.160396684707699,5.371779846848809,5.064598262237582,5.2802937296123496
53.90932046492005,14040576196.391384,14582549731.427979,5.171154043860458,5.370763276285702,5.065955066232817,5.2815135176455685
54.2743979906396,14071898520.670597,14579760454.39711,5.182690077823309,5.369735983602276,5.067443148599343,5.282703248945458
54.641947845793766,14105684439.210285,14576941423.546276,5.195133455277216,5.368697732566126,5.069072054979897,5.2838631811572965
55.01198677316295,14142378780.231565,14574091930.277582,5.208648006767472,5.367648262200149,5.0708531647098525,5.284993565138109
55.3845316289107,14182559016.26275,14571211180.629108,5.223446415830579,5.3665872800876135,5.072800229767682,5.286094644670879
55.759599383351755,14226991893.094671,14568298269.705036,5.23981107547815,5.365514452954757,5.074930138264821,5.287166656074517
56.13720712172482,14276722827.48444,14565352144.611034,5.258127013433795,5.364429393019861,5.077264028518679,5.28820982766431
56.5173720449711,14333223142.598005,14562371548.77055,5.278936119049703,5.3633316374849,5.079828972928896,5.289224378990453
56.9001114705177,14398645306.399277,14559354934.548914,5.303031147784065,5.362220616354942,5.082660633903605,5.2902105197332965
57.28544283306645,14476294319.2105,14556300318.519213,5.331629333569612,5.361095599132465,5.085807680050907,5.291168448039859
57.673383685388146,14571571265.46609,14553205024.458672,5.366719899585193,5.359955600162749,5.089339640646096,5.292098347889771
58.06395169912219,14694073626.779078,14550065182.515121,5.411837605028715,5.35879919417653,5.093362179874266,5.293000384623389
58.4571646655815,14863015373.853966,14546874615.854052,5.474058968763609,5.3576241062413335,5.098050762180204,5.2938746965392465
58.85304049656289,15124718978.533764,14543621839.577522,5.57044458960306,5.356426106461205,5.103740537907675,5.294721376429706
59.25159722516308,15636420631.162409,14540336037.026024,5.758904666542122,5.355215943080882,5.111265684012979,5.295540559880151
59.652853006600175,17912956915.805813,14537104728.962242,6.597354574128853,5.35402585005854,5.125588932441428,5.296332669292157
60.05682611904062,13269394199.868555,14533934343.234509,4.887127174585937,5.35285819477522,5.133818177409336,5.297098352691786
60.463534964431766,13284521070.045448,14530757192.896826,4.892698411463402,5.3516880480813205,5.130548072974542,5.297838097547327
60.87299806934027,13300085430.855112,14527549700.972752,4.898430776447232,5.350506726559908,5.127397595156275,5.298552159823729
61.28523408579585,13316110150.582016,14524311515.518261,4.90433269194261,5.349314100589753,5.124367357050935,5.299240733165879
61.700261792141085,13332620139.899483,14521042279.344255,4.910413332567961,5.34811003861786,5.121458081520214,5.299904006871388
62.11810009388675,13349642618.7237,14517741630.612322,4.916682723437475,5.346894407378888,5.118670610465999,5.300542165924454
62.53876802457295,13367207429.052176,14514409202.753983,4.9231518553797295,5.34566707186541,5.116005915412585,5.301155391030534
62.9622847466362,13385347403.661613,14511044624.38594,4.929832820729374,5.344427895296698,5.113465109630223,5.301743858650149
63.388669552282366,13404098803.096004,14507647519.220695,4.936738974270146,5.343176739085801,5.111049462085955,5.302307741031801
63.81794186436544,13423501836.711607,14504217505.971731,4.94388512513611,5.34191346280463,5.1087604135735445,5.3028472062439915
64.2501212372722,13443601287.938457,14500754198.252285,4.951287767095906,5.3406379241466695,5.106599595458278,5.30336241820633
64.68522735781303,13464447269.757214,14497257204.466646,4.958965356795394,5.339349978886943,5.104568851580643,5.303853536719708
65.12328004611884,13486096144.230576,14493726127.69247,4.9669386524217325,5.338049480838675,5.10267026400337,5.3043207174955125
65.5642992565437,13508611650.569984,14490160565.552198,4.975231129171121,5.336736281805929,5.100906183470612,5.304764112183826
66.00830507857391,13532066300.830376,14486560110.071163,4.983869493284164,5.335410231531348,5.099279265692261,5.305183868400598
66.45531773774309,13556543122.641926,14482924347.51944,4.992884323895189,5.334071177637913,5.09779251489358,5.305580129753695
66.90535759655357,13582137857.020256,14479252858.233332,5.002310882487282,5.332718965563188,5.096449336514117,5.305953035867785
67.35844515540393,13608961760.245575,14475545216.41124,5.012190144826343,5.3313534384841486,5.095253601549547,5.306302722407937
67.81460105352278,13637145218.310356,14471800989.876791,5.0225701321646925,5.329974437229932,5.094209725879819,5.306629321101801
68.27384606990897,13666842470.441729,14468019739.799717,5.033507650917674,5.328581800179045,5.093322769129782,5.306932959760247
68.73620112427808,13698237870.88332,14464201020.361275,5.045070598882293,5.32717536313613,5.092598559340364,5.3072137622961835
69.20168727801548,13731554322.437632,14460344378.345884,5.057341071316782,5.325754959181573,5.0920438522697395,5.307471848741297
69.67032573513568,13767064837.40947,14456449352.632753,5.070419618844154,5.324320418484263,5.091666537952039,5.307707335260317
70.14213784324807,13805108703.051636,14452515473.549255,5.084431201197172,5.322871568063444,5.09147591298269,5.307920334162207
70.61714509452952,13846114598.111023,14448542262.029633,5.099533701058465,5.321408231478861,5.091483046200071,5.308110953907564
71.09536912670343,13890634506.445427,14444529228.492159,5.115930414469338,5.3199302284172205,5.091701280364343,5.308279299111043
71.57683172402528,13939394960.613132,14440475871.298283,5.1338889238797,5.318437374124694,5.0921469375115125,5.308425470537177
72.06155481827497,13993377182.55872,14436381674.570786,5.153770614018758,5.316929478603341,5.092840339485087,5.3085495650870556
72.54956048975582,14053947625.56075,14432246104.991865,5.176078750585751,5.315406345431841,5.093807335390149,5.308651675771884
73.04087096830055,14123081292.12246,14428068606.904276,5.201540728385449,5.3138677699612415,5.095081683037569,5.30873189166687
73.53550863428374,14203767462.555786,14423848594.434317,5.23125750144973,5.312313536413847,5.096708953124095,5.3087902978341805
74.03349601964143,14300804976.479845,14419585438.038933,5.2669964857702976,5.310743412928511,5.098753349663286,5.308826975194197
74.53485580889733,14422523622.235981,14415278439.768925,5.3118255482255,5.309157142450055,5.101310660467113,5.30884200030413
75.03961084019627,14585053012.749363,14410926783.866096,5.371685236549079,5.307554424534164,5.10453584546827,5.308835444956326
75.54778410634464,14825264706.448463,14406529445.545551,5.460155371526441,5.305934881751842,5.108712822186415,5.308807375434425
76.05939875585759,15255806987.885738,14402086617.907528,5.618724395230716,5.304298585222043,5.114491504473438,5.308757855090027
76.57447809401353,16583742863.479593,14397602082.94505,6.107804107987052,5.302646927855444,5.124541951453079,5.308686956269935
77.09304558391575,13025970713.711481,14393078515.869846,4.797474134197517,5.3009808949344,5.128911363521934,5.308594766284858
77.61512484756136,13047978694.60484,14388512141.083965,4.8055796889697735,5.2992990959035415,5.12452204719598,5.30848136850421
78.14073966691718,13070737577.675095,14383899245.473557,4.813961801539538,5.297600163220436,5.120302119660695,5.308346826690141
78.66991398500303,13094297447.799978,14379239281.347095,4.822638918202345,5.295883895169914,5.116253141894147,5.308191193256129
79.20267190698247,13118714218.516197,14374531694.40627,4.831631631952913,5.294150087603517,5.112376915708874,5.308014517191988
79.73903770126094,13144050627.999487,14369775924.362318,4.840963049305293,5.2923985341665025,5.108675511772739,5.307816844078662
80.27903580059105,13170377460.846844,14364971405.028837,4.850659240276118,5.290629026332022,5.105151302731704,5.307598216104593
80.82269080318572,13197775060.001333,14360117564.449837,4.8607497952275756,5.288841353448284,5.101807002640593,5.307358672082388
81.37002747383855,13226335215.482344,14355213825.071453,4.871268520488073,5.287035302801796,5.098645714264686,5.307098247466023
81.92107074505194,13256163548.148037,14350259603.969248,4.882254316293622,5.285210659701077,5.095670986300218,5.3068169743687905
82.47584571817299,13287382552.025364,14345254313.146267,4.893752297280116,5.283367207586441,5.092886883230448,5.306514881582317
83.03437766453676,13320135524.859575,14340197359.922197,4.905815240107463,5.281504728173311,5.090298071468898,5.3061919945970075
83.59669202661743,13354591714.765764,14335088147.441631,4.9185054789749545,5.279623001639423,5.087909926769753,5.305848335624439
84.16281441918731,13390953159.72497,14329926075.339752,4.931897424612465,5.277721806869995,5.0857286698066355,5.305483923622357
84.73277063048374,13429463927.237007,14324710540.61967,4.946080967251066,5.275800921780851,5.083761539653732,5.30509877432315
85.30658662338372,13470422827.362642,14319440938.818779,4.961166158845354,5.273860123747988,5.082017019172139,5.30469290026698
85.8842885365865,13514201269.125462,14314116665.577877,4.977289789598762,5.271899190185491,5.080505132894537,5.3042663108412365
86.46590268580447,13561268933.69586,14308737118.784584,4.994624843415203,5.2699178993349465,5.0792378484576615,5.303819012328627
87.05145556496164,13612231684.980158,14303301701.555733,5.013394460395579,5.267916031363868,5.07822962974582,5.303351007967284
87.64097384740084,13667889304.557861,14297809826.484455,5.033893200655602,5.265893369929894,5.07749821893651,5.30286229802794
88.23448438709836,13729326648.529684,14292260921.859734,5.056520617456744,5.263849704471457,5.077065775960007,5.302352879915906
88.8320142198876,13798063873.802715,14286654441.096972,5.081836585652248,5.261784833681066,5.076960599160001,5.30182274831037
89.43359056469023,13876317167.421137,14280989877.668655,5.110657328482182,5.259698571004284,5.077219838473825,5.301271895362007
90.0392408247565,13967481163.708893,14275266790.084255,5.144233092144864,5.257590753839841,5.0778940089463465,5.300700310986572
90.64899258891312,14077097193.744984,14269484846.826614,5.184604752756537,5.255461260089733,5.079055029541046,5.300107983327357
91.26287363282027,14215017076.654436,14263643915.738789,5.235400742198856,5.253310041080468,5.080811897288592,5.299494899543449
91.88091192023681,14401020038.410227,14257744271.376308,5.303905763246404,5.251137197931038,5.083345390997727,5.298861047321081
92.50313560429389,14683114986.58092,14251787280.016827,5.40780153017087,5.24894323384246,5.087001472997093,5.298206418571979
93.12957302877773,15226932781.470186,14245766514.767282,5.60809000479114,5.2467257817855195,5.092649933889779,5.2975309927564815
93.76025272942037,17779012199.709213,14239665373.49363,6.548022641406982,5.244478727182623,5.105883313044293,5.296834692665758
94.39520343519996,12791472030.447893,14233483818.02681,4.711108104963609,5.2422020559760805,5.112863171966404,5.296117401178497
95.034454069649,12821548877.383902,14227233166.134693,4.722185428748917,5.239899936507722,5.107551038977343,5.295379030688199
95.67803375217227,12852834139.502792,14220915285.54127,4.73370781269217,5.237573056661601,5.102461645972249,5.294619527239855
96.32597179937292,12885429175.167929,14214529364.320656,4.745712587149566,5.235221117404846,5.09759822487496,5.29383884018636
96.97829772638832,12919450398.728935,14208074581.698626,4.7582426276075775,5.232843816445735,5.092964502093098,5.293036915528383
97.63504124823409,12955032581.682068,14201550109.241444,4.771347570502639,5.2304408486715435,5.088564774414264,5.292213695918574
98.29623228115815,12992333122.17237,14194955111.377804,4.785085385681776,5.2280119063407735,5.084404002585042,5.291369120669905
98.96190094400303,13031537643.79016,14188288746.086666,4.799524438443267,5.225556679336488,5.080487928011685,5.290503125766927
99.63207755957825,13072867450.617418,14181550165.806385,4.814746235235459,5.223074855501137,5.076823220142145,5.289615643880786
100.30679265604141,13116589623.991371,14174738518.641602,4.830849142301851,5.220566121081066,5.073417665230287,5.288706604389281
100.9860769682887,13163030959.232944,14167852949.978691,4.847953518587952,5.218030161321478,5.070280411941059,5.287775933403624
101.6699614393553,13212597618.456429,14160892604.673807,4.866208953884834,5.215466661272294,5.067422296644427,5.286823553804234
102.35847722182432,13265803524.601986,14153856630.059477,4.885804726371192,5.212875306895488,5.06485628305063,5.2858493852888815
103.05165567924685,13323312541.040117,14146744180.157059,4.906985337391195,5.210255786616534,5.0625980703154765,5.284853344438038
103.74952838756941,13386003179.825567,14139554421.714535,4.93007434354971,5.207607793548131,5.060666957091229,5.283835344804642
104.45212713657332,13455071692.111809,14132286543.11743,4.9555123249841335,5.204931028772098,5.059087108615249,5.282795297039626
105.15948393132247,13532203865.043016,14124939768.016657,4.9839201582799975,5.2022252063585235,5.057889486092206,5.281733109071428
105.8716309936208,13619877385.714859,14117513377.129211,5.016210377329427,5.199490061394973,5.057114922021301,5.280648686370652
106.58860076348083,13721931379.0902,14110006745.18747,5.053796934544269,5.196725363594943,5.056819309283831,5.279541932356358
107.310425900601,13844736681.446247,14102419408.558422,5.0990262133860575,5.193930942202073,5.057083021339598,5.278412749055335
108.037139285853,13999896651.689346,14094751203.148338,5.156171739064277,5.191106736780524,5.058029776765782,5.27726103826059
108.76877402278072,14211596097.116455,14087002599.085577,5.234140793039766,5.188252920478903,5.059870102875158,5.276086703842759
109.5053634391067,14542466923.388378,14079174971.193485,5.356000750020111,5.1853699996456095,5.0630263792458745,5.274889655524177
110.2469410882515,15242177625.218924,14071256623.951275,5.613704691417716,5.182453666812148,5.068687965343241,5.273669778646404
110.9935407508617,12516590171.582256,14063224600.408283,4.609868923880552,5.179495466917517,5.0692431154942765,5.272426874435869
111.7451964363482,12554015004.797874,14055085174.541683,4.623652516157448,5.176497710671901,5.063176641538526,5.271160705836606
112.50194238443672,12593110909.473488,14046854393.981194,4.638051565223087,5.173466308428563,5.057380452842906,5.2698710941655955
113.26381306672587,12634039141.390457,14038531118.823765,4.65312546169465,5.1704008403604105,5.051859576884234,5.26855789980025
114.03084318825874,12676988785.640568,14030114197.372627,4.668943845743833,5.1673008822967175,5.046619838972286,5.267220979331836
114.80306768910326,12722183900.256195,14021602467.343838,4.685589238100836,5.164166006167493,5.041668006673927,5.265860185561003
115.58052174594349,12769893136.011211,14012994756.924965,4.703160583033777,5.160995780393399,5.0370119737111665,5.264475367498939
116.3632407736827,12820442934.730953,14004289886.21701,4.721778109295492,5.157789770416807,5.032660997762375,5.263066370374702
117.15126042705627,12874236021.267527,13995486669.210144,4.7415901407309855,5.154547539429468,5.028626013364054,5.2616330356508865
117.94461660225534,12931777935.671236,13986583916.520576,4.762782868094745,5.151268649380499,5.024920051851069,5.260175201050743
118.74334543856331,12993716150.043722,13977580439.243504,4.7855947558151435,5.147952662395427,5.021558817861828,5.258692700601184
119.54748332000038,13060899577.962376,13968475054.484524,4.810338459357113,5.144599142813417,5.018561501796762,5.257185364698416
120.35706687698224,13134472491.706148,13959266593.51601,4.837435415002173,5.141207660191265,5.015951960487947,5.255653020206506
121.17213298798823,13216029338.35605,13949953914.205318,4.867472858726638,5.137777793880718,5.013760496680512,5.254095490605495
121.99271878124071,13307883728.372078,13940535920.766727,4.901302894882831,5.13430914030313,5.012026662000485,5.252512596217015
122.81886163639771,13413567181.422255,13931011596.905508,4.940226184637138,5.130801325156438,5.010803919828462,5.250904154557623
123.65059918625397,13538833562.627909,13921380065.573257,4.9863618805424,5.1272540254231025,5.010167961296532,5.249269980916981
124.48796931845648,13693915504.659384,13911640708.032375,5.043478668375645,5.123667013221632,5.01023297143331,5.2476098893702945
125.33101017722994,13899429371.402863,13901793440.299397,5.1191695693910235,5.120040257620857,5.011187858468599,5.245923694755004
126.17976016511393,14205877243.162819,13891839635.671835,5.232034535124496,5.116374264407214,5.013394841649415,5.244211217586699
127.03425794471296,14791563445.295155,13881769855.769041,5.44774317344721,5.1126655574185005,5.017777282506618,5.242472260784291
127.89454244045727,17834910479.59912,13871561373.631557,6.568610017028493,5.108905766299636,5.031081698970724,5.240706550380626
128.76065284037546,12290167099.695448,13861214957.376602,4.5264771479709776,5.1050951739487305,5.037960108677326,5.238913762060168
129.63262859788094,12338181439.535782,13850745364.051273,4.5441608629521655,5.101239215396562,5.031221205883758,5.237093614304669
130.51050943356745,12388735805.170238,13840153745.889244,4.562780071211767,5.0973383150116,5.024816048859375,5.235245868537835
131.39433533701973,12442136823.952667,13829438533.050467,4.582447703818897,5.093391894620654,5.0187534653366885,5.233370288328379
132.28414656863458,12498758147.79351,13818598140.374802,4.6033013770337865,5.0893993704081355,5.013043844888459,5.231466632625061
133.17998366145451,12559062445.970858,13807630970.243542,4.6255114922755025,5.085360153969956,5.007699503445122,5.229534655750068
134.0818874230154,12623633276.079418,13796535415.430458,4.649292974214765,5.081273653363571,5.002735175999328,5.227574107406581
134.98989893720346,12693222634.810833,13785309863.209583,4.674922783759625,5.077139274620876,4.998168698931161,5.2255847327034495
135.90405956612838,12768824342.517023,13773952701.39713,4.702766945641535,5.072956423973454,4.994021981995243,5.223566272204594
136.8244109520068,12851791892.092117,13762462327.477365,4.733323952241073,5.06872451121364,4.990322439810713,5.221518462015232
137.75099501905876,12944036917.75082,13750837162.889496,4.767297859777974,5.0644429549563865,4.987105185833263,5.21944103392479
138.68385397541843,13048383377.170277,13739075676.473473,4.805728733841969,5.060111191274376,4.984416562729935,5.2173337156411534
139.62303031505624,13169247094.865776,13727176425.44082,4.850242925693848,5.055728688787603,4.982320180448174,5.215196231180953
140.56856681971405,13314067400.784727,13715138133.469696,4.903580345762005,5.051294977425839,4.980908092203791,5.213028301548922
141.5205065608556,13496729614.175661,13702959860.007675,4.970854966847698,5.046809710782968,4.980323822272584,5.210829646019726
142.47889290162638,13747386149.282423,13690641459.881496,5.06317194422862,5.042272835391575,4.980817837401601,5.208599984957856
143.44376949883068,14150328766.61197,13678180117.925354,5.211575992317683,5.037683314424124,4.982920265380422,5.206339035145626
144.41518030491946,15114510562.286137,13665560937.563847,5.566684822751475,5.033035661461464,4.988374676456303,5.204046473330877
145.39316956999212,11991420460.0877,13652768940.277596,4.416448551431301,5.0283243599044205,4.9883914524485995,5.201721906831814
146.37778184381378,12047569527.921885,13639811541.389593,4.437128292428282,5.023552140821643,4.980862068706008,5.1993649297443305
147.36906197784236,12106951726.667711,13626698229.923973,4.458998797803747,5.018722499027365,4.973718916481173,5.1969751833615145
148.36705512727357,12170000593.873476,13613426923.838549,4.482219739740283,5.01383466770399,4.966973856813379,5.194552331977704
149.37180675309708,12237255856.828402,13599995519.381708,4.506989900176409,5.008887872038327,4.960640995633994,5.192096034053192
150.383362624167,12309402865.624798,13586401894.376787,4.533561694030981,5.003881330431225,4.954737275733241,5.189605942193396
151.4017688192876,12387332305.17391,13572643912.422258,4.562263161180438,4.998814256044506,4.949283305752925,5.187081703146772
152.42707172931196,12472234010.502645,13558719429.243572,4.59353251869827,4.99368585914035,4.944304557414655,5.184522957828831
153.4593180592544,12565750946.636387,13544626302.550133,4.6279748717536755,4.9884953507116325,4.939833159015364,5.181929341385896
154.49855483041992,12670245617.60671,13530362407.907452,4.666460332235628,4.983241948327644,4.935910703773111,5.179300483321569
155.54482938254378,12789291956.62912,13515925665.607622,4.7103051822497415,4.977924886030506,4.932592894674968,5.176636007727131
156.59818937594977,12928661634.951788,13501314089.43388,4.761635132357846,4.9725434322951925,4.929957780911573,5.173935533695779
157.65868279372054,13098528974.771368,13486525884.364048,4.824197392548677,4.967096926013779,4.928121773312364,5.171198676093364
158.72635794388273,13319206139.237717,13471559675.195133,4.90547294673221,4.961584860698042,4.9272750789585915,5.1684250471255835
159.8012634616094,13639916468.2275,13456415285.606228,5.023590785449511,4.956007171408866,4.927777282056451,5.16561426037681
160.88344831143303,14231445298.80854,13441083766.389091,5.241451267920691,4.950360562146591,4.930527370417931,5.162765912007919
161.97296178947784,16992546648.108843,13425545106.527235,6.258366828096382,4.944637662839834,4.941536467846572,5.159879531998026
163.06985352570473,11737827757.236069,13409798172.69281,4.32305018141414,4.938838056083153,4.946174308090381,5.156954604579073
164.17417348617155,11805988851.115759,13393853623.55121,4.348153960014088,4.932965667470476,4.937988455932253,5.153990644515079
165.2859719753101,11878711367.125631,13377711193.036963,4.374937713578333,4.927020399009702,4.930260244296348,5.1509871986448
166.40529963821717,11956735484.922989,13361368141.765972,4.40367405079291,4.9210012417837525,4.923007895683929,5.147943812441673
167.53220746296083,12041023647.199986,13344821702.209272,4.434717439975206,4.914907176509772,4.916253593981038,5.144860023876263
168.66674678290497,12132863173.950516,13328069085.167034,4.46854200198031,4.908737175923507,4.9100247831158,5.141735363393913
169.8089692790453,12234035791.829422,13311107488.842762,4.505803947982705,4.902490208121351,4.904356120796836,5.1385693539311115
170.95892698236528,12347113480.363194,13293934113.713676,4.54745053984281,4.8961652420371005,4.899292556143443,5.1353615109908075
172.1166722762058,12476010975.834177,13276546188.072573,4.594923577674375,4.889761256849053,4.894894462807107,5.132111342816572
173.2822578986504,12627110805.7425,13258941014.986671,4.650573750824525,4.883277259274978,4.8912468499622115,5.128818350743635
174.45573694492984,12811832987.687897,13241116067.744003,4.718607059771146,4.876712318725087,4.88847758430854,5.125482029897198
175.63716286983794,13053535103.131664,13223069218.420181,4.80762611812061,4.870065651483339,4.886798785160748,5.122101870682525
176.8265894901688,13411311865.78605,13204799782.379425,4.939395550309229,4.863337005397896,4.886623604217297,5.118677363405088
178.02407098716736,14111029157.623638,13186296971.854252,5.197101918811042,4.856522407326442,4.889064624647983,5.11520797679414
179.2296619089971,21645146248.766922,13167539332.690342,7.9719225186092935,4.849613955688919,4.9118595928852775,5.111693107006377
180.44341717322578,11452715031.84454,13148529144.644707,4.218042965026296,4.8426124901214305,4.927637727347641,5.108132111149941
181.66539206932669,11532688948.854538,13129276866.08525,4.24749741465607,4.835521862448198,4.918321760520419,5.104524386471909
182.89564226119637,11618726506.661865,13109778486.135336,4.279185107437053,4.828340595460548,4.909540640967376,5.100869354099552
184.13422378969227,11711976275.881914,13090030459.809315,4.313529062731085,4.821067383537785,4.901319985857795,5.097166424269631
185.38119307518298,11813994745.073288,13070029204.56153,4.351102536364098,4.813700907225833,4.893691751211099,5.093414997527798
186.63660692012036,11926972679.263788,13049771112.139965,4.3927123886297315,4.806239837602949,4.886696722020904,5.089614464702419
187.90052251162626,12054142903.459515,13029252566.573967,4.439549271241243,4.798682842904611,4.880388536230783,5.085764206952484
189.1729974240968,12200573646.893267,13008469977.011766,4.493479816573674,4.791028600617597,4.87484062361197,5.0818635959404945
190.45408962182708,12374874261.366177,12987419843.117306,4.557674854923354,4.783275821565686,4.870159229513369,5.077911994245825
191.74385746164896,12593398477.053036,12966098904.909851,4.63815747656398,4.775423305095691,4.8665108743420635,5.073908756304715
193.04235969559147,12892899773.658665,12944504597.520382,4.748464013804361,4.767470106564557,4.864191140054769,5.069853230832936
194.34965547355628,13383808887.605703,12922630138.684317,4.929266184188766,4.759413728059489,4.863855664278606,5.065744752164873
195.66580434601153,14738253481.341091,12900460015.027763,5.4281090763971225,4.751248455994021,4.868088148290926,5.061582608438271
196.99086626670575,11097251369.487381,12877985334.880653,4.087125449296699,4.74297101555984,4.866576641557216,5.057366037133313
198.32490159539827,11185539597.037064,12855210156.928791,4.119642065319634,4.734582901573772,4.85634465258103,5.053094274128918
199.66797110060799,11280913000.342821,12832135435.836193,4.1547681565343275,4.72608446563924,4.846703380298116,5.048766577901514
201.02013596238356,11384802501.122683,12808756654.85616,4.193030732411413,4.717474044235273,4.837683436721254,5.044382208029168
202.3814577750877,11499185804.346714,12785069241.302124,4.235158183076087,4.708749953238208,4.829323444042533,5.039940411574658
203.75199855020514,11626917864.927843,12761068579.414375,4.282201990421721,4.6999104926605115,4.821673445994296,5.035440423008909
205.1318207191664,11772354153.768047,12736750033.072748,4.335766277431065,4.690953955015878,4.814800630722767,5.0308814642233814
206.52098713619108,11942638071.545528,12712108990.267744,4.398481963575466,4.681878641697983,4.808799700024475,5.026262744708381
207.91956108115323,12150704256.615477,12687140960.69305,4.475112885217529,4.672682898923866,4.8038137078486525,5.021583462080145
209.3276062624609,12423610317.773262,12661841841.500317,4.575624378621398,4.663365215611607,4.800082650557124,5.016842803499428
210.7451868199607,12832931306.928614,12636206670.549177,4.7263775855198205,4.653923764201436,4.798087206382405,5.012039944636293
212.17236732785844,13684827684.882631,12610222718.55356,5.040131617988887,4.6443538564883795,4.799236210397585,5.007174028467553
213.60921279766026,10725346623.515223,12583874442.139587,3.950152670960216,4.6346497678369545,4.79513432454963,5.0022441396308
215.0557886811351,10822110409.56493,12557161592.47519,3.9857908411130047,4.624811406602136,4.7840447145454625,4.997249336172324
216.51216087329578,10927103886.931593,12530086950.100008,4.024460012339976,4.614839796858622,4.773602008551669,4.992188695044077
217.97839571539956,11042100218.75218,12502644787.234598,4.066813241865982,4.604732829061231,4.763842564823301,4.987061298226271
219.45455999797278,11169602060.552465,12474829292.979675,4.11377225947344,4.594488363051688,4.754812817411238,4.981866211517487
220.94072096385003,11313322376.090078,12446634588.275473,4.166704552313975,4.584104233568166,4.746573934535031,4.976602484378233
222.4369463112399,11479137476.254904,12418054754.514631,4.227774369802722,4.573578260783429,4.739209958687963,4.971269149884315
223.94330419680767,11677191176.790646,12389083893.956995,4.300717686380438,4.562908272555649,4.732843395557567,4.965865224900888
225.4598632387795,11927287917.20241,12359716277.485287,4.392828490983244,4.552092158846922,4.727669132472535,4.960389710768908
226.98669252006943,12276191179.942383,12329946882.260603,4.521329806940464,4.541128069742163,4.72404402776953,4.954841595677923
228.52386159142537,12879882541.551159,12299765075.615173,4.7436697581049465,4.530012089222386,4.72282165238835,4.949219842682675
230.0714404745976,15194019008.437023,12269152917.334438,5.595967839137932,4.518737609894009,4.7288341746770195,4.9435233581323414
231.62949966552858,10425098280.250175,12238104142.444754,3.839570995912115,4.507302324362851,4.72864608585031,4.937751003373044
233.1981101375633,10538506952.015888,12206620108.721155,3.881339489128286,4.495706732698411,4.717006516325727,4.93190164296513
234.7773433446837,10663253990.28479,12174695254.856466,3.927283910666317,4.483948786667359,4.706111119960705,4.925974146256304
236.36727122476287,10802326861.020674,12142322222.61875,3.9785045463323936,4.472025776227722,4.6960133100723045,4.919967365839876
237.96796620284107,10960250131.193933,12109493546.741747,4.036667797309658,4.4599349519167095,4.68678434420008,4.913880133092521
239.57950119442742,11144392130.52075,12076201690.084759,4.104487424591632,4.447673537800125,4.678523912304411,4.907711258017298
241.20194960881804,11368009357.363022,12042439124.291897,4.1868458058067475,4.4352387611792246,4.671381340474174,4.901459529375124
242.83538535244276,11658693243.89935,12008198562.357529,4.293904884744956,4.422627938244731,4.665604927604748,4.895123715589124
244.4798828322306,12089255084.199284,11973471638.31037,4.452481111992044,4.409837987803562,4.661687919372912,4.888702562938197
246.13551695899866,12972371805.499695,11938243606.3045,4.777733618775001,4.396863478950341,4.661070735598811,4.882194777393522
247.80236315086572,9976218307.009468,11902498194.09449,3.674248187477213,4.383698418605684,4.6552123154561915,4.875599005678458
249.480497336687,10095029405.309387,11866230955.859758,3.718006398168526,4.370341169370757,4.642354101510493,4.868913861605451
251.16999595951285,10225897932.062294,11829439199.873522,3.766205368201272,4.356790739880702,4.630284859134231,4.8621379599643095
252.8709359800715,10372020122.643599,11792113638.74806,3.8200222733021088,4.3430437095841175,4.61906146899512,4.855269904485484
254.58339488027343,10538254937.251934,11754244816.404533,3.88124667191427,4.3290965958005465,4.608759951635183,4.848308271340377
256.30745066674274,10732564843.869602,11715823141.178364,3.952811146570684,4.31494586591321,4.599486990908955,4.841251608759855
258.0431818743695,10969426690.605051,11676838968.123184,4.040047530565885,4.300587967681608,4.591403298302373,4.834098436943232
259.79066756988635,11279533416.87403,11637282856.5709,4.1542600549768345,4.28601942410107,4.584779092000947,4.826847248809076
261.54998735547287,11746857266.376429,11597143421.979212,4.326375755952687,4.271236042236697,4.580164524924029,4.819496506047929
263.3212213723782,12768964272.46147,11556403355.70626,4.702818481938049,4.256231447303573,4.579293927634358,4.812044620081453
265.10445030457436,9578259844.59454,11515046463.436016,3.527679807132939,4.240999674923765,4.573045530707127,4.804489940919496
266.89975538243056,9709651722.688635,11473066074.869268,3.5760715278310777,4.225538268421405,4.559355001513414,4.796830784320141
268.70721838641293,9855785385.950373,11430455268.120834,3.6298926583281506,4.209844678461333,4.546533378659869,4.789065455061568
270.52692165081095,10021061480.530586,11387202107.776686,3.6907639596826916,4.193914509222204,4.534652710460137,4.781192234049778
272.3589480674873,10212505641.68457,11343294408.095432,3.7612729782783343,4.177743272686935,4.523812313127842,4.773209365681631
274.2033810896539,10442448778.84161,11298719776.493488,3.845961196691564,4.161326404658312,4.514158007707001,4.765115057205953
276.0603047356735,10735722865.319975,11253465739.436115,3.9539742480819946,4.144659311124758,4.505925521203434,4.75690747851207
277.9298035928863,11154626985.049747,11207520759.575043,4.108256928680755,4.127737742872827,4.4995628629821125,4.748584764750819
279.8119628214642,11939116873.164648,11160866478.476046,4.397185103746366,4.11055493847834,4.496259797480467,4.740145002205576
281.7068681582896,24741808083.60465,11113477377.949394,9.112425240556352,4.093101499574153,4.526648556691735,4.731586194425266
283.61460592085956,9242639216.3162,11065343981.89798,3.404070494747983,4.0753739361070656,4.549736324440081,4.722906285457898
285.5352630112213,9397672648.148748,11016459994.858318,3.461169416240998,4.057369929453468,4.534759562298486,4.714103208002986
287.4689269199261,9574060360.59874,10966808384.171635,3.5261331342369515,4.039083206473209,4.520802077952384,4.705174864790264
289.41568573001854,9780064349.59505,10916373471.530828,3.602004547621215,4.020507992834806,4.507976122734814,4.696119105915536
291.37562812104744,10030619191.546206,10865139270.446201,3.6942840713417255,4.001638400702908,4.49644977198279,4.686933732115596
293.3488433731045,10357252536.086515,10813089720.532852,3.8145833608333777,3.9824685150265133,4.486503703233679,4.677616494488594
295.33542137089313,10846160468.435448,10760206464.239845,3.994648494634042,3.9629915747067583,4.478705951807171,4.6681650892867905
297.3354526078216,11909822625.971464,10706465911.075777,4.3863960119942895,3.9431988913491414,4.474850909809531,4.658577140035275
299.34902819012564,8671287478.102245,10651846243.125301,3.193641249522908,3.9230824294001643,4.465641843512832,4.648850190021624
301.3762398410188,8825367149.343424,10596332631.648806,3.250388900322331,3.9026367274246456,4.448968849435386,4.638981725048373
303.4171799048695,8999941987.25348,10539908887.536318,3.3146849353559142,3.8818558229620477,4.433331037750226,4.628969188031983
305.4719413514092,9202442028.797745,10482554839.981064,3.389265842440245,3.860732287090112,4.418834143079467,4.6188099663661735
307.54061777996685,9445879302.05838,10424249776.71191,3.47892396062856,3.8392584914648786,4.405633001326426,4.608501381527136
309.6233034237307,9756475653.06998,10364972595.47155,3.593316814175036,3.8174266641102066,4.393977352769312,4.598040687658809
311.720093154045,10200505781.266945,10304700735.61881,3.7568534212846325,3.795228495926155,4.384342301350765,4.5874250679030215
313.8310824847267,11040374378.8205,10243406600.447302,4.06617761381077,3.772653823026439,4.378009740265131,4.576651619286579
315.95636757642,8130264346.045318,10181061210.413582,2.9943820511805153,3.749691972224918,4.366619314366833,4.565717338057722
318.0960452409755,8290484276.441801,10117642805.422464,3.053391163726036,3.726334929263299,4.348617580532732,4.554619135519893
320.2502129458591,8472945536.345584,10053129855.663935,3.12059177350171,3.7025747646974794,4.331703491642591,4.543353857506184
322.41896881859384,8686013332.358175,9987495728.931288,3.1990647919559048,3.6784016698670827,4.3159930184020805,4.531918273183225
324.60241165122864,8944632731.928326,9920712936.436573,3.2943144978940175,3.6538055206322606,4.3016581856147384,4.52030906140149
326.80064090483876,9279916911.634035,9852753318.10883,3.4177998960341043,3.6287759456191604,4.288982566339066,4.508522808135415
329.01375671405685,9775393741.896086,9783585802.260397,3.600284359535487,3.6033015011034624,4.278529422510951,4.496555998863634
331.24185989163306,10816979140.853258,9713174139.266289,3.9839009912537575,3.577368836322903,4.272016062707969,4.484404999924042
333.4850519330291,7615575642.995502,9641483658.374266,2.804821841479905,3.5509651820151564,4.260221985331315,4.4720660512812165
335.74343502104097,7789857426.098379,9568484375.991632,2.8690099442228165,3.524079495202041,4.2411400581901,4.459535283717855
338.0171120304517,7991360544.466659,9494143700.019068,2.9432236838034207,3.496699772190556,4.223242035133889,4.4468087253701745
340.306186532722,8231846042.166655,9418425135.048544,3.0317946609860202,3.468812571696372,4.206675600772396,4.43388228701537
342.61076280070273,8534038012.776998,9341290804.92427,3.1430921753462546,3.4404039439047915,4.191671696395018,4.420751750619607
344.930945813389,8951713137.482368,9262701967.214449,3.2969222162170286,3.4114596199510574,4.178647309692849,4.407412765521337
347.26684126070074,9670790844.957687,9182613377.851358,3.561759039353717,3.38196293641335,4.168606759684478,4.3938608319708745
349.61855554829594,13046620947.941746,9100973348.679663,4.805079629923108,3.3518948565078683,4.168833491115681,4.3800912711662106
351.9861958024199,7129874558.75286,9017739939.762972,2.6259377920821123,3.3212399337266754,4.162706112100236,4.366099235946665
354.3698698747842,7330435576.070827,8932871275.87557,2.699804555186259,3.28998274539482,4.1425983217570765,4.351879737198126
356.7696863474776,7569773405.229012,8846315827.506817,2.7879528452413513,3.258104313157454,4.123846586734866,4.337427621998237
359.18575453791703,7869894710.57732,8758021063.640415,2.89848773213577,3.225585289804495,4.106678727822954,4.3227375495751135
361.6181845038214,8281935975.563227,8667932508.396866,3.05024281852723,3.192405611831382,4.091500347888842,4.307803986543442
364.06708704822944,8976800356.73155,8575988187.8088,3.3061618566317117,3.15854245418254,4.079260835983957,4.292621186125596
366.5325737245455,11746121313.270166,8482118779.812163,4.326104703908362,3.1239702854932414,4.075755952974343,4.27718315435808
369.0147568416195,6479022294.032204,8386263088.3445635,2.386228447281079,3.0886665672108595,4.066063968915995,4.261483655455366
371.51374946886705,6687566614.117502,8288358056.448771,2.4630354663840692,3.0526080754138967,4.044057742249962,4.245516230437795
374.02966544141475,6939914207.319637,8188329500.231322,2.5559752616455387,3.0157674881224485,4.023484899496322,4.229274167979382
376.56261936528995,7263163565.641565,8086100715.106917,2.67502822664361,2.9781165549840436,4.004609660179167,4.212750474166235
379.11272662263946,7724798782.907753,7981588349.887984,2.8450488003838803,2.93962457769794,3.987926566658584,4.195937853616595
381.68010337698473,8588542925.039114,7874700766.879204,3.1631663726948607,2.900257806036789,3.974742932009015,4.178828676638617
384.26486657851547,5636527999.460265,7765344280.435406,2.0759372087046475,2.85998173551188,3.9565482268426,4.161414958248428
386.8671339694158,5826882667.583265,7653422733.577079,2.1460449662541534,2.8187609514403333,3.9318049832023134,4.143688351771953
389.48702408922645,6054369150.562211,7538831301.165622,2.229828397213526,2.7765568466502057,3.908425470821505,4.125640126138812
392.1246562802483,6338758483.944768,7421456714.78193,2.334569187817971,2.7333277043034356,3.886623745917291,4.10726112878911
394.7801506929738,6723764581.466778,7301177942.2972355,2.4763672031033814,2.689028948182255,3.866767941564268,4.088541751314532
397.453628291564,7342452037.281943,7177860031.7558,2.704230226263827,2.643610875386876,3.8496584740748556,4.069471881981249
400.14521085935735,9131997665.178583,7051354164.955991,3.3633211339965823,2.5970186760694407,3.838734205211185,4.050040843873709
402.8550210044156,4951894725.404437,6921511598.673549,1.8237862945131675,2.549197567996309,3.8220042664646074,4.030237368537341
405.58318216511356,5164731122.579031,6788171161.754495,1.9021740886133103,2.5000881917186244,3.7957398700911735,4.010049573305536
408.32981861575576,5430211588.41539,6651149832.520819,1.9999507300611508,2.4496231402242303,3.771009046943941,3.9894648848212615
411.09505547224256,5786000073.215773,6510250742.801689,2.1309878781240164,2.3977299068279683,3.748144504581579,3.9684699602266993
413.8790186977674,6338372995.869058,6365252785.968622,2.3344272122897816,2.3443270578037576,3.7278304570474092,3.9470506033604
416.6818351085537,7670846990.726072,6215910084.539002,2.825178317548174,2.2893240363025953,3.7124490531043226,3.925191655187426
419.50363237963415,4027192662.4002113,6061965786.075412,1.483217877264067,2.232626243391941,3.6915260032197925,3.902876918566165
422.3445390506653,4229833705.1117024,5903133368.20551,1.5578507151770118,2.1741281526814493,3.662419505878132,3.880089071657098
425.2046845317809,4486535737.247117,5739084267.895608,1.6523942533464364,2.113708754175763,3.6348378526491336,3.856809505842553
428.08419910949226,4837537856.058174,5569455005.04948,1.7816685794641842,2.0512341779009473,3.609127244637644,3.8330181530265404
430.9832139526162,5399507254.637884,5393826772.155682,1.9886423024327748,1.9865501767573008,3.586017287115871,3.8086932822151773
433.9018611182555,6872241273.768051,5211722688.618712,2.531051272836224,1.9194811152876066,3.568248551719844,3.7838112417982774
436.8402735578125,3003959654.944038,5022624960.708804,1.106360444185329,1.8498362896986489,3.5447588321144883,3.7583462410418247
439.7985851230435,3195760540.2462234,4825929418.644532,1.1770008445345201,1.7773931838369106,3.512540479274525,3.7322700641070035
442.77693057216084,3448482246.397967,4620918391.643177,1.2700784258572713,1.7018874790506273,3.4818521583031425,3.705551608833397
445.7754455759656,3815226409.785083,4406764695.66948,1.4051505580144208,1.6230145228804478,3.4531057406514467,3.6781563748385584
448.7942667240323,4473753333.03545,4182466886.895285,1.6476864849254789,1.540405482863285,3.4272786233462758,3.650045807891867
451.8335315309291,7383359968.694942,3946835403.300269,2.719296646045564,1.4536222424741638,3.410626439378361,3.6211764594235785
454.89337844248087,1779348909.0183282,3698527980.1193857,0.6553354490304804,1.3621704446603098,3.3874739745653137,3.591499210938916
457.973946842078,1945296119.583752,3435922215.417029,0.7164539228722666,1.2654525576528892,3.3512531683172555,3.5609582802748942
461.07537705702475,2184838743.643691,3157206839.0345364,0.8046776390330653,1.1628014893842775,3.3165197898224275,3.529490153708989
464.1978103649292,2587897633.4558806,2852042876.498764,0.9531245103588945,1.050409388317021,3.2838400853015295,3.4970020985070582
467.3413890001443,3597796854.7843614,2510911922.9699855,1.325071100670944,0.9247706192841874,3.255092260713159,3.463353603290891
470.5062561602402,0.0,2144988314.011598,0.0,0.7900006978976626,3.220301845774108,3.4284103016140057
473.69255601253246,0.0,1746285808.7020397,0.0,0.6431582860343434,3.1771247373454243,3.3920473404973737
476.90043370064734,0.0,1287107986.9480016,0.0,0.4740427727817816,3.134526538218268,3.3540532745364895
480.13003535113154,0.0,736189097.352665,0.0,0.27113896000932286,3.092499486502349,3.31407388317312
483.38150808011386,0.0,0.0,0.0,0.0,3.05103592437708,3.2714510518096094
486.65500000000014,0.0,0.0,0.0,0.0,3.010128296696305,3.2275881459244125
