R_kpc,Sigma_bar,Sigma_eff,kappa_bar,kappa_eff,kappa_bar_mean,kappa_eff_mean
1.0,39625486921.47069,41116124604.74479,18.935962903255678,19.648298878548868,0.0,0.0
1.0120606264911474,39625531510.19401,41113666408.10884,18.935984211016827,19.647124171966727,0.4486271078160455,0.46548936926738266
1.0242667116936537,39625580610.813156,41111209274.09979,18.9360076748926,19.645949973185626,0.8866259669815866,0.9199226373661175
1.0366200099307066,39625619176.34126,41108753228.81068,18.936026104329468,19.64477629467473,1.3142483451233267,1.3635617553010695
1.0491222966837304,39625666283.925674,41106298299.12824,18.936048615787126,19.643603149282505,1.731740069014246,1.7966624682888788
1.0617753688475675,39625714621.109604,41103844512.56064,18.93607171483758,19.642430550154355,2.139341207053617,2.2194744627921934
1.0745810449887383,39625764316.81134,41101391897.3555,18.936095463087447,19.641258510789072,2.537286099578311,2.6322415100701133
1.0875411656068144,39625814844.46308,41098940482.480064,18.936119608904026,19.640087045029325,2.9258035327099097,3.035201606328199
1.1006575933989453,39625865843.24486,41096490297.50789,18.936143979861072,19.638916167007533,3.3051168671995454,3.4285871095473346
1.113932213527575,39625920606.20778,41094041372.73486,18.936170149619855,19.637745891201288,3.6754441887052294,3.812624873070874
1.127366933891388,39625973255.2474,41091593739.274895,18.936195309191096,19.636576232479097,4.036998401100642,4.187536376028103
1.1409636853995222,39626027282.43896,41089147429.03207,18.936221127344375,19.635407206087073,4.389987350996658,4.55353785066808
1.1547244222490889,39626084649.88922,41086702474.748886,18.936248541718165,19.634238827671982,4.734613991569233,4.910840406676832
1.1686511222060412,39626144358.48786,41084258909.95902,18.936277074864297,19.633071113258676,5.071076473021216,5.259650152549275
1.1827457868894284,39626200933.043915,41081816768.98136,18.936304110335097,19.631904079247228,5.399568214220643,5.6001683140853045
1.19701044205908,39626262394.61887,41079376087.0752,18.93633348118184,19.63073774248712,5.720278066466086,5.932591350079349
1.2114471379067577,39626325515.32093,41076936900.44003,18.93636364488115,19.62957212027712,6.033390433582498,6.257111065269926
1.2260579493508208,39626390953.60426,41074499246.16502,18.936394916090716,19.628407230341157,6.339085336124856,6.57391472061289
1.2408449763344431,39626455118.3587,41072063162.23299,18.936425578714804,19.6272430908302,6.637538512893491,6.883185140941872
1.2558103441274293,39626524037.568794,41069628687.54124,18.93645851336639,19.626079720332232,6.928921553243159,7.185100820078207
1.2709562036316695,39626590396.16889,41067195862.02087,18.93649022437078,19.62491713792927,7.213401973530968,7.4798360234514085
1.2862847316902777,39626661616.37685,41064764726.66293,18.936524258607847,19.623755363209835,7.491143322458326,7.7675608882891565
1.3017981314004599,39626735561.947235,41062335323.49624,18.936559595222903,19.622594416258377,7.762305303563875,8.048441521433693
1.3174986324301545,39626807994.480606,41059907695.581726,18.93659420879794,19.621434317652565,8.027043800566412,8.322640094840573
1.3333884913384921,39626885641.40006,41057481887.04163,18.936631314188954,19.620275088477246,8.285511018482486,8.590314938815014
1.34946999190012,39626960691.85407,41055057943.14477,18.93666717879841,19.619116750365173,8.537855549692942,8.85162063304
1.3657454454334392,39627041074.41095,41052635910.36207,18.936705591477555,19.617959325523564,8.784222467359623,9.106708095448502
1.3822171911327976,39627124745.246574,41050215836.35704,18.936745575537376,19.616802836729544,9.02475344057569,9.355724668990458
1.3988875964046932,39627206134.83496,41047797769.99066,18.93678446945001,19.615647307332463,9.25958673882236,9.598814206344047
1.415759057208029,39627293127.89099,41045381761.34527,18.93682604111032,19.61449276126534,9.488857369291784,9.836117152620178
1.4328339983984741,39627378428.231606,41042967861.75836,18.936866803867094,19.61333922306099,9.712697143430562,10.06777062610786
1.4501148740769754,39627468998.273766,41040556123.954124,18.93691008487363,19.6121867179149,9.931234748430619,10.29390849710754
1.467604167942475,39627562086.29485,41038146602.06981,18.936954569155112,19.61103527169781,10.144595846160408,10.514661464897612
1.4853043936488803,39627656374.9362,41035739351.58327,18.93699962718098,19.609884910921114,10.352903098348069,10.730157132877192
1.5032180951663396,39627755929.476234,41033334429.335396,18.937047201639324,19.608735662747552,10.556276276384024,10.940520081928335
1.5213478471468749,39627851661.58541,41030931893.68,18.937092949459956,19.607587555062857,10.754832285179074,11.145871942041177
1.5396962552944244,39627954624.783104,41028531804.53645,18.937142152824844,19.606440616500898,10.948685271765516,11.346331462243262
1.5582659567393489,39628058569.27669,41026134223.3349,18.937191825124856,19.605294876417496,11.13794670543413,11.542014578872116
1.5770596204174525,39628164557.97738,41023739213.08879,18.9372424742969,19.604150364925104,11.322725385454717,11.733034482230432
1.5960799474535783,39628273473.048805,41021346838.4628,18.93729452190344,19.603007112925244,11.503127544452264,11.919501681662856
1.615329671549826,39628385738.02868,41018957165.80951,18.93734817034184,19.60186515212604,11.67925690558653,12.101524069091582
1.6348115593784562,39628500453.72279,41016570263.21595,18.937402989911185,19.600724515064474,11.851214731892476,12.279206981047174
1.65452841097953,39628618999.733,41014186200.53021,18.93745963988639,19.59958523511908,12.019099890099346,12.452653259230118
1.6744830601633456,39628745472.14637,41011805049.40827,18.937520077678172,19.598447346532335,12.18300893569577,12.621963309638039
1.6946783749177292,39628861434.63432,41009426883.4528,18.93757549305703,19.597310884476993,12.343036054655697,12.787235160293134
1.7151172578202367,39628989459.09052,41007051778.24106,18.93763667252867,19.596175885069417,12.499273226321023,12.948564517602824
1.7358026464553273,39629118705.26616,41004679811.274055,18.93769843582743,19.595042385345263,12.651810316155583,13.106044821385064
1.7567375138365704,39629251834.39522,41002311062.072266,18.937762054686022,19.59391042330525,12.800735014707605,13.259767298590232
1.7779248688339402,39629387660.62478,40999945612.2872,18.93782696241698,19.59278003796845,12.946132943200622,13.409821015751389
1.7993677566062685,39629526965.02088,40997583545.74954,18.937893532270927,19.591651269395317,13.088087692113431,13.55629293019286
1.8210692590389104,39629669769.66889,40995224948.51958,18.937961774801863,19.59052415871176,13.22668087603754,13.699267940026115
1.8430324951866892,39629816847.99441,40992869908.95145,18.93803205960925,19.589398748139867,13.361992180497454,13.838828932961826
1.8652606217221832,39629967296.389404,40990518517.74795,18.93810395488292,19.588275081024083,13.494099402331123,13.975056833966121
1.88775683338942,39630122561.024536,40988170868.03137,18.93817815170924,19.58715320186507,13.623078498381265,14.108030651788534
1.9105243634630407,39630278519.04608,40985827055.42703,18.93825267988643,19.586033156359616,13.749003610595793,14.237827524388447
1.9335664842130058,39630439860.82207,40983487178.14458,18.938329780816215,19.584914991439483,13.871947127878835,14.36452276328629
1.9568865073748998,39630607691.16384,40981151337.04945,18.93840998245846,19.58379875530558,13.991979756795715,14.488189896864785
1.9804877846259143,39630776005.83589,40978819635.7274,18.93849041554922,19.58268449745877,14.109170500770604,14.608900712645132
2.0043737080665673,39630952979.26084,40976492180.57154,18.938574986426957,19.58157226874149,14.223586741179227,14.726725298562405
2.0285477107082346,39631129077.51206,40974169080.84637,18.93865913908252,19.58046212136832,14.335294254715114,14.841732083263961
2.0530132669665586,39631310659.71762,40971850448.788795,18.93874591237354,19.57935410897429,14.444357242271455,14.953987875453992
2.0777738931608125,39631499638.47295,40969536399.75236,18.938836220278336,19.578248286683774,14.550838430381365,15.063557902307377
2.102833148019282,39631691289.74232,40967227052.25756,18.93892780530628,19.57714471113456,14.654799043333824,15.170505846974503
2.1281946331907466,39631892247.059494,40964922528.05948,18.93902383744617,19.57604344051015,14.756298866099568,15.27489388519821
2.153861993762124,39632091571.548065,40962622952.27453,18.93911908930084,19.574944534600345,14.85539624226825,15.37678272106432
2.1798389187823672,39632305787.389046,40960328453.442635,18.939221457335485,19.573848054830936,14.952148165714847,15.476231621906235
2.206129141792668,39632508547.855156,40958039163.65721,18.939318351152135,19.57275406432585,15.046610222968882,15.573298452383671
2.232736441363065,39632727402.42487,40955755218.79758,18.939422935911477,19.57166262801818,15.13883669225289,15.668039707756055
2.2596646416355184,39632952654.174255,40953476758.578926,18.939530577712286,19.570573812674095,15.22888066563773,15.76051054636924
2.2869176128735367,39633182350.29024,40951203926.52382,18.939640343357308,19.569487686879196,15.31679391166358,15.85076482137262
2.314499272018431,39633414787.61272,40948936870.123,18.939751418951772,19.568404321115374,15.402626951693838,15.93885511168561
2.3424135832522777,39633652118.13849,40946675741.05039,18.939864832877532,19.56732378786355,15.486429112821995,16.024832752232587
2.3706645585676736,39633899645.79426,40944420695.39627,18.939983119739633,19.566246161715103,15.568248595808116,16.108747863464014
2.399256258344359,39634153684.87834,40942171893.78239,18.940104518239586,19.565171519426876,15.648132468305468,16.19064938018021
2.4281927919327986,39634414983.272064,40939929501.4193,18.94022938576992,19.564099939948594,15.726126666370286,16.270585079673126
2.4574783182447963,39634681829.32024,40937693688.13652,18.940356904376294,19.563031504437248,15.80227603221218,16.348601609201896
2.4871170463512398,39634952838.69346,40935464628.586,18.94048641252462,19.561966296354342,15.876624328133804,16.424744512818826
2.5171132360870474,39635231260.98266,40933242502.55311,18.9406194631077,19.56090440161451,15.94921429034671,16.499058257562684
2.547471198663417,39635519006.95907,40931027495.07925,18.940756969232122,19.5598459086441,16.020087671731655,16.57158625903391
2.578195297287452,39635815079.310135,40928819796.60004,18.940898454308826,19.558790908447214,16.08928524104117,16.642370906365365
2.6092899477892684,39636117998.366684,40926619603.13205,18.941043211243393,19.55773949469494,16.15684678710492,16.711453586603284
2.6407596192566607,39636423375.02881,40924427116.48773,18.94118914260209,19.556691763828063,16.222811122763108,16.778874708512983
2.6726088346774195,39636741130.71492,40922242544.45722,18.94134098956605,19.555647815143942,16.287216173113418,16.84467372582266
2.7048421715894047,39637064538.70736,40920066101.01966,18.94149553761639,19.554607750897507,16.350098982259873,16.908889159918882
2.7374642627384485,39637399832.088394,40917898006.57715,18.94165576537681,19.553571676413032,16.41149571431072,16.971558622006782
2.770479796744201,39637741013.59155,40915738488.14678,18.941818806913684,19.552539700175938,16.471441677501677,17.032718834747726
2.803893518774003,39638091361.54256,40913587779.622444,18.941986228851405,19.551511933957865,16.52997132847642,17.092405653386873
2.837710231224885,39638453778.97059,40911446122.04167,18.942159418470155,19.550488492944222,16.587118342517957,17.150654086383195
2.8719347944137956,39638823772.899345,40909313763.80079,18.94233622869644,19.549469495836984,16.642915587830203,17.207498315553494
2.9065721272761507,39639201031.84764,40907190960.92442,18.94251651068172,19.548455064983493,16.697395126855092,17.26297171574181
2.941627208072808,39639589954.02555,40905077977.33082,18.942702366213233,19.547445326503233,16.75058828571207,17.31710687402601
2.977105075105571,39639985174.20882,40902975085.2111,18.942891231393457,19.546440410469078,16.802525642543316,17.369935608472844
3.013010827441318,39640396328.58952,40900882565.38607,18.94308771110148,19.545440451077802,16.853237075726383,17.42148898645293
3.0493496256448713,39640815383.44215,40898800707.51854,18.943287966234227,19.544445586751525,16.902751764238324,17.471797342524987
3.086126692520694,39641247907.74064,40896729810.404945,18.943494658055762,19.5434559602771,16.951098182262978,17.5208902958992
3.123347313863546,39641688776.13066,40894670182.37768,18.943705337296002,19.542471718998346,16.998304131528208,17.568796767490856
3.161016839218183,39642143258.57272,40892622141.73283,18.943922522328457,19.54149301502047,17.044396756260497,17.615544996574574
3.1991406826482205,39642607441.47215,40890586017.13501,18.944144342950658,19.54052000540353,17.089402564957552,17.661162557048687
3.237724323514275,39643086306.13349,40888562147.99911,18.944373179595132,19.53955285234483,17.133347444429308,17.70567637331878
3.2767733072614837,39643578139.77419,40886550884.89737,18.944608213768802,19.538591723373504,17.17625668645626,17.749112735809387
3.3162932462165258,39644080400.69566,40884552590.047874,18.94484823086173,19.5376367915839,17.21815495949927,17.791497316113183
3.356289820394258,39644595674.61192,40882567637.80335,18.945094466517652,19.536688235869203,17.259066348002403,17.8328551817869
3.396768778314074,39645126954.44373,40880596415.14413,18.94534835097354,19.535746241156982,17.299014397399656,17.873210810802185
3.4377359378261105,39645672504.60487,40878639322.21626,18.94560905483905,19.53481099866637,17.338022102248697,17.912588105659975
3.4791971869474256,39646229194.30586,40876696772.9282,18.945875081993428,19.533882706193157,17.376111884729855,17.951010407176863
3.521158484708249,39646804211.04529,40874769195.53944,18.94614986715047,19.53296156839114,17.41330565911636,17.988500507951603
3.56362586200845,39647391710.22447,40872857033.25843,18.94643061733241,19.532047797057807,17.449624827652826,18.025080665519212
3.606605422484327,39648001387.57131,40870960744.96583,18.94672196586891,19.53114161147998,17.485090307854303,18.06077261520099
3.6501033433858567,39648620922.13049,40869080805.907166,18.947018024904178,19.53024323876482,17.51972250605443,18.095597582658048
3.6941258764645224,39649260374.00844,40867217708.41208,18.947323601894645,19.529352914183523,17.553541333085406,18.129576296155484
3.7386793488718437,39649918939.88577,40865371962.706474,18.947638312955412,19.528470881559432,17.58656628008872,18.162728998544587
3.7837701640687524,39650591851.43653,40863544097.76812,18.947959879430737,19.527597393676913,17.618816344751124,18.195075458970667
3.8294048027459335,39651280882.07729,40861734662.23652,18.94828914878908,19.526732712716143,17.65031005793844,18.226634984313492
3.875589823755259,39651993797.14111,40859944225.356834,18.948629831875913,19.525877110704197,17.68106556568775,18.257426430367143
3.922331865052462,39652722216.2312,40858173377.99671,18.948977923923216,19.525030870000958,17.71110058009438,18.287468212766136
3.9696376446511854,39653472210.17197,40856422733.7372,18.949336326015995,19.524194283820435,17.74043238103869,18.316778317664607
4.017513961588521,39654250175.55142,40854692930.04142,18.949708094912985,19.52336765678925,17.769077909596774,18.345374312175263
4.06596769690221,39655041534.60701,40852984629.49638,18.950086264290423,19.522551305540052,17.797053658456324,18.373273354574717
4.115005814619619,39655852638.41521,40851298521.116425,18.950473869158298,19.52174555933441,17.824375683703956,18.400492204281367
4.164635362758645,39656692538.94329,40849635321.754326,18.950875235210248,19.520950760737136,17.85105974831463,18.42704723161232
4.214863474340702,39657553267.05443,40847995777.63082,18.95128655420841,19.520167266347215,17.877121247362382,18.452954427325814
4.265697368415905,39658440553.43357,40846380665.966866,18.95171056469422,19.519395447577796,17.90257519897774,18.478229411955386
4.317144351100639,39659354493.14043,40844790796.72708,18.952147312094173,19.51863569148937,17.9274362982722,18.502887444942086
4.369211816627631,39660289431.580666,40843227014.51454,18.952594094228516,19.5178884016952,17.951718860537067,18.526943433570928
4.421907248408684,39661255341.33723,40841690200.601234,18.953055676728546,19.517153999331658,17.975436886882438,18.550411941717776
4.4752382201102385,39662249379.942986,40840181275.05733,18.95353070125507,19.516432924075726,17.998604086634636,18.573307198412643
4.529212396741896,39663264730.212616,40838701199.162125,18.954015910057112,19.51572563529714,18.02123378950494,18.59564310622576
4.583837535758073,39664318978.19888,40837250978.089745,18.954519707040056,19.51503261334179,18.043339071188747,18.617433249483867
4.639121488172954,39665403989.10479,40835831663.55907,18.955038204801475,19.514354360798063,18.064932750224084,18.63869090232196
4.695072199688863,39666514737.11148,40834444356.74626,18.955569001636633,19.513691403888668,18.08602726706028,18.659429036575947
4.75169771183828,39667663266.65591,40833090211.68166,18.95611785326058,19.51304429409391,18.10663480772061,18.67966032952382
4.8090061631396015,39668853134.914116,40831770438.8281,18.956686459552834,19.51241360986168,18.12676735754986,18.699397171483106
4.867005790266854,39670062321.181335,40830486308.95259,18.957264297406148,19.51179995845763,18.146436512551603,18.718651673270443
4.925704929233514,39671316923.31029,40829239157.38382,18.957863838287988,19.511203977999703,18.165653618712177,18.737435673530385
4.9851120165906035,39672608317.40429,40828030388.66546,18.958480961068233,19.51062633968185,18.184429850950213,18.75576074594115
5.0452355906392325,39673943103.93355,40826861481.71715,18.959118819935476,19.5100677502403,18.20277610849283,18.773638206305133
5.106084292657776,39675316458.74617,40825733995.48198,18.959775109556254,19.509528954652364,18.22070304201276,18.79107911953267
5.1676668681438365,39676733698.3898,40824649575.10534,18.960452370566827,19.509010739089124,18.238221052980666,18.808094306527344
5.229992168071196,39678255423.91279,40823609958.820656,18.961179562591226,19.50851393420596,18.25534067146246,18.82469435098205
5.293069150161929,39679709179.14012,40822616985.59637,18.961874273424932,19.508039418796816,18.2720715369462,18.840889606096436
5.356906880173848,39681261219.24564,40821672603.61524,18.962615951979462,19.507588123846258,18.2884230369335,18.85669020122648
5.4215145332034815,39682870241.47655,40820778879.72449,18.963384860771303,19.507161037045417,18.304405036811715,18.87210604847805
5.486901395004776,39684526672.69734,40819938009.989235,18.964176425054436,19.506759207835223,18.320026881316053,18.887146849257498
5.5530768633236836,39686244214.700554,40819152331.538506,18.964997192549912,19.506383753067276,18.33529771794963,18.90182210079397
5.620050449248863,39688018709.06271,40818424335.85336,18.965845176058117,19.506035863353897,18.35022653091226,18.91614110264948
5.687831778578659,39689848953.19957,40817756683.79415,18.96671980089612,19.505716810249247,18.364822061304494,18.930112963235054
5.756430593204574,39691750636.93175,40817152222.64988,18.967628564810553,19.505427954396776,18.379092925717664,18.943746606354253
5.825856752511429,39693708703.30973,40816614005.49461,18.968564272487008,19.505170754779108,18.393047539139886,18.957050777797715
5.896120234794399,39695742005.93167,40816145313.26815,18.969535933556976,19.504946779269837,18.406694139836013,18.970034052016207
5.967231138693149,39697846464.02486,40815749680.0839,18.970541597928065,19.50475771672746,18.420040853740005,18.9827048389039
6.039199684643272,39700031413.473816,40815430922.40625,18.971585726970392,19.50460539093848,18.43309564447151,18.995071390729528
6.11203621634521,39702295362.336395,40815193172.81123,18.972667607724606,19.50449177675071,18.445866331013622,19.007141809259764
6.1857512022509145,39704640225.07167,40815040919.252106,18.973788155059616,19.504419018837268,18.458360549611115,19.01892405312738
6.2603552370684294,39707083113.9451,40814979050.999,18.974955546470497,19.504389453649893,18.47058586381535,19.030425945507467
6.335859043284609,39709612852.97834,40815012912.69444,18.976164441255392,19.504405635250638,18.482549690628094,19.041655182178044
6.412273472706223,39712247696.09034,40815148368.40728,18.977423562475117,19.504470365921545,18.494259312394735,19.052619340058694
6.489609508019627,39714996409.2317,40815391878.00855,18.978737099143565,19.504586732662613,18.50572199156202,19.063325886342252
6.567878264369249,39717852605.08584,40815750588.8941,18.98010199893257,19.504758151023605,18.5169448314672,19.073782188362223
6.647090990955133,39720835637.29847,40816232447.20172,18.981527510433025,19.504988418251763,18.527934841430472,19.083995524375954
6.727259072649714,39723946631.44021,40816846333.80667,18.983014171525088,19.505281778280402,18.53869898001969,19.093973095492526
6.808394031634124,39727208934.32136,40817602232.14815,18.98457313902646,19.50564300192874,18.54924418022996,19.103722039039106
6.89050752905422,39730614716.223114,40818511437.656746,18.98620067132344,19.506077486981663,18.55957729758315,19.113249443747513
6.973611366696582,39734190786.00538,40819586822.32546,18.987909579654854,19.506591384621178,18.569705133794745,19.122562367266177
7.057717488684729,39737942065.820435,40820843173.3616,18.989702216185943,19.507191761259097,18.579634508316847,19.131667856674422
7.142837983195795,39741896956.29783,40822297633.1078,18.991592152819777,19.50788680876357,18.589372268468033,19.14057297292155
7.228985084197899,39746061386.90204,40823970280.413536,18.993582223089216,19.508686122281013,18.59892529291623,19.149284820473063
7.3161711732084855,39750477969.074165,40825884913.62891,18.995692789864997,19.509601074407946,18.608300573388274,19.157810583984865
7.404408781073854,39755161381.03793,40828070128.47682,18.997930867478587,19.510645330277352,18.617505259324087,19.166157574652605
7.493710589770156,39760144778.03623,40830560840.76205,19.00031229993591,19.511835575220694,18.626546602185005,19.174333290199474
7.58408943422613,39765476731.22835,40833400502.86755,19.002860298098,19.513192573972386,18.635432144795203,19.18234549463338
7.67555830416779,39771213079.46797,40836644447.965515,19.00560154586313,19.514742768778998,18.64416984257053,19.1902023276311
7.768130345985381,39777414514.00687,40840365161.77073,19.008565045961138,19.516520798629553,18.652768122271414,19.19791246016978
7.861818864622859,39784191378.01094,40844661058.89613,19.011803528446816,19.518573693241652,18.66123618089598,19.205485326114353
7.956637325490131,39791674276.5794,40849672157.07671,19.01537940601223,19.520968363354857,18.669584362205438,19.21293148696296
8.052599356398389,39800062860.10517,40855610842.16629,19.01938808625305,19.523806302501782,18.677824636764164,19.220263251347877
8.149718749518765,39809689660.85419,40862830986.54363,19.023988477466453,19.52725661685013,18.68597170864074,19.22749584658435
8.24800946336461,39821168453.006836,40872020348.27768,19.029473885956385,19.531647967630132,18.694045299967794,19.234650047055013
8.3474856247977,39835956831.546234,40881229370.891396,19.036540857473387,19.53604871381993,18.702076419941275,19.24173890263556
8.448161531058608,39860722529.756424,40884961660.458305,19.04837572384388,19.537832275418133,18.71014151604402,19.248732883363108
8.550051651821585,39865901785.02644,40883177508.67093,19.050850751743322,19.5369796768841,18.718184384481486,19.25557200507573
8.653170631274223,39855759950.75486,40880147885.121574,19.046004239751728,19.53553190062699,18.726008090743463,19.26222180349449
8.757533290222188,39875805897.03685,40877129162.990814,19.055583662609262,19.534089333866948,18.733703529297376,19.26867981795672
8.863154628219347,39878686478.3201,40874124581.64885,19.05696021554418,19.532653524612567,18.7413458500211,19.27495073403739
8.970049825723585,39866610635.80052,40871103251.36921,19.051189492614533,19.53120971148777,18.748754550110764,19.28103896861958
9.078234246278617,39872023243.11687,40868074955.20741,19.05377603323056,19.529762569553753,18.75595059876374,19.286948715841188
9.187723438722127,39872182894.97994,40865047253.51564,19.053852326596054,19.5283157117011,18.76300752555247,19.29268416857628
9.298533139420517,39858614241.7628,40862010379.01807,19.04736822926556,19.526864470409304,18.769820889113323,19.2982494072812
9.410679274530622,39859357166.37548,40858961072.548035,19.047723253115073,19.525407288209585,18.776400713156445,19.303648342219276
9.524177962288718,39878412186.08538,40855906186.00374,19.056829138603938,19.523947439441265,18.782937343695004,19.308884811693634
9.639045515327101,39854682801.833115,40852847816.06274,19.045489499022764,19.522485926050603,18.789291197179764,19.31396261356622
9.755298443018628,39866800874.12139,40849782590.84339,19.05128040243209,19.521021136705333,18.795430003133184,19.318885448316525
9.872953453849549,39857779555.92093,40846710538.10297,19.046969355173015,19.519553084669916,18.80144018270464,19.323656909937906
9.992027457820912,39868815473.81012,40843630432.45794,19.052243125869314,19.518081184366256,18.807320055267493,19.328280500453474
10.112537568878977,39865205263.65068,40840541242.64035,19.05051790276259,19.516604942978915,18.813102161874664,19.33275962614919
10.234501107374921,39885125601.32629,40837444541.5408,19.060037300618653,19.515125112150344,18.81884040744085,19.337097615764424
10.357935602554209,39878536259.60843,40834341979.18401,19.056888430030046,19.51364248038333,18.82451726876912,19.34129773742175
10.48285879507597,39868803557.58152,40831232353.41349,19.05223743142162,19.512156473199358,18.829967132000274,19.34536318425462
10.60928863956282,39871744232.85919,40828115403.85667,19.05364270167303,19.510666966173332,18.835249859692937,19.34929706549823
10.737243307181362,39867408035.48091,40824989520.63981,19.051570548645383,19.509173189989543,18.84039928336908,19.353102406091505
10.866741188253847,39878577869.35098,40821855215.54319,19.05690831421577,19.507675389214132,18.845465918235313,19.356782153162992
10.997800894901342,39852170421.274025,40818714022.64795,19.044288899389503,19.506174296943538,18.850324982728655,19.36033919563448
11.130441263718758,39874600203.7813,40815565373.599144,19.055007493973026,19.504669641576104,18.85504806751515,19.3637763593795
11.264681358482123,39862008556.84738,40812406556.41525,19.048990281876574,19.503160127128222,18.859713757705205,19.367096384679403
11.400540472888565,39859382929.817825,40809239080.74801,19.047735564776744,19.501646475022174,18.864183105001526,19.37030194023042
11.538038133329287,39892429886.232635,40806066050.18782,19.063527823480758,19.500130168381006,18.868719986093392,19.37339565767149
11.677194101695985,39857550744.48654,40802885325.8434,19.04686001229372,19.498610185085635,18.873136703780695,19.376380111576427
11.818028378221166,39860647089.58217,40799693204.269936,19.048339672997518,19.497084755358614,18.877270152870114,19.379257782397197
11.960561204352672,39850004103.939575,40796491135.08038,19.043253674137553,19.495554571931287,18.881262486646456,19.382031079235674
12.104813065662881,39832978422.604904,40793281918.19697,19.03511755531093,19.49402097281178,18.885003390495424,19.38470237821957
12.250804694792999,39861944589.49135,40790064291.587685,19.048959713583915,19.492483354908668,18.88872481937567,19.38727400774977
12.39855707443289,39844828544.82382,40786835566.55261,19.040780412531614,19.490940433364003,18.892423598894936,19.389748218650322
12.548091440336803,39854805514.2425,40783596830.65137,19.045548140008968,19.489392727893506,18.895995253885143,19.39212719948358
12.699429284375467,39888985532.30334,40780350168.207275,19.061881858641,19.487841234539683,18.899733076747204,19.394413104950246
12.852592357625056,39872721175.45537,40777094020.21924,19.054109556472735,19.486285208297502,18.903482049856816,19.396608041552465
13.007602673493352,39877776429.32037,40773828222.35187,19.056525327409354,19.484724570635468,18.9070794735942,19.398714056177372
13.164482510883603,39869639734.418335,40770552829.024086,19.052637018020867,19.483159347558935,18.91057377675938,19.400733146602878
13.32325441739661,39866483184.88,40767267389.14554,19.051128587220287,19.48158932350385,18.913921533397303,19.402667261013313
13.483941212571365,39868890369.46178,40763971799.98205,19.052278916502857,19.480014449376302,18.917185922444144,19.404518298313757
13.646565991164776,39852539598.05329,40760666191.66015,19.04446531912185,19.47843478736028,18.920293403402912,19.40628811258377
13.811152126471006,39854347468.80974,40757350624.270935,19.04532925231833,19.476850366171718,18.923245553743133,19.40797851505089
13.977723273680795,39855076061.73188,40754024338.86757,19.045677427435333,19.475260823130178,18.92614208424353,19.40959127004751
14.146303373281274,39862509802.501465,40750686999.90047,19.049229813800306,19.47366599788546,18.92901642391255,19.411128093924454
14.316916654496875,39870816926.83703,40747339423.730064,19.053199566867637,19.472066280554433,18.931911801439167,19.41259066512998
14.489587638771654,39859029618.884964,40743981034.60093,19.047566726909054,19.470461395998942,18.934718199692995,19.413980623661708
14.664341143293623,39859953578.57678,40740611576.462234,19.048008262592464,19.468851221859133,18.937397045022884,19.4152995659649
14.84120228456165,39848628004.95426,40737231607.29114,19.04259607314987,19.467236024777392,18.93995312621881,19.416549052398942
15.020196481995317,39849150524.889275,40733838860.81784,19.04284577148481,19.46561472176386,18.942387896978467,19.417730596589333
15.201349461588306,39859244410.81706,40730434094.45693,19.047669370242275,19.463987674766756,18.944825406180815,19.418845667862268
15.384687259605924,39872027482.9499,40727018837.721115,19.053778059333634,19.462355614699387,18.947334760410037,19.419895713705127
15.570236226327143,39851754284.9012,40723591722.52744,19.044090038920377,19.46071788779142,18.94974114149804,19.420882148127188
15.758023029831811,39860964959.4012,40720152711.997505,19.048491574502552,19.459074476419648,18.95202888841391,19.421806343729276
15.948074659833509,39835271982.78794,40716701249.263245,19.036213586525093,19.45742511447168,18.954167946532394,19.422669637214067
16.14041843155869,39871307779.62776,40713237377.47708,19.05343413231928,19.45576982256891,18.95631697013678,19.42347333072766
16.335081989672556,39857729045.15773,40709761527.19075,19.04694521742702,19.454108806460525,18.958540521777323,19.424218698260713
16.532093312252265,39863284447.754944,40706273063.76192,19.049599996097676,19.45244176286788,18.960666623984384,19.424906982429285
16.731480714808132,39846013875.97382,40702771464.03263,19.04134685066092,19.45076844178776,18.962675262829265,19.425539389859285
16.933272854353273,39848926993.96667,40699257037.33082,19.042738952021203,19.44908899103972,18.96455572309046,19.4261170974073
17.13749873352231,39851677378.85681,40695729751.952805,19.04405328757379,19.44740339547342,18.966423686527758,19.42664125560809
17.34418770473983,39855311757.726166,40692188365.52373,19.045790060262107,19.445711061391066,18.968283567671147,19.427112980484768
17.553369474439055,39866649646.23982,40688633243.94235,19.051208134662588,19.444012163645912,18.97018440186368,19.427533356712825
17.765074107331372,39852206262.609825,40685064900.80242,19.044306027007554,19.442306947670705,18.972021747379817,19.427903448253527
17.979332030727445,39867388555.2033,40681482670.52338,19.05156123954049,19.44059509540226,18.973820750993827,19.42822429296061
18.196174038910378,39856126353.31,40677886211.83279,19.04617933375639,19.43887644375558,18.97559842667258,19.428496898410593
18.415631297561585,39866593850.16515,40674275403.25525,19.05118147120727,19.437150934680812,18.97733022466909,19.428722245696584
18.637735348240156,39857880373.05295,40670650127.26347,19.04701753299038,19.435418512014802,18.97903027164262,19.42890129131505
18.862518112916142,39861425197.304955,40667010078.229774,19.048711509916583,19.43367902970624,18.980661198507256,19.42903496669953
19.090011898558522,39844486985.22858,40663355240.75812,19.04061719031462,19.431932480397762,18.9821769729781,19.429124179408838
19.320249401778593,39865860416.03998,40659685325.750916,19.050830982608506,19.430178725937353,18.9836832430802,19.429169813767103
19.553263713529255,39857375657.31663,40655999878.147484,19.046776342806936,19.42841754886365,18.98522577447275,19.429172728929046
19.789088323861044,39874064791.38223,40652298816.08188,19.054751634673508,19.4266489100551,18.986779058368658,19.4291337606677
20.027757126735455,39869453601.96936,40648582137.42218,19.05254807028993,19.424872808492918,18.988363190703645,19.42905372448232
20.269304424896426,39935050348.53391,40644849558.716934,19.083895005205388,19.42308910872322,18.99025740370918,19.428933414925357
20.513764934800466,39848784331.24461,40641100603.85021,19.042670777312892,19.421297583222906,18.991984581036075,19.42877360341856
20.76117379160629,39844580542.95644,40637335148.87488,19.04066189905644,19.419498172760942,18.993161488143354,19.428575039722414
21.011566554224647,39855546624.92234,40633553006.54567,19.045902297028377,19.417690787857822,18.994349307201816,19.428338454070463
21.264979210429043,39866389304.59516,40629753889.24312,19.0510837243371,19.41587529106787,18.995632436360715,19.42806455670419
21.52144818202804,39858088603.0234,40625937708.96141,19.047117040537216,19.414051640335458,18.996898906043977,19.42775403891859
21.78101033010006,39879882959.694855,40622104173.74237,19.05753198206838,19.412219696141563,18.99821277736273,19.427407573472834
22.043702960291224,39855361990.2489,40618252939.66455,19.045814065044404,19.4103792941353,18.99947851423585,19.427025813585814
22.309563828177094,39856051091.94504,40614383777.54638,19.046143368358216,19.408530324796914,19.00058021064369,19.426609393760177
22.578631144689147,39876433741.122574,40610496576.609406,19.055883692545546,19.40667273518834,19.001775757882573,19.42615893154561
22.85094358160664,39837197822.42174,40606590807.95958,19.037133893900382,19.40480627256522,19.002834232202428,19.425675026225683
23.126540277114675,39844595280.40513,40602666224.8962,19.040668941689937,19.402930819035877,19.003688979394862,19.42515825850492
23.405460841429427,39862374569.806915,40598722839.69983,19.049165189703892,19.40104638046886,19.004666349838708,19.424609194011683
23.687745362491093,39828102619.49336,40594760178.0483,19.032787539101243,19.399152730198256,19.005525436157725,19.424028382341554
23.9734344117255,39862077609.912544,40590777974.751465,19.049023280493923,19.39724974149678,19.006364803897828,19.42341635589002
24.26256904987534,39867952764.44152,40586776062.19304,19.051830860081076,19.395337334265076,19.007408917209613,19.422773631992452
24.555190832901552,39874235222.41792,40582754099.438965,19.054833079117984,19.393415345579854,19.008497129692916,19.42210071284291
24.851341817956033,39859485839.5908,40578711775.10527,19.047784742611384,19.391483626639026,19.009510916939888,19.421398085045908
25.15106456942623,39834848505.798965,40574648731.826675,19.036011218171375,19.38954200666726,19.010277388447328,19.4206662198902
25.454402165052805,39865776942.81042,40570564711.397156,19.050791092979352,19.38759036227478,19.011063199241224,19.41990557401758
25.76139820212097,39837589471.7745,40566459627.394325,19.037321052675985,19.385628652162637,19.01184390301182,19.419116591306114
26.072096803726463,39876269718.03401,40562333124.872894,19.055805310288022,19.383656706711953,19.012667777359546,19.418299702609993
26.38654262511724,39804463946.47286,40558184288.98138,19.02149124799735,19.381674088739608,19.013280865434773,19.41745532136858
26.70478086011153,39872471324.148254,40554013162.12123,19.053990159199653,19.379680818508124,19.013862670406915,19.416583846319806
27.02685724759327,39839916571.52307,40549819935.6615,19.03843311155361,19.37767698746767,19.014627970639275,19.41568566808319
27.35281807808605,39825500511.95639,40545603759.57479,19.031544061339368,19.37566218941283,19.01510986090465,19.414761164259847
27.68271020040616,39840148566.58591,40541364064.63888,19.03854397580399,19.37363615232749,19.01558263381692,19.41381069548028
28.016581028395926,39847680501.05989,40537100869.40392,19.042143286320268,19.371598885076278,19.01616952173397,19.412834610733654
28.354478547738374,39826056467.886894,40532813954.53764,19.03180973784441,19.36955028284615,19.016661742830212,19.411833249596302
28.696451322853907,39841312586.95528,40528502802.31712,19.03910023007985,19.367490098231134,19.01710750602053,19.41080693941691
29.042548503880234,39861358783.21644,40524167082.73439,19.048679772395758,19.36541817352923,19.01774271147668,19.409755994996196
29.39281983373656,39842500932.737946,40519806413.8907,19.039668108821665,19.363334326241215,19.018368274718412,19.408680719644927
29.747315655272857,39870350075.657196,40515420407.67448,19.052976471145428,19.361238370898928,19.01903150035093,19.407581405128784
30.10608691850536,39850198319.81648,40511008694.855316,19.043346484723013,19.359130131057004,19.019720957869065,19.40645833201446
30.469185187939466,40030155437.55142,40506570933.26831,19.129343189630614,19.357009443203967,19.021305503122253,19.40531177019533
30.8366626499808,39884543969.31947,40502106733.97743,19.059759354201837,19.354876121477666,19.023035885596226,19.404141979030285
31.208572120435743,39818285345.9209,40497615591.58199,19.028096126007753,19.3527299243606,19.023528602735382,19.402949206666904
31.58496705210235,39836455722.45355,40493097273.251724,19.03677926412647,19.35057074058939,19.02374029163597,19.40173369120393
31.965901542452947,39876759727.07015,40488551423.563385,19.05603947253186,19.348398400316757,19.0242787302328,19.400495661764978
32.35143034140928,39807629198.51152,40483977172.516045,19.02300383749063,19.34621248779247,19.024637516666367,19.399235335090907
32.74160885921138,39850119005.39106,40479374313.44517,19.04330858247539,19.344012904257063,19.024840781522457,19.397952916715287
33.13649317438156,39846949438.48467,40474742703.90125,19.041793931021957,19.341799581637716,19.025260266830088,19.39664860532813
33.53614004178425,39828189394.95057,40470081717.45468,19.03282900677688,19.33957222058043,19.02554514481126,19.395322590543206
33.94060690078302,39844552135.68994,40465390904.45602,19.040648323981745,19.337330606209736,19.025810894568874,19.39397505139647
34.34995188349621,39844054841.28139,40460669824.29136,19.040410680252826,19.335074527968015,19.02615958785174,19.39260615764289
34.764233823151955,39852299224.45701,40455918015.39412,19.044350450993893,19.3328037652849,19.02654417159684,19.391216069907816
35.1835122625439,39812853146.20799,40451134997.94289,19.025500222708178,19.330518088866548,19.026741397918478,19.38980493968143
35.60784746258914,39866421944.9879,40446320301.64404,19.05109932230987,19.328217273972182,19.027017054196897,19.38837290948672
36.03730041098919,39836636871.533714,40441473443.69345,19.036865830438416,19.325901089882592,19.027417987116053,19.386920113074286
36.4719328309954,39840138912.359055,40436593928.11037,19.038539362306572,19.323569299581813,19.027661766748594,19.38544667548476
36.91180719028024,39831381344.880486,40431681252.580696,19.03435435448003,19.32122166302734,19.027869604131954,19.383952713144936
37.356986709915475,39838445446.522125,40426734930.8241,19.037730100168556,19.31885794783878,19.02806346790233,19.38243833412752
37.807535373458514,39826927397.69813,40421754439.902084,19.03222593196284,19.31647790411777,19.028226895093955,19.38090363823051
38.26351793614863,39836099898.33343,40416739259.928314,19.036609225273644,19.314081283424514,19.02837387470839,19.379348716984346
38.724999934213855,41174476584.46768,40411688871.72188,19.676183732697258,19.311667837656298,19.036190731116413,19.377773653869006
39.19204769429011,39771019213.58895,40406602652.58614,19.00550890253232,19.30923726924302,19.043360945135188,19.376178523919158
39.66472834295417,39799893917.68033,40401480048.129875,19.01930735317598,19.3067893132559,19.04262859726908,19.374563393730806
40.143109816371364,39865859455.06746,40396320563.77211,19.050830523385383,19.304323733347893,19.042451733759552,19.372928322386105
40.62726087005974,39814309672.64189,40391123611.19629,19.02619625782756,19.301840248378213,19.042356678173935,19.3712733614342
41.11725108877194,39817963303.58975,40385888609.439,19.027942230570506,19.299338580719947,19.04199461547572,19.369598554584066
41.61315089649633,39812298375.344986,40380614979.0152,19.025235112515276,19.29681845345265,19.04162942886712,19.367903937940085
42.11503156657874,39818035538.34157,40375302077.22674,19.027976749631016,19.294279559448036,19.041273689987854,19.366189539830536
42.62296523196612,39815203907.72414,40369949298.979065,19.026623588913175,19.291721609547555,19.040942536188563,19.364455380850277
43.13702489557402,39843031256.69608,40364556037.14448,19.039921536491033,19.28914431362108,19.04076176502611,19.362701474243966
43.65728444077888,39834432231.343544,40359121636.787636,19.035812291716258,19.286547358692488,19.04069288904425,19.36092782579652
44.18381864203688,39807927243.91077,40353645450.784294,19.023146265434413,19.283930435518368,19.04042631917421,19.359134433785325
44.71670317563108,39815141083.00012,40348126824.48096,19.026593566653872,19.28129323125728,19.04005800492027,19.357321289159163
45.25601463054789,39753553420.647156,40342565076.079704,18.99716246611181,19.278635420096194,19.039388280761013,19.355488375514913
45.80183051948482,39833068466.96459,40336959527.21727,19.03516058510784,19.275956677863405,19.03884069546343,19.35363566913852
46.35422928999115,39816312631.170715,40331309512.812454,19.027153418265076,19.27325668673435,19.038658086446095,19.35176313927321
46.91329033574276,39792721486.65671,40325614305.49721,19.01587983976627,19.270535099119247,19.038251174144044,19.349870748006325
47.479094007952895,39768787559.04202,40319873120.0152,19.004442454369872,19.26779153976505,19.037584858999363,19.34795844975876
48.05172162692088,39827471053.91929,40314085270.35561,19.03248573076497,19.265025680845493,19.037133845067476,19.346026191706027
48.631255493719785,39839960297.08766,40308250056.20882,19.03845400683423,19.262237187701288,19.03709484627641,19.344073914426904
49.21777890202509,39832381757.05413,40302366676.267685,19.034832424764584,19.25942567740914,19.037083889187034,19.342101551404163
49.811376150086275,39790587810.52816,40296434355.33655,19.014860212875686,19.256590779523727,19.036792541089294,19.340109028773004
50.41213255284251,39793853176.24247,40290452315.437454,19.016420644023302,19.253732122270137,19.036291520481935,19.338096265626298
51.02013445418457,39806263946.307106,40284419747.11804,19.022351419890118,19.250849318832692,19.035891420322578,19.33606317398649
51.6354692393646,39838032636.78677,40278335824.093216,19.03753282941072,19.247941974351786,19.03575154883492,19.33400965870013
52.2582253475557,39849707588.999,40272199732.753784,19.043111977559136,19.245009700025296,19.035860236717248,19.331935617585412
52.8884922845628,39910826146.1405,40266010630.446594,19.072318905237413,19.242052093171765,19.036380099508797,19.329840941504575
53.526360635686835,39769732739.4374,40259767623.78281,19.0048941308613,19.239068726864506,19.03642805976746,19.327725514076334
54.171922078744295,39786968700.89533,40253469831.777824,19.013130736948085,19.236059180104483,19.035779119371302,19.325589211632696
54.825269397243595,39862305945.549866,40247116350.99655,19.049132396002495,19.233023021164176,19.035671566868153,19.323431903333496
55.48649649372027,39856250736.354324,40240706276.08895,19.046238773094455,19.229959817400953,19.03595599498504,19.321253451199105
56.15569840323338,39816725966.50796,40234238721.16222,19.027350940194037,19.22686914547028,19.035974527964683,19.319053710379603
56.83297130702432,39814385522.045425,40227712735.357056,19.02623250423368,19.223750550981872,19.03575689144455,19.31683252905708
57.51841254634043,39848630119.949684,40221127342.60475,19.04259708384975,19.22060356749854,19.035726256742624,19.314589748101564
58.21212063642555,39815856641.89234,40214481554.38068,19.026935513155756,19.217427722630728,19.03570240154406,19.312325201031506
58.91419528067912,39788546021.86758,40207774353.57641,19.013884496554276,19.214222530329472,19.03533917059128,19.310038713955056
59.6247373849859,39806462120.425804,40201004736.50595,19.02244612201372,19.210987510960006,19.034932899007178,19.30773010566125
60.34384907221895,39765556700.868835,40194171677.80329,19.00289851345542,19.207722174527277,19.034404117990796,19.305399187745472
61.07163369691718,39772877809.038666,40187274113.74553,19.00639707570626,19.20442601270649,19.033699385849417,19.303045764439442
61.808195860139854,39847628964.73204,40180310961.16499,19.042118658484295,19.20109850788072,19.033478235827385,19.300669632459137
62.553641424500675,39976245335.36076,40173281127.55579,19.10358099023566,19.197739137970547,19.034415383440077,19.298270581020233
63.308077529382736,39793781349.87462,40166183502.57921,19.016386320118592,19.19434737237473,19.035014950193116,19.29584839186173
64.07161260633724,39771184889.087524,40159016940.40753,19.005588074432495,19.190922663532774,19.034444922977077,19.293402839120606
64.84435639466776,39799057553.18412,40151780270.943405,19.018907676899314,19.187464452286374,19.03391998097193,19.290933689174064
65.62641995720267,39759638520.79989,40144472303.684456,19.000070373110734,19.183972169726218,19.033339830330466,19.28844070057056
66.41791569625771,39791017894.12823,40137091863.570175,19.015065738352565,19.180445254322233,19.03273031562727,19.285923624188452
67.21895736979077,39797375451.98022,40129637727.530106,19.018103845616185,19.176883121601684,19.032348014998604,19.28338220323117
68.02966010775216,39731968499.686386,40122108617.07987,18.98684760831857,19.173285160611005,19.03163806763921,19.28081617282332
68.85014042863149,39791228470.05449,40114503259.038185,19.01516636696909,19.169650762930825,19.03091437333812,19.27822525992053
69.68051625620426,39804355536.77002,40106820345.41295,19.021439441892976,19.165979303506624,19.030616030494592,19.27560918333453
70.52090693648064,39785824780.6891,40099058541.84268,19.012584088003877,19.162270144682655,19.03029309230845,19.272967653580082
71.37143325485853,39788151280.36893,40091216529.46829,19.013695860124656,19.158522656211343,19.029886783178362,19.27030037301145
72.23221745348323,39775299322.01892,40083292949.48297,19.007554252148147,19.154736188755173,19.029430002296298,19.26760703587548
73.10338324881701,39849001002.95088,40075286376.06476,19.042774318940033,19.150910060951873,19.02933144067687,19.264887327897227
73.98505584942022,39899704690.541046,40067195377.615685,19.067004258351716,19.147043588678976,19.029938672317765,19.262140926071922
74.87736197394675,39873760245.53362,40059018507.22798,19.05460610033842,19.14313608049786,19.030669074769033,19.259367498752088
75.78042986935695,39775789654.37912,40050754267.49904,19.007788568899922,19.13918682083978,19.030678265852256,19.256566705478573
76.69438932934987,39669833091.990204,40042401126.993065,18.957154754892056,19.135195077872424,19.02953256980336,19.253738196711424
77.61937171301778,39749612685.89993,40033957559.89911,18.99527929412372,19.131160122451455,19.02827213618918,19.250881613885497
78.55550996372601,39745609391.04919,40025421997.80899,18.993366226331396,19.127081205076454,19.027467678868234,19.247996589413415
79.50293862822011,39844628434.25959,40016792814.84882,19.040684785032365,19.122957548785667,19.02722364500964,19.24508274633232
80.4617938759637,39754290047.515335,40008068386.72664,18.997514480437264,19.11878837737331,19.027028107255827,19.242139698211687
81.43221351870939,39806788257.20573,39999247048.342285,19.022601974078786,19.11457289513244,19.02662784179425,19.239167049154116
82.41433703030589,39742013082.384,39990327078.58444,18.991647646377857,19.11031027958989,19.02616358211751,19.236164393471032
83.40830556674398,39700519002.61769,39981306748.50322,18.97181873281228,19.10599970452663,19.02510953861735,19.23313131555486
84.41426198644395,39750747628.24529,39972184300.89818,18.995821652787768,19.101640330223464,19.024133024470554,19.230067389909014
85.4323508707883,39768667256.42301,39962957926.943924,19.004384964958188,19.097231292290996,19.023564325547067,19.22697218092924
86.46271854490156,39743449805.89522,39953625779.764366,18.99233421820887,19.09277170815642,19.02296632460799,19.223845242635914
87.50551309868081,39716594597.69237,39944185983.73404,18.97950083076568,19.088260681508373,19.022087660970044,19.22068611854201
88.56088440808018,39718514221.397896,39934636621.61338,18.980418167714703,19.083697296149225,19.02108963455184,19.217494341503286
89.62898415665175,39694903828.6806,39924975705.82068,18.969135391013133,19.079080602266707,19.019991598971068,19.214269433336064
90.70996585734608,39714516804.21944,39915201227.74712,18.978507908705136,19.074409640000265,19.018898415746378,19.211010904563178
91.80398487457624,39606164511.10402,39905311207.79147,18.92672923890652,19.06968346335129,19.017324451049134,19.207718254728427
92.91119844654749,39701025315.95795,39895303608.392426,18.972060686448017,19.064901098623594,19.01571829870223,19.204390972489858
94.03176570785615,39765753855.880974,39885176288.731766,19.002992728575183,19.060061522777275,19.01505258581678,19.20102853496348
95.16584771236167,39663440799.34704,39874927064.856186,18.954100048798534,19.055163692159326,19.014184216979125,19.197630407170074
96.31360745633391,39661919644.130135,39864553733.52325,18.953373129308194,19.05020655389897,19.012752052864954,19.194196041969175
97.47520990187972,39745304624.593994,39854054056.825165,18.99322058657431,19.045189038559787,19.011820118097145,19.190724880041277
98.65082200065248,39732701435.79853,39843425746.78355,18.98719785893019,19.040110052777955,19.011307689654547,19.18721634969611
99.84061271784705,39762129612.47046,39832666455.311844,19.00126079935221,19.03496847446556,19.01090407128302,19.18366986654175
101.04475305648423,39765665684.85339,39821773794.3999,19.002950593993702,19.02976316245627,19.01069574202666,19.180084833219937
102.26341608198875,39618921393.755264,39810745335.10626,18.932825412743423,19.02449295602377,19.00967657075066,19.176460639255517
103.49677694706244,39765440584.63117,39799578592.588455,19.00284302460368,19.019156667728147,19.00869022222726,19.172796660818555
104.74501291685849,39703164623.0085,39788271033.14992,18.973083004205986,19.013753086783417,19.008197044427202,19.169092260447993
106.00830339445916,39769150424.37172,39776820069.18979,19.004615858028874,19.008280976644173,19.007740903868623,19.1653467867927
107.28682994666,39674961537.24287,39765223050.89813,18.959605502039924,19.002739071036945,19.007130481974123,19.161559574282965
108.58077633006585,39619583386.14679,39753477273.242294,18.933141761243895,18.99712607729881,19.00568916435207,19.157729942802867
109.89032851750162,39665529330.86025,39741579998.46518,18.95509810228201,18.991440687128698,19.00423203806957,19.15385719753777
111.21567472474072,39710711944.34343,39729528423.09164,18.976689667692554,18.985681560820634,19.0033252717396,19.149940628764234
112.5570054375567,39744510643.66467,39717319671.920975,18.992841164273372,18.97984732439293,19.00288670239467,19.14597951142491
113.91451343910114,39661633105.82688,39704950821.4153,18.95323620029855,18.973936580764832,19.002176737173876,19.141973104813008
115.28839383761098,39646250652.62565,39692418886.79826,18.9458853363519,18.967947903591362,19.000929648739252,19.137920652322347
116.67884409445062,39605763841.26918,39679720807.13994,18.926537769483218,18.961879830135782,18.999394987414426,19.133821381045724
118.08606405249265,39662874390.013435,39666853465.71953,18.953829376891072,18.955730871000384,18.997994100906425,19.129674501414947
119.51025596483952,39807228409.70273,39653813708.78062,19.02281231121285,18.949499519089123,18.997769822358425,19.125479207070697
120.95162452389278,39716834413.949425,39640598282.92145,18.979615432556095,18.943184219688114,18.997848350806958,19.121234674484487
122.410376890773,39854032251.09448,39627203851.49318,19.04517861818292,18.936783378301897,18.998197690344497,19.11694006233066
123.88672272509324,39607457135.77774,39613627062.186646,18.927346949747978,18.930295392951376,18.99790656426366,19.112594511350455
125.38087421509283,39691756538.41304,39599864469.475174,18.967631384971,18.92371861711128,18.996714946338297,19.108197144157867
126.89304610813464,39691198378.52855,39585912526.256226,18.967364655255153,18.91705135571596,18.996022726122344,19.103747064566164
128.42345574156886,39582505561.38428,39571767639.425865,18.91542325810909,18.910291891716913,18.994724784631764,19.099243357199775
129.97232307397022,39625684961.43366,39557426130.5831,18.936057541269832,18.903438467304447,18.993091886243533,19.0946850872043
131.53987071675215,39638513799.46713,39542884234.10127,18.94218810066397,18.896489282986067,18.991813697798218,19.09007129973135
133.12632396616075,39618404768.16237,39528138113.41516,18.932578531157304,18.88944250536962,18.9905234622889,19.085401019517406
134.731910835656,39481198689.793846,39513183858.40556,18.86701140726968,18.882296265913464,18.988369286219964,19.080673250549484
136.3568620886835,39567184668.747986,39498017475.206985,18.90810181231385,18.87504865605585,18.985983771151115,19.075886975665917
138.00141127184006,39648052402.74076,39482634873.58893,18.946746344657193,18.867697721184754,18.98459913122222,19.071041156037385
139.66579474844085,39571263707.052475,39467031875.03737,18.91005107588171,18.860241464499826,18.983265037064935,19.066134730635312
141.35025173249107,39542470173.15831,39451204211.468445,18.8962914143095,18.852677846397658,18.98136649475433,19.061166615750903
143.05502432306622,39597825379.772385,39435147528.452644,18.922744190549786,18.84500478601258,18.97966614894698,19.05613570453681
144.78035753910876,39524235564.25339,39418857386.37355,18.887577581253936,18.837220161770365,18.97789848886183,19.05104086658432
146.5264993546428,39613350364.14935,39402329236.1305,18.930163166342275,18.829321799777187,18.97626611310876,19.04588094737874
148.2937007344144,39449814020.848816,39385558425.88441,18.85201351139393,18.82130747704326,18.97424255006547,19.040654767669402
150.0822156699622,39535644862.461464,39368540217.830475,18.893029780442014,18.813174929498096,18.971835512192232,19.035361122988036
151.8923012161215,39571833443.53314,39351269766.371956,18.91032333774398,18.804921841560297,18.970174548969585,19.02999878314864
153.72421752796987,39536483022.6209,39333742113.845764,18.89343031481822,18.796545844094958,18.968555254165256,19.024566491612056
155.57822789821867,39403573049.981476,39315952201.626,18.829916185228832,18.788044519719733,18.96601851828211,19.01906296490481
157.45459879505376,39428608154.72636,39297894860.80616,18.84187979379389,18.779415398352125,18.962936579549233,19.01348689206103
159.35359990043426,39455713099.182724,39279564803.462265,18.854832523529115,18.770655953034357,18.960222884020524,19.00783693397556
161.2755041488532,39553042859.62323,39260956624.293526,18.901343819068188,18.76176360071741,18.95828026826001,19.002111722732437
163.22058776656405,39523160913.69513,39242064804.299614,18.887064034426224,18.752735704018278,18.95676117108771,18.996309860979522
165.189130311282,39362837636.4833,39222883701.272354,18.81044981802989,18.743569566676232,18.95419691712504,18.9904299212845
167.1814147123639,39506928196.39132,39203407544.79538,18.879306851951895,18.734262431163252,18.951611853530306,18.98447044542411
169.1977273114714,39464924891.63307,39183630444.28383,18.859234593349935,18.724811482526004,18.94965961950455,18.978429943707926
171.23835790372596,39286853441.44591,39163546385.200386,18.774138998649594,18.71521384657759,18.946503212992507,18.972306894341763
173.30359977936027,39378220854.70813,39143149211.2683,18.81780104756091,18.705466581397616,18.942939912569905,18.96609974268367
175.3937497658705,39473581134.49643,39122432615.65808,18.863371180846435,18.695566673120545,18.940518203652733,18.959806900367237
177.5091082706783,39331406690.34221,39101390163.59708,18.795429807516925,18.68551104674022,18.937880801966966,18.953426744524798
179.64997932430765,39340134503.8387,39080015287.79756,18.799600596709336,18.67529656392507,18.93455558582388,18.946957617130305
181.81667062408056,39396452838.41023,39058301259.83782,18.826513626102088,18.664920009341888,18.93167898049345,18.94039782416899
184.00949357834142,39393065349.404625,39036241196.34547,18.82489483549208,18.654378093610667,18.929168134048943,18.933745634700927
186.22876335121506,39372451956.03766,39013828065.343094,18.815044244813397,18.643667456337038,18.926580324455717,18.926999280017668
188.4747989079024,39301808709.63756,38991054681.562164,18.78128572227842,18.63278466387289,18.923535538117463,18.920156952827938
190.74792306052458,39348176787.22654,38967913696.91376,18.803443789354297,18.62172620476258,18.92042944086909,18.91321680638193
193.04846251451977,39319499898.973236,38944397583.12416,18.789739869621485,18.610488481444985,18.91749453313934,18.906176953463856
195.37674791559772,39284053157.76687,38920498642.0763,18.772800817797208,18.59906781519535,18.914265935490725,18.899035465369575
197.73311389726268,39368640741.87308,38896209025.24522,18.81322296725585,18.587460455413016,18.91139608041113,18.89179037107728
200.11789912890913,39314535378.10323,38871520693.31441,18.78736745756222,18.57566256032313,18.908762066089977,18.884439656317248
202.53144636449608,39180066834.92926,38846425410.22141,18.723108528700514,18.563670194131205,18.905120243228385,18.876981262402463
204.97410249181,39180175437.686584,38820914770.51356,18.723160427060478,18.551479340095682,18.900808678403425,18.86941308520924
207.44621858232193,39302190854.90748,38794980164.90254,18.781468339306425,18.539085884067394,18.89729472299291,18.86173297413975
209.94814994164432,39293742193.759056,38768612776.19533,18.777430949572746,18.526485612545052,18.89450247547586,18.853938730892153
212.48025616059775,39249152804.20737,38741803598.5915,18.756122870050522,18.513674221896935,18.89147491520726,18.846028108346847
215.04290116689413,39233049034.76608,38714543417.976265,18.748427308319076,18.50064730894343,18.88817647574753,18.837998809475476
217.63645327744084,39222698603.85026,38686822815.57419,18.743481113557024,18.48740037270308,18.884806624525478,18.829848486185707
220.26128525127794,39160379409.582855,38658632148.37912,18.71370043343196,18.473928805040536,18.881103476795182,18.821574738102452
222.91777434315375,39151901558.42638,38629961532.47999,18.709649094572285,18.460227882698423,18.877089119665055,18.813175111172935
225.60630235774448,39107117103.820854,38600800864.963234,18.688247798665603,18.446292777763922,18.87286712864766,18.804647096335707
228.32725570452996,39220406852.209015,38571139807.70783,18.742385946596727,18.432118549924834,18.86913832523758,18.79598812825212
231.08102545333108,39022488046.43031,38540967776.86026,18.64780583023098,18.41770014143997,18.865008232616695,18.78719558391675
233.86800739051486,39221116408.39868,38510273956.40632,18.742725024567225,18.40303238362473,18.860993461602956,18.778266781318834
236.68860207588085,39137165595.8956,38479047266.028305,18.70260717126723,18.38810998149094,18.857713390151673,18.769198978028715
239.54321490022994,39045118653.02751,38447276351.83952,18.65862039328864,18.372927509319087,18.8535144601208,18.759989369584133
242.4322561436301,39162664112.19159,38414949596.38829,18.714792231847703,18.357479415438995,18.849566465094682,18.750635087919612
245.35614103438468,39152366136.67186,38382055095.52634,18.709871104119816,18.34176001117584,18.84631477768919,18.741133199757602
248.31528980870976,39101170358.582634,38348580678.493774,18.685406007788707,18.325763480448206,18.842790634711562,18.73148070502198
251.31012777113347,39100415621.78998,38314513912.05156,18.68504533921356,18.309483881742906,18.839057613151596,18.721674535425652
254.3410853556237,39042224697.777275,38279842043.97951,18.657237449291742,18.29291512111417,18.835077402844963,18.71171155279313
257.408598187451,38952523960.74449,38244551998.087074,18.61437186047983,18.27605094979944,18.830353231050115,18.70158854707651
260.5131071457995,38913985932.935455,38208630391.73691,18.59595556527057,18.258884972593403,18.825016780634552,18.69130223449014
263.6550584271334,38963469366.65793,38172063521.19089,18.619602377917982,18.241410640845256,18.819871707185097,18.680849255704683
266.8349036093247,38944512251.43288,38134837357.68196,18.610543278370113,18.223621250581548,18.81501901192653,18.670226173979103
270.05309971655794,38996652739.153496,38096937525.420494,18.635459826227102,18.205509931995984,18.810471543854696,18.65942947318957
273.31010928501604,38858969148.98862,38058349296.1422,18.569664512193082,18.18706964684405,18.80554112676113,18.64845555575024
276.6064004293574,38846468341.7377,38019057594.78923,18.56369070995733,18.16829319115784,18.799881598364976,18.637300740584994
279.9424469099964,38920532825.02927,37979046972.69384,18.599084150316497,18.149173182431234,18.794707593601835,18.62596126102651
283.3187282011958,38825114293.93238,37938301596.706696,18.55348618028487,18.129702054424634,18.78952953758826,18.61443326255221
286.7357295599775,38928843824.75865,37896805244.76136,18.60305575533113,18.109872055045333,18.784527963697467,18.60271280048752
290.1939420958668,38788557675.622406,37854541291.01351,18.53601674780678,18.08967523924594,18.77942966504249,18.59079583765387
293.69386284147885,38610231487.895676,37811492705.85357,18.450799420833246,18.069103469030427,18.772647250892415,18.578678241988957
297.2359948239523,38687034052.253586,37767642040.27372,18.487501317075896,18.048148405983536,18.765459472607137,18.566355784134355
300.8208471372484,38571637549.80928,37722971398.25123,18.432356407594245,18.026801498073514,18.758216989958715,18.553824134835075
304.44893501532135,38586798178.04437,37677462439.21886,18.439601267308365,18.00505398083264,18.750583105795204,18.54107886225942
308.1207799061689,38461563100.046555,37631096367.61543,18.37975476508487,17.982896872363735,18.742502204573636,18.528115429336694
311.836909546778,38633699674.58823,37583853901.30372,18.462014241069966,17.96032095824791,18.734888346512975,18.514929190919375
315.5978580389755,38587372062.039536,37535715273.50013,18.439875511157148,17.937316792466707,18.72815964549169,18.50151539084577
319.4041659261899,38360108691.319885,37486660231.42022,18.331272410184667,17.913874696754828,18.720035465937205,18.487869159075434
323.2563802711419,38365342968.796074,37436668009.117,18.33377373172832,17.889984747620293,18.71085478131683,18.47398550873011
327.15505473447257,38495850283.62146,37385717286.57168,18.396139695256657,17.865636756794988,18.702664265355345,18.459859332819033
331.100749654316,38312761959.27678,37333786201.33452,18.308646670257854,17.84082027679752,18.694359503919433,18.44548540087784
335.0940321268354,38584773186.283806,37280852339.80269,18.438633577777296,17.815524596765137,18.686770317651963,18.430858355703034
339.13547608772984,38527743865.76482,37226892688.03963,18.411380787170945,17.789738718951625,18.6805667453414,18.415972709834566
343.2256623947215,38150922085.25369,37171883632.882286,18.23130771271161,17.763451359256415,18.672043335150715,18.4008228418514
347.36517891104063,37900984251.35683,37115800976.18591,18.111869090792073,17.73665095403179,18.66017818114373,18.385402992842142
351.5546205899174,38392718860.51982,37058619876.9657,18.346855939933153,17.70932563243392,18.64998807246078,18.36970726270999
355.79458956008955,37940293892.280235,37000314821.8974,18.130654119320333,17.681463202325904,18.64022987394241,18.35372960607163
360.08569521234466,38188770992.52392,36940859641.64977,18.24939469560265,17.653051158082597,18.62957213196196,18.337463828180358
364.428554287106,38198434772.64731,36880227456.877716,18.254012758272378,17.624076654782172,18.62062008102692,18.320903580730075
368.82379096307136,37987966487.38652,36818390667.00056,18.153435580510287,17.59452650284358,18.610735929085173,18.30404235739099
373.2720369469261,38218994763.81385,36755320955.25462,18.26383782946437,17.564387170441005,18.601217318016698,18.286873489416596
377.7739315641329,38064406223.35547,36690989229.66795,18.189964090746923,17.533644755297292,18.592343848025624,18.26939014104715
382.3301218508199,38205850249.777336,36625365596.94686,18.257556416931322,17.502284972205008,18.583616242445224,18.251585304541113
386.94126264677766,38095712978.78671,36558419363.01648,18.20492475383334,17.470293153284757,18.57526409524852,18.233451795180482
391.60801668957356,38101774298.37943,36490118992.3935,18.207821296737155,17.43765422857051,18.566524611210557,18.214982246166137
396.33105470980524,37786220215.54532,36420432084.634514,18.057026420238614,17.40435271475487,18.55622928001787,18.19616910327142
401.11105552750286,37788706851.41064,36349325355.04825,18.05821471716965,17.37037270597199,18.544416431583777,18.177004619379943
405.94870614969005,37717160988.44637,36276764583.83678,18.024024858262486,17.33569784949351,18.532490005565954,18.157480848754748
410.84470186912574,37751840943.85901,36202714588.351166,18.0405974836155,17.300311332470244,18.520641050484002,18.13758964099897
415.7997463642362,37541037261.11206,36127139216.44795,17.93986002834393,17.26419587875746,18.508067480873,18.117322634965706
420.81455180024926,37704732826.09631,36050001275.2673,18.01808577108653,17.227333714879823,18.495537837758324,18.09667125236917
425.88983893155137,37712880674.794846,35971262499.02282,18.02197941057675,17.189706554639038,18.484272543843794,18.07562669096298
431.02633720527984,37487205654.346924,35890883573.89001,17.914135339818397,17.15129561100736,18.472034824940987,18.054179917840646
436.22478486616023,37467120176.765976,35808824044.85493,17.904537026007876,17.112081551613052,18.458702805419332,18.032321662504266
441.48592906261183,37403604376.04976,35725042264.5798,17.874184519589054,17.072044474304636,18.445211918406052,18.01004240928214
446.81052595413337,37389214767.28878,35639495367.726616,17.867308109509093,17.03116389488082,18.43160131176968,17.98733238949203
452.1993408199794,37152690174.38525,35552139226.53346,17.754279317565032,16.989418725861615,18.41688524285651,17.964181573392658
457.65314816915196,37100897458.211006,35462928451.99117,17.729528960450736,16.946787277050618,18.400891974954444,17.940579662082623
463.17273185171797,37200074090.939285,35371816278.72063,17.776922826977458,16.903247200520955,18.385550971520036,17.916516078942244
468.7588851714661,36902941058.64116,35278754541.38664,17.634930879015286,16.858775479344096,18.36943937740226,17.89197996049607
474.41241099992544,37118488137.05394,35183693634.86149,17.737935076511164,16.81334840855308,18.353265047252794,17.866960147132318
480.1341218917604,36811786599.80902,35086582417.853226,17.59137059534401,16.766941549089047,18.336940184450615,17.84144517326917
485.9248402015522,40663936462.879265,34987368189.41325,19.432210230941156,16.719529716574847,18.341213410476485,17.815423257078056
491.7853982019932,36892323160.96628,34885996617.52295,17.62985686902569,16.671086947188474,18.34558261094864,17.78888228991146
497.7166382035078,36328100434.85672,34782411708.281265,17.36022988294075,16.621586482938664,18.32541266892069,17.761809825403937
503.71941267531,36816560968.86888,34676555693.83392,17.593652138926885,16.57100071810923,18.305327431140867,17.734193068019767
509.79458436792675,36354208319.25517,34568368942.14248,17.372706144278087,16.519301156140113,18.285833578081373,17.70601886072746
515.9430264371982,36070667401.35593,34457789974.56182,17.237209505119164,16.46645841802721,18.26258525474328,17.677273672558613
522.1656225697697,36134386398.17797,34344755353.788857,17.267659113535235,16.412442188776012,18.238655132931008,17.647943585922416
528.4632671101007,36448269739.09034,34229199539.17086,17.4176555870485,16.35722114825736,18.217437992439688,17.618014282766104
534.8368651890073,36212631462.23527,34111054807.005302,17.305050341895107,16.30076293312083,18.197147810176997,17.587471029795335
541.2873328537482,35813305908.67726,33990251214.067978,17.114223314747605,16.24303411936582,18.173738357595944,17.55629866338851
547.8155971996863,36056562109.958755,33866716521.130493,17.230468962721144,16.184000185792584,18.150021837749136,17.524481574227778
554.4225965035367,36169628156.41744,33740376010.6761,17.284500209469037,16.123625426893497,18.1288798692982,17.492003690825648
561.1092803582181,35783128206.00791,33611152442.183083,17.099802195850447,16.061872931484178,18.10667397585624,17.45884846216163
567.8766098093348,35695334133.60675,33478965905.2366,17.057847751191918,15.998704512509565,18.082319414256993,17.424998839642107
574.7255574933044,35429279394.15642,33343733567.62953,16.930707290143424,15.934080586668028,18.056532726586074,17.3904372572265
581.6571077771479,35451213215.56517,33205369765.666576,16.941188878151312,15.867960217565274,18.029984814975933,17.355145611121266
588.6722568999686,34840396332.75029,33063786050.868862,16.64929578781309,15.800301138033259,18.000710829323058,17.319105240728984
595.7720131161401,35317013322.73829,32918890586.16727,16.877058330122292,15.731059461587066,17.97140761185952,17.282296906873068
602.9573968402125,35667944320.47438,32770588047.791218,17.04475889031736,15.660189635540185,17.947478989650083,17.244700766582138
610.229440793577,34466012928.535995,32618779743.882877,16.47038794832468,15.587644497687078,17.91924721298854,17.20629634859514
617.5891901528903,35115785581.016815,32463363206.468494,16.780896961559293,15.513375081317168,17.888621448985415,17.167062527790705
625.0377027002941,34662085922.20511,32304232119.181988,16.56408600033365,15.437330580675857,17.85979375840363,17.12697749751465
632.5760489754474,34681925045.95291,32141276140.412334,16.573566588220583,15.3594582664514,17.82920910170909,17.08601874114936
640.2053124293863,34507790007.01836,31974380588.92137,16.490352099425618,15.27970333554003,17.79846902429959,17.04416300157125
647.9265895802449,33922859983.056934,31803426276.3347,16.21082964821424,15.198008830997836,17.764146351570265,17.001386248608902
655.7409901708554,34188213599.086357,31628289148.36384,16.33763506108742,15.114315470590395,17.728856626225348,16.95766364428646
663.6496373282415,33310733474.374016,31448840124.018295,15.918310722617427,15.028561569956521,17.69089905054493,16.912969505956024
671.6536677250424,33372779327.6196,31264945017.674118,15.947960780361514,14.940683005366902,17.64925659718067,16.867277268954982
679.7542317428836,33751405963.102757,31076463830.526997,16.12889634685442,14.850612875128435,17.61110604546843,16.820559445674455
687.9524936377117,33655510532.45072,30883250454.155155,16.083070479250136,14.758281357924856,17.57544374242447,16.772787579922515
696.249631707129,33301501963.761127,30685152671.303135,15.913899230012854,14.663615713191277,17.53807075161871,16.72393220070502
704.6468384597479,32289548539.682053,30482011590.583073,15.430313689823542,14.566540010973014,17.49382838013016,16.67396277388657
713.145320786579,34144296547.67764,30273661216.58649,16.316648274024235,14.466974926493483,17.455502385382466,16.62284764936783
721.746300134495,32567016421.743805,30059927917.075138,15.562908187197891,14.364837485538924,17.41953864695256,16.570554004061044
730.451012681785,33531762848.5754,29840629883.136223,16.02393476299078,14.260040806480978,17.381045756405936,16.51704778014422
739.2607095158205,32289450874.85265,29615576714.412933,15.430267018407486,14.152493902069432,17.341818688077783,16.46229361937858
748.176656812871,32678529444.203396,29384568856.460293,15.616197285214769,14.042101410559592,17.298746320233196,16.406254793444074
757.2001360200866,32083093074.634956,29147396899.48803,15.331654131770568,13.928763260600206,17.255492849421184,16.348893128765955
766.3324440396711,35565210793.99492,28903840777.45349,16.995665279172822,13.812374288501346,17.229743523232898,16.29016892461546
775.5748934152812,47890866574.82231,28653669489.021706,22.88576730079825,13.692824104888658,17.29438955449516,16.230040867055166
784.9288125206746,32038028532.20841,28396639677.947563,15.310118989367588,13.569996416305894,17.336581048656722,16.168465935268518
794.3955457506266,31064466211.03911,28132494794.953667,14.844879532898464,13.443768624698693,17.283026322753916,16.105399297347738
803.9764537141556,31110324793.278885,27860964146.985508,14.86679412574143,13.314011373079003,17.22552341539943,16.04079419842028
813.6729134300795,29735583536.971886,27581761627.55207,14.209841960520233,13.180587938788726,17.161812062689084,15.974601838845674
823.4863185249237,30849034643.016975,27294585015.248707,14.7419305347362,13.043353898282522,17.09821545432353,15.906771244159092
833.4180794332223,29094307363.342785,26999113890.11754,13.90339318782382,12.902156131412044,17.032398080446228,15.837249122283175
843.4696236002361,30416094344.39784,26695007968.3732,14.535039917840479,12.756832025635795,16.965793625733415,15.765979702914935
853.6423956871075,28788956393.382877,26381905594.998642,13.75747410672602,12.607208755670891,16.89893854474039,15.692904562763339
863.9378577784973,28795083285.610306,26059422855.0302,13.760401985042336,12.453102858799909,16.82454652066009,15.617962441384119
874.3574895927261,28988554577.0745,25727149724.798176,13.8528567529868,12.294318395651443,16.753053226557494,15.541089034459375
884.9027886944416,28900592731.807846,25384647157.502064,13.810822134152405,12.130645557474285,16.683841458754536,15.462216753721172
895.5752707098593,28881316925.7245,25031445837.33729,13.801610740746742,11.96186007076782,16.615664717388327,15.38127446906877
906.3764695445994,27844806029.396477,24667041938.591408,13.30628983981788,11.787721170667266,16.543092051682976,15.298187225634221
917.307937604142,27990525064.34897,24290893388.958797,13.375925078512283,11.60796981528147,16.467236250121644,15.21287592240846
928.3712460169497,26724420895.81181,23902415857.28702,12.770887678856093,11.422326768343938,16.386787384541055,15.125256954606499
939.5679848602816,29403504518.12838,23500976801.515987,14.051150258025014,11.230489754881791,16.316377011222507,15.035241808033373
950.8997633887208,25960878332.470314,23085890175.575985,12.406011060856551,11.032130931783556,16.243104773733588,14.942736599425748
962.368210265473,25854201296.946056,22656409854.01915,12.355032951961135,10.826893745605991,16.15158965472951,14.84764156045451
973.9749737964391,26294253664.60495,22211720881.64837,12.565322236885066,10.614388751005222,16.064148427768572,14.749850447122075
985.7217221671224,25713000730.667778,21750927418.477764,12.2875569688833,10.394187849955008,15.97794487164412,14.649249845263876
997.6101436823909,24514444057.15018,21273041422.442493,11.714798714778887,10.165818883515733,15.883687473427548,14.545718360221855
1009.6419470091245,22901135343.641457,20776978715.36564,10.943841527273706,9.928763751864944,15.775731616378971,14.439125739631358
1021.8188614217956,24461473359.388897,20261532976.366882,11.689485431695324,9.68244598644127,15.670141256500147,14.329331846752778
1034.1426370510137,22262182220.019398,19725346778.932743,10.638502878191497,9.426216909333093,15.563307939945629,14.216185346852951
1046.6150451350566,20492001154.607815,19166894463.084183,9.792580579416745,9.159347448344445,15.436549720868202,14.099522164197934
1059.2378782744452,21101038574.423225,18584449312.778023,10.083623311867568,8.881012451950935,15.306302317481427,13.97916369230846
1072.0129506895892,19341363852.689487,17976043067.613358,9.242721714403737,8.590271341024554,15.172546762722874,13.854914631356543
1084.9420984815295,19554026663.926228,17339402333.631393,9.34434759757488,8.286037721251624,15.033269659382556,13.726560286848512
1098.027179895836,20614483416.56196,16671864217.810326,9.851111584304254,7.967039067108958,14.904527969726429,13.5938630940545
1111.270075589688,20297984369.213043,15970292481.001152,9.699865134477855,7.631776653589117,14.783001101650868,13.456558272574076
1124.6726889021647,19305194373.124107,15230904664.892954,9.225437285201961,7.27844294478975,14.656918802683835,13.314348127581594
1138.2369461278074,17305789381.270428,14449032245.746674,8.269974988186979,6.904806977782603,14.516851134154358,13.166894147475858
1151.9647967934795,16058803744.488281,13618762560.79846,7.67407382473137,6.508043248795884,14.361750161936996,13.013805900011997
1165.8582139385567,13846867335.545135,12732243791.073727,6.61704843430234,6.084399583045711,14.1907106723664,12.854624218695363
1179.919194398505,14862952892.3616,11778212623.421719,7.102608610472318,5.628493543707693,14.017063430798984,12.688792492099264
1194.1497590918812,12929616505.863918,10741895356.97329,6.178718737098978,5.13326517333181,13.842237715864156,12.515619785508182
1208.5519533107824,10447545363.367298,9658019372.34123,4.99260316530292,4.615309760508819,13.646540412556833,12.33454616788827
1223.1278470148095,16383777059.68943,8619930731.496628,7.829369901051953,4.119234897573231,13.475318618745051,12.145751965920034
1237.879535128577,8991108664.371525,7551889253.776675,4.296610927837676,3.6088463731035163,13.299456448531066,11.949507160613946
1252.8091378427982,15755002642.970592,6230503732.394561,7.528895384408153,2.977391489952715,13.124681738825297,11.744376992493043
1267.918800919016,10633832661.74643,4582976990.245064,5.081624894637017,2.1900824195735575,12.962943663788463,11.527289129861385
1283.210695998004,7310273192.157194,2573472305.098247,3.4933845041118654,1.2297937486161656,12.75729421188223,11.294630325393092
1298.6870209118815,0.0,0.0,0.0,0.0,12.49618529182899,11.041521001649832
1314.35,0.0,0.0,0.0,0.0,12.20012829584807,10.779927606348135
