R_kpc,Sigma_bar,Sigma_eff,kappa_bar,kappa_eff,kappa_bar_mean,kappa_eff_mean
1.0,40445504725.87253,41928041609.12812,18.83730891580991,19.52779369126885,0.0,0.0
1.0120606264911474,40445551300.650696,41925584285.41297,18.83733060779991,19.526649203983006,0.4462898228554838,0.46263474581371816
1.0242667116936537,40445605797.04506,41923128045.8571,18.837355989246436,19.525505221639385,0.882006798900344,0.9142817375129304
1.0366200099307066,40445638362.935074,41920672917.005356,18.837371156660826,19.524361756601134,1.307401339522765,1.3552013067694635
1.0491222966837304,40445686788.26279,41918218926.34635,18.837393710535814,19.52321882167095,1.722717969448246,1.7856476178300238
1.0617753688475675,40445736551.43354,41915766101.954765,18.837416887505086,19.522076429924482,2.1281955468193425,2.205868813641962
1.0745810449887383,40445787880.88386,41913314472.70861,18.8374407939619,19.520934594811536,2.524067192431692,2.6161071585163183
1.0875411656068144,40445839705.03094,41910864068.23281,18.83746493082147,19.519793330129783,2.910560499337249,3.016599177411773
1.1006575933989453,40445891280.14931,41908414918.65709,18.837488951697058,19.518652649912003,3.287897658496686,3.407575791917089
1.113932213527575,40445949104.69797,41905967054.82775,18.83751588321623,19.517512568524726,3.6562956287584734,3.7892624530116987
1.127366933891388,40446001496.84495,41903520508.47895,18.83754028461916,19.516373100747984,4.015966199628853,4.1618792706831185
1.1409636853995222,40446055348.07927,41901075312.158295,18.837565365585345,19.515234261740677,4.367116117126685,4.525641140473974
1.1547244222490889,40446114516.331856,41898631499.30307,18.83759292292848,19.51409606707607,4.709947288293651,4.880757867030925
1.1686511222060412,40446176988.85768,41896189104.126114,18.83762201922177,19.512958532688636,5.0446568466183015,5.227434284726296
1.1827457868894284,40446231879.37102,41893748161.58371,18.837647584227405,19.511821674859103,5.371437183684377,5.565870375421148
1.19701044205908,40446295053.748436,41891308707.66161,18.837677007404864,19.510685510347674,5.690476161332615,5.896261383439747
1.2114471379067577,40446360078.7307,41888870779.35293,18.837707292493068,19.509550056383716,6.001957241924429,6.218797927821537
1.2260579493508208,40446428223.903595,41886434414.53546,18.8377390307958,19.508415330608642,6.306059513035376,6.533666111912836
1.2408449763344431,40446492334.2363,41883999651.95637,18.837768889890153,19.50728135106877,6.602957786586183,6.8410476303613565
1.2558103441274293,40446564321.258575,41881566531.24985,18.837802417516667,19.506148136223537,6.892822759763259,7.141119873575886
1.2709562036316695,40446629646.239296,41879135093.14905,18.83783284232778,19.50501570504423,7.1758210702617,7.434056029712364
1.2862847316902777,40446702982.50711,41876705379.51282,18.837866998359235,19.503884077026413,7.452115409539997,7.720025184245037
1.3017981314004599,40446780055.090096,41874277433.25587,18.837902894562397,19.502753272157413,7.721864671347685,7.999192417178374
1.3174986324301545,40446852420.98604,41871851298.31097,18.837936598647588,19.50162331089872,7.985223914651887,8.271718897955255
1.3333884913384921,40446933373.18026,41869427019.65935,18.837974301761943,19.500494214200135,8.242344552272275,8.537761978116574
1.34946999190012,40447007385.025734,41867004643.47173,18.838008772440602,19.499366003565463,8.49337439651123,8.797475281766523
1.3657454454334392,40447090128.2868,41864584217.18927,18.838047309736154,19.4982387010902,8.738457759565533,9.051008793895825
1.3822171911327976,40447177505.77378,41862165789.474884,18.838088005401243,19.497112329438885,8.977735597822846,9.298508946612568
1.3988875964046932,40447258430.288574,41859749410.19227,18.838125695624033,19.4959869118353,9.211345444155688,9.54011870332975
1.415759057208029,40447348483.1478,41857335130.42161,18.83816763733151,19.49486247206981,9.439421598713436,9.775977640958182
1.4328339983984741,40447433152.039696,41854923002.49407,18.83820707148082,19.493739034515414,9.662095184737206,10.006222030152426
1.4501148740769754,40447526187.5452,41852513080.218994,18.83825040234216,19.49261662423357,9.879494215655923,10.230984913656968
1.467604167942475,40447622083.050934,41850105418.90174,18.838295065235542,19.491495266982493,10.091743716877783,10.450396182797608
1.4853043936488803,40447718173.87655,41847700075.164444,18.83833981909826,19.490374989133688,10.298965706746843,10.664582652159716
1.5032180951663396,40447822463.71705,41845297106.95402,18.838388391614675,19.489255817675662,10.501279342583263,10.873668132496293
1.5213478471468749,40447916881.064514,41842896573.80136,18.838432366062598,19.488137780334657,10.69880090224883,11.077773501910196
1.5396962552944244,40448023279.21246,41840498536.88702,18.83848192051357,19.487020905605238,10.891643930959784,11.277016775351713
1.5582659567393489,40448129210.40637,41838103058.89262,18.83853125748283,19.48590522268108,11.079919334600554,11.471513172469148
1.5770596204174525,40448236720.9913,41835710204.103165,18.838581330046242,19.484790761502637,11.263735334589642,11.661375183851655
1.5960799474535783,40448347497.44762,41833320038.499405,18.83863292367432,19.48367755280013,11.443197608969182,11.846712635703751
1.615329671549826,40448462315.5216,41830932629.78653,18.83868639966735,19.482565628106954,11.61840934563374,12.027632752988206
1.6348115593784562,40448579327.3031,41828548047.44141,18.83874089736962,19.481455019781638,11.7894712817699,12.204240221073439
1.65452841097953,40448701200.32105,41826166362.71855,18.83879765917055,19.480345761010643,11.95648177259129,12.376637245920602
1.6744830601633456,40448835985.10648,41823787648.69502,18.83886043456815,19.479237885829278,12.119536902411886,12.544923612845059
1.6946783749177292,40448947065.415215,41821411980.49599,18.838912169714103,19.478131429226742,12.278730320057182,12.70919674388718
1.7151172578202367,40449079111.84262,41819039435.29874,18.83897366973397,19.477026427148015,12.434153502769831,12.869551753825169
1.7358026464553273,40449210561.72594,41816670092.179276,18.839034891916157,19.475922916422377,12.58589588583292,13.026081504860032
1.7567375138365704,40449346613.79811,41814304032.24745,18.839098257546766,19.474820934826372,12.73404469625002,13.178876660004867
1.7779248688339402,40449484838.86469,41811941338.812004,18.839162635239582,19.47372052116066,12.878685109488615,13.328025735210906
1.7993677566062685,40449626704.58057,41809582097.41777,18.839228708548163,19.472621715267366,13.019900277880806,13.473615150259747
1.8210692590389104,40449772171.96522,41807226395.88577,18.839296459317513,19.47152455804872,13.157771391563534,13.615729278450235
1.8430324951866892,40449922689.18018,41804874324.37863,18.839366562022242,19.470429091497557,13.292377724957955,13.754450495108808
1.8652606217221832,40450076377.811874,41802525975.44522,18.839438141799814,19.46933535871809,13.423796671848494,13.889859224951087
1.88775683338942,40450236014.9692,41800181444.09491,18.839512492076004,19.4682434039605,13.55210379753454,14.022033988322121
1.9105243634630407,40450393336.138374,41797840827.89482,18.8395857636913,19.467153272666224,13.677372846398164,14.151051446342002
1.9335664842130058,40450557544.37317,41795504227.06037,18.83966224292592,19.46606501151014,13.79967582144079,14.276986444982963
1.9568865073748998,40450730732.697334,41793171744.52396,18.83974290459611,19.464978668432533,13.919083081871124,14.399912058103082
1.9804877846259143,40450900899.57739,41790843485.987144,18.839822159042523,19.463894292663433,14.035663264829223,14.5198996294611
2.0043737080665673,40451084146.47707,41788519560.015175,18.839907505448277,19.4628119347666,14.14948340486785,14.637018813736674
2.0285477107082346,40451261469.637344,41786200078.08301,18.83999009289948,19.461731646660986,14.260608931197812,14.751337616579512
2.0530132669665586,40451445366.50087,41783885154.69188,18.84007574202292,19.46065348167502,14.369103688040113,14.862922433710619
2.0777738931608125,40451639517.40257,41781574907.56856,18.84016616691776,19.459577494639408,14.475030095995859,14.971838089098867
2.102833148019282,40451834444.1491,41779269457.67536,18.840256953158782,19.458503741891793,14.578449064387469,15.07814787223428
2.1281946331907466,40452043178.99719,41776968929.25133,18.84035417045998,19.45743228129594,14.6794200798393,15.181913574518521
2.153861993762124,40452243917.9975,41774673449.96725,18.840447663731627,19.45636317231394,14.778001170084103,15.283195524794271
2.1798389187823672,40452469292.618034,41772383150.949,18.840552630930766,19.455296476017065,14.87424904961131,15.382052624033909
2.206129141792668,40452666949.87576,41770098166.93196,18.840644688894894,19.454232255157702,14.968218977625066,15.478542379207266
2.232736441363065,40452891369.20106,41767818636.614456,18.840749211169644,19.453170574333967,15.059964919405097,15.572720936349835
2.2596646416355184,40453123194.552444,41765544702.64543,18.840857182767184,19.45211149998395,15.149539753037006,15.664643112849419
2.2869176128735367,40453358416.91365,41763276511.45282,18.840966736506516,19.45105510030579,15.236994975428427,15.75436242896679
2.314499272018431,40453593518.256744,41761014213.4423,18.841076233882216,19.45000144535025,15.322380821921316,15.84193113860976
2.3424135832522777,40453832618.44147,41758757963.29932,18.841187593700127,19.448950607161365,15.405746341265464,15.927400259380937
2.3706645585676736,40454086081.11182,41756507920.32212,18.84130564278005,19.447902659931565,15.487139500272445,16.010819601917042
2.399256258344359,40454346445.91293,41754264248.5158,18.841426906495826,19.446857680045476,15.566607144762719,16.092237798535535
2.4281927919327986,40454615036.56237,41752027116.56654,18.841552001362846,19.44581574606791,15.644194977129011,16.171702331202923
2.4574783182447963,40454888296.79348,41749796697.75659,18.841679271066184,19.444776938704287,15.719947604513834,16.249259558839764
2.4871170463512398,40455163314.47291,41747573170.21664,18.841807359293043,19.44374134091816,15.793908541570667,16.324954743979795
2.5171132360870474,40455446358.20698,41745356717.385765,18.841939185618156,19.442709038145445,15.866120290834832,16.39883207880132
2.547471198663417,40455741037.69239,41743147528.09116,18.84207643124126,19.441680118331536,15.936624402292868,16.47093471054489
2.578195297287452,40456045192.86681,41740945796.65218,18.8422180901232,19.44065467197979,16.005461449344832,16.54130476632976
2.6092899477892684,40456355702.13876,41738751723.073616,18.84236270839701,19.439632792241518,16.072671014962726,16.609983377384058
2.6407596192566607,40456663671.12663,41736565513.28732,18.84250614354513,19.43861457502855,16.138291677842005,16.677010702703345
2.6726088346774195,40456988566.77459,41734387379.320465,18.842657462207796,19.43760011909156,16.20236116194835,16.74242595215083
2.7048421715894047,40457316849.244576,41732217539.513916,18.842810358267336,19.436589526121814,16.26491632910847,16.806267409012502
2.7374642627384485,40457660662.14835,41730056218.777016,18.842970487555416,19.435582900869807,16.325993160972587,16.868572452020505
2.770479796744201,40458007899.063644,41727903648.749954,18.8431322115612,19.434580351220905,16.385626786124423,16.92937757685699
2.803893518774003,40458364833.537674,41725760068.09478,18.843298452160635,19.433581988330857,16.443851469315558,16.988718417151045
2.837710231224885,40458736988.33918,41723625722.78638,18.843471781558005,19.43258792676135,16.50070072856173,17.04662976498138
2.8719347944137956,40459115218.38306,41721500866.29,18.843647940471733,19.43159828456266,16.5562072673069,17.103145590895824
2.9065721272761507,40459498660.01405,41719385759.83519,18.843826526658336,19.430613183401253,16.610402959245818,17.158299063459044
2.941627208072808,40459895777.75327,41717280672.66956,18.84401148242982,19.429632748677978,16.66331896517214,17.212122568340046
2.977105075105571,40460295674.60628,41715185882.52539,18.844197732560843,19.42865710974537,16.71498569356387,17.264647726951416
3.013010827441318,40460717181.98195,41713101676.02836,18.844394047694,19.427686400098032,16.76543287722641,17.31590541465187
3.0493496256448713,40461144096.50661,41711028348.80556,18.844592881182077,19.426720757422927,16.81468955788248,17.365925778520257
3.086126692520694,40461587169.95755,41708966205.73543,18.844799240616194,19.425760323715796,16.86278406001843,17.41473825471059
3.123347313863546,40462035946.04541,41706915561.4011,18.845008256027384,19.424805245492294,16.909744037991747,17.4623715853997
3.161016839218183,40462500565.07649,41704876740.57677,18.845224650216945,19.42385567401452,16.95559648991647,17.508853835338595
3.1991406826482205,40462972953.28551,41702850078.65084,18.845444662865614,19.422911765488088,17.00036778507213,17.554212408016646
3.237724323514275,40463462658.52024,41700835921.98324,18.845672740839838,19.421973681228547,17.044083676718348,17.598474061447238
3.2767733072614837,40463965948.495964,41698834628.29312,18.84590714584507,19.421041587841966,17.086769339620197,17.64166492358341
3.3162932462165258,40464477436.61141,41696846567.185165,18.8461453690964,19.420115657470024,17.128449301742343,17.683810507373387
3.356289820394258,40465001888.43827,41694872120.65347,18.84638963013705,19.41919606802474,17.169147506847484,17.724935725465098
3.396768778314074,40465544864.58567,41692911683.56839,18.846642518795306,19.41828300341516,17.208887388425328,17.765064904567776
3.4377359378261105,40466102539.895905,41690965664.22624,18.846902253521446,19.417376653803437,17.247691834048638,17.804221799479016
3.4791971869474256,40466668310.35262,41689034484.98622,18.84716575852505,19.416477215901438,17.285583131411208,17.84242960678609
3.521158484708249,40467256011.616646,41687118582.8607,18.847439477701897,19.41558489324567,17.322583080745613,17.879710978249374
3.56362586200845,40467853632.02872,41685218410.09129,18.847717816676596,19.414699896465596,17.358712975006465,17.916088033875152
3.606605422484327,40468479949.75886,41683334434.93752,18.848009521295985,19.413822443650957,17.393993641030402,17.951582374686286
3.6501033433858567,40469110084.601776,41681467142.36751,18.8483030037182,19.41295276067343,17.428445377119235,17.9862150951984
3.6941258764645224,40469763504.8493,41679617034.76008,18.848607331211152,19.41209108151366,17.462087972279868,18.020006795608236
3.7386793488718437,40470438127.51444,41677784632.74751,18.848921533633177,19.411237648653753,17.494940841887193,18.052977593701726
3.7837701640687524,40471123991.9349,41675970476.09698,18.849240971851344,19.410392713487795,17.527022874623707,18.08514713648948
3.8294048027459335,40471824085.950645,41674175124.64855,18.849567037438465,19.409556536758743,17.558352473623202,18.11653461157665
3.875589823755259,40472553255.08939,41672399159.265724,18.849906644631194,19.408729389001117,17.588947704798162,18.14715875827385
3.922331865052462,40473294319.15567,41670643182.8709,18.850251791832036,19.40791155102327,17.61882619210739,18.177037878455742
3.9696376446511854,40474058722.10716,41668907821.563156,18.85060780901197,19.407103314427975,17.648005111265384,18.206189847174304
4.017513961588521,40474858530.70033,41667193725.820435,18.850980316207643,19.40630498217237,17.676501360796458,18.234632123033457
4.06596769690221,40475664211.070946,41665501571.770805,18.851355558156815,19.405516869160007,17.704331341123844,18.2623817583315
4.115005814619619,40476487690.21588,41663832062.50332,18.851739089803758,19.404739302851397,17.731510968346434,18.28945540897754
4.164635362758645,40477346222.21412,41662185929.50293,18.852138947156867,19.40397262393232,17.75805594265541,18.31586934418809
4.214863474340702,40478223292.770195,41660563934.22196,18.85254743875854,19.40321718704571,17.783981595241105,18.34163945597062
4.265697368415905,40479129514.3186,41658966869.748634,18.852969507301612,19.402473361568774,17.80930286240601,18.36678126840019
4.317144351100639,40480064296.58037,41657395562.57947,18.853404877866353,19.401741532438496,17.83403438150838,18.391309946695372
4.369211816627631,40481015618.719635,41655850874.56353,18.853847951803427,19.401022101057134,17.858190373165524,18.41524030609964
4.421907248408684,40482002401.69786,41654333704.97571,18.854307541464127,19.40031548625786,17.881784760175336,18.438586820574464
4.4752382201102385,40483018126.45997,41652844992.63168,18.85478061062835,19.399622125289778,17.904831203061818,18.461363631309663
4.529212396741896,40484048355.44284,41651385718.39188,18.855260435067084,19.398942474984153,17.92734292282358,18.483584555057504
4.583837535758073,40485126982.42602,41649956908.02295,18.855762800653192,19.398277013087114,17.949332936171775,18.505263092299074
4.639121488172954,40486236871.20743,41648559634.78177,18.856279726278903,19.39762623946314,17.970814042195162,18.526412435247117
4.695072199688863,40487367000.74385,41647195022.291756,18.856806078943723,19.396990677434705,17.991798581603085,18.547045475689515
4.75169771183828,40488540136.79965,41645864248.12514,18.857352461698323,19.396370875450682,18.01229866864638,18.567174812682453
4.8090061631396015,40489762167.03696,41644568547.4633,18.857921616694426,19.395767408791166,18.032326288095298,18.586812760101424
4.867005790266854,40490988219.330215,41643309217.02452,18.8584926449447,19.395180881396758,18.051892924016794,18.605971354055136
4.925704929233514,40492268742.71478,41642087619.4058,18.859089042856716,19.394611927890782,18.071009822320843,18.624662360169417
4.9851120165906035,40493585292.398506,41640905187.81641,18.85970221985286,19.394061215783907,18.089688136776193,18.642897280748613
5.0452355906392325,40494949530.71543,41639763431.37773,18.860337607611893,19.39352944794252,18.10793872047454,18.660687361822774
5.106084292657776,40496350396.652565,41638663940.89143,18.860990054517583,19.39301736527522,18.12577217194453,18.678043600088856
5.1676668681438365,40497796847.81635,41637608395.10191,18.861663732534176,19.392525749649533,18.14319882767385,18.69497674975396
5.229992168071196,40499407340.29653,41636598567.72741,18.86241381204391,19.392055427166625,18.16022948584472,18.711497329289717
5.293069150161929,40500838254.89211,41635636335.282,18.863080253974893,19.391607271804343,18.1768734312664,18.727615628108705
5.356906880173848,40502417279.35721,41634723685.730545,18.86381567740047,19.39118220944824,18.193139663078547,18.74334171317359
5.4215145332034815,40504060555.03392,41633862728.13435,18.864581025534108,19.39078122238397,18.209038298851848,18.758685435550653
5.486901395004776,40505746995.347694,41633055703.41466,18.86536647740012,19.39040535431036,18.22457863952869,18.77365643692077
5.5530768633236836,40507501515.11377,41632304996.44769,18.86618363695979,19.390055715972604,18.239769788337878,18.788264156062187
5.620050449248863,40509313477.47597,41631613149.59817,18.867027550145984,19.38973349146545,18.25462071043464,18.802517835321265
5.687831778578659,40511177942.20159,41630982878.0531,18.867895916067916,19.389439945374836,18.269140072820573,18.816426527089156
5.756430593204574,40513123275.174065,41630417087.24716,18.868801946006098,19.38917643089367,18.28333646750526,18.82999910030589
5.825856752511429,40515116696.914,41629918892.618805,18.869730373067874,19.388944399023178,18.297218256565532,18.843244247015566
5.896120234794399,40517192428.61986,41629491642.13207,18.87069713561997,19.388745409062302,18.31079361413561,18.856170488999595
5.967231138693149,40519338986.854706,41629138942.08378,18.871696885304136,19.3885811406273,18.324070644626484,18.868786184519514
6.039199684643272,40521571212.571884,41628864686.886215,18.87273653422654,19.38845340752288,18.33705727983573,18.881099535206932
6.11203621634521,40523882180.07691,41628673093.52216,18.873812856776638,19.38836417378951,18.349761306592395,18.89311859314472
6.1857512022509145,40526271375.292404,41628568741.6095,18.874925613525242,19.388315572363265,18.3621902864072,18.904851268191866
6.2603552370684294,40528768025.36133,41628556620.28131,18.876088416880567,19.38830992691008,18.374351761043584,18.916305335614616
6.335859043284609,40531344846.55656,41628642183.3407,18.877288559571436,19.38834977751381,18.386253102440413,18.927488444100074
6.412273472706223,40534032395.06578,41628831414.64455,18.878540273002574,19.38843791112844,18.397901527849672,18.938408124245317
6.489609508019627,40536841848.93196,41629130906.044136,18.87984876329638,19.388577397878574,18.40930431314778,18.94907179763654
6.567878264369249,40539753690.3455,41629547950.92809,18.88120494012227,19.388771634626615,18.42046851480555,18.95948678665974
6.647090990955133,40542798662.25277,41630090657.72679,18.882623121866967,19.38902439783694,18.431401085706558,18.969660325221895
6.727259072649714,40545970480.91539,41630768088.7325,18.88410038190804,19.389339908230745,18.44210894772925,18.979599570611153
6.808394031634124,40549305856.78061,41631590431.34243,18.88565381796847,19.389722910541703,18.45259902805162,18.98931161678775
6.89050752905422,40552778447.14855,41632569211.729065,18.887271161056223,19.390178773031955,18.46287814484981,18.99880350948504
6.973611366696582,40556429066.84018,41633717564.82586,18.88897142048756,19.390713613236702,18.47295303683132,19.008082263623123
7.057717488684729,40560253319.15549,41635050579.91768,18.890752548519554,19.391334458921392,18.48283048248142,19.017154883708557
7.142837983195795,40564291104.02692,41636585749.51389,18.89263312836333,19.39204945714228,18.49251729703329,19.026028388137416
7.228985084197899,40568534984.0244,41638343562.65222,18.89460969606983,19.392868150575023,18.502020311790737,19.034709838677223
7.3161711732084855,40573046701.60985,41640348303.92953,18.89671100790841,19.393801849659578,18.511346498109763,19.043206376938922
7.404408781073854,40577828080.413445,41642629153.271225,18.8989379132265,19.3948641448128,18.52050301090592,19.05152527047074
7.493710589770156,40582911593.428894,41645221739.79013,18.90130553617245,19.396071630131097,18.52949702581596,19.059673972415528
7.58408943422613,40588352224.83637,41648170403.64862,18.903839485376803,19.397444956842378,18.53833603173365,19.067660200830122
7.67555830416779,40594208212.541916,41651531608.549484,18.90656688487804,19.399010422658073,18.547027964900714,19.075492047469925
7.768130345985381,40600531402.985794,41655379321.23254,18.90951188191868,19.400802477249087,18.55558118067793,19.08317813256811
7.861818864622859,40607448055.45037,41659813967.22449,18.912733281182245,19.40286789334536,18.564004821573334,19.090727835156148
7.956637325490131,40615086517.95701,41664978425.46114,18.916290860172904,19.40527321615802,18.57230921827379,19.09815165581584
8.052599356398389,40623646973.13314,41671089422.18386,18.92027785303418,19.408119384943145,18.580506271649234,19.105461832797026
8.149718749518765,40633469783.675026,41678508062.60644,18.924852782135773,19.41157458280314,18.588610587533765,19.112673507173415
8.24800946336461,40645179387.52553,41687936165.198204,18.93030647659474,19.415965678481506,18.59664175808824,19.119807336899395
8.3474856247977,40660271680.50504,41697384183.83778,18.937335643050442,19.420366049968088,18.604630638364814,19.126876296885566
8.448161531058608,40685542008.80106,41701243390.690605,18.949105182922484,19.422163457916124,18.61265327186486,19.133851013974475
8.550051651821585,40690828156.63758,41699473761.54132,18.951567182109933,19.4213392612303,18.620653759240565,19.140671829939784
8.653170631274223,40680476462.155334,41696433453.377335,18.94674592773109,19.419923251602718,18.62843623610484,19.147304469295534
8.757533290222188,40700937209.78362,41693404094.349724,18.95627542739576,19.418512341485343,18.63609112453509,19.153746482521274
8.863154628219347,40703877397.58171,41690389094.73882,18.957644806420657,19.417108119200655,18.643693182509356,19.160002525635626
8.970049825723585,40691551675.32763,41687357017.30607,18.951904157632015,19.415695942998514,18.651062847664733,19.166076988565834
9.078234246278617,40697076283.18364,41684317831.05184,18.954477218483344,19.414280455895273,18.65822097967351,19.17197404015928
9.187723438722127,40697239238.647705,41681279241.32431,18.954553114245726,19.412865246621614,18.665240724670298,19.177697847933448
9.298533139420517,40683389815.6658,41678231291.71165,18.948102808809214,19.411445678024243,18.672018185355324,19.183252467666282
9.410679274530622,40684148113.268364,41675170657.70853,18.948455982450792,19.410020201730013,18.678563332973063,19.18864178599332
9.524177962288718,40703597429.54667,41672104326.86566,18.957514412588306,19.40859207215871,18.68506552132609,19.19386961801941
9.639045515327101,40679377024.297134,41669034437.354225,18.946233869575085,19.407162285153795,18.691385894088828,19.198939738650555
9.755298443018628,40691745850.160675,41665957550.726265,18.951994593672772,19.40572923927385,18.697492348750092,19.203855826000176
9.872953453849549,40682537858.062035,41662873695.10979,18.94770601345027,19.40429294761936,18.703470855868822,19.20862145233997
9.992027457820912,40693802137.014046,41659781620.52783,18.95295229987372,19.402852828019277,18.709319743375527,19.21324009852466
10.112537568878977,40690117222.47231,41656680274.78246,18.951236067772737,19.40140839041722,18.715071382538664,19.217715150246374
10.234501107374921,40710449762.33434,41653571262.36722,18.960705855256414,19.39996038209872,18.720779397155294,19.22204991611907
10.357935602554209,40703724070.464836,41650456266.442726,18.95757339501696,19.39850958698814,18.72642635516321,19.22624764451089
10.48285879507597,40693789974.20853,41647334060.70727,18.952946635102656,19.397055433941066,18.73184750561734,19.230311509254687
10.60928863956282,40696791499.49782,41644204379.47338,18.95434458178366,19.395597799214777,18.737102398923728,19.234244600789708
10.737243307181362,40692365575.224884,41641065580.27832,18.952283227788143,19.39413591783976,18.742224690116792,19.23804992576407
10.866741188253847,40703766541.21823,41637918185.18915,18.957593175576186,19.392670032966354,18.74726463097267,19.24173041348315
10.997800894901342,40676812656.227776,41634763759.2792,18.945039526870655,19.391200873520315,18.75209809006162,19.245288935401486
11.130441263718758,40699706567.684135,41631601722.65476,18.955702261464218,19.389728169418802,18.75679628479235,19.248728300308137
11.264681358482123,40686854367.71735,41628429308.33514,18.949716408087852,19.3882506319532,18.76143739057022,19.252051231909345
11.400540472888565,40684174409.821526,41625248056.529724,18.948468229950205,19.386768978468993,18.76588318307268,19.255260382756017
11.538038133329287,40717905191.3758,41622061133.71729,18.964178187247466,19.385284683739194,18.77039616364373,19.25835836857674
11.677194101695985,40682304311.94017,41618866357.60019,18.947597240411746,19.38379673136865,18.77478961312033,19.261347748381837
11.818028378221166,40685464728.2498,41615659949.52155,18.94906918985905,19.3823033614652,18.77890127618839,19.264230987613693
11.960561204352672,40674601512.306725,41612443388.45421,18.944009696698416,19.38080526285368,18.78287256515982,19.267010480790074
12.104813065662881,40657223526.549,41609219531.10802,18.93591597928108,19.37930376603364,18.786593740188046,19.2696885896646
12.250804694792999,40686789076.71487,41605987089.815704,18.94968599910195,19.377798271279943,18.790295547263685,19.27226762855632
12.39855707443289,40669318857.778305,41602743321.18227,18.941549324503242,19.3762875008689,18.79397482840701,19.27474983466577
12.548091440336803,40679502275.93675,41599489334.81714,18.946292204953608,19.37477197159604,18.797527652794876,19.27713738330368
12.699429284375467,40714389565.049225,41596227257.37816,18.962540800358735,19.37325267394252,18.801245784209208,19.279432416132508
12.852592357625056,40697788657.50806,41592955498.125305,18.95480900356808,19.371728867028455,18.8049750127788,19.28163702690868
13.007602673493352,40702948517.36568,41589673889.337776,18.95721218470673,19.370200472738645,18.808553486674597,19.283753250129124
13.164482510883603,40694643453.6597,41586382486.49846,18.95334413925507,19.36866751691399,18.812029382193707,19.285783071478036
13.32325441739661,40691421587.12509,41583080829.292206,18.951843569646424,19.367129785164817,18.8153594995823,19.287728427344607
13.483941212571365,40693878582.446236,41579768812.8413,18.952987903984265,19.36558722864481,18.81860668840869,19.289591205135018
13.646565991164776,40677189472.20865,41576446569.88098,18.945215027191004,19.364039909174796,18.821697791324425,19.291373247700935
13.811152126471006,40679034752.385086,41573114161.69054,18.94607445799686,19.362487855295324,18.824634377472616,19.29307635530164
13.977723273680795,40679778421.738174,41569770813.81797,18.946420818598124,19.360930706308917,18.827515637886,19.294702281582712
14.146303373281274,40687365985.4122,41566416183.82775,18.9499546916902,19.359368302727795,18.830374827257124,19.296252732494946
14.316916654496875,40695845005.1679,41563051104.66558,18.953903756376715,19.35780103249261,18.833254948890406,19.297729376317236
14.489587638771654,40683813787.991554,41559674988.803406,18.9483002719816,19.356228621964853,18.836046558914294,19.299133843110962
14.664341143293623,40684756866.74708,41556287574.928986,18.948739506600383,19.35465094943955,18.838711284610802,19.30046771964605
14.84120228456165,40673196938.351776,41552889432.333084,18.94335552280038,19.35306828006126,18.84125388972182,19.30173255682562
15.020196481995317,40673730270.54626,41549478248.507195,18.943603919831652,19.35147953678973,18.84367582027992,19.30292985909622
15.201349461588306,40684033024.51216,41546054796.27374,18.94840238038876,19.349885079563467,18.846100478595925,19.30406108686866
15.384687259605924,40697080610.74955,41542620636.27694,18.95447923402738,19.348285635245375,18.848596611019843,19.30512767885421
15.570236226327143,40676387908.94054,41539174372.492355,18.944841702763497,19.346680553643463,18.85099031036607,19.306131040488935
15.758023029831811,40685789175.599625,41535715967.236435,18.949220299728907,19.345069817206785,18.8532659971402,19.307072536046533
15.948074659833509,40659564546.295105,41532244852.23636,18.937006298525066,19.343453161264872,18.855393773267693,19.307953494117886
16.14041843155869,40696346014.94478,41528761071.48045,18.95413709938976,19.341830606305088,18.85753146612733,19.30877520894488
16.335081989672556,40682486302.103355,41525265064.2499,18.947682001498222,19.340202356920635,18.85974330172605,19.309538946785825
16.532093312252265,40688156660.03589,41521756182.908485,18.950322944781345,19.338568111477905,18.861858198781754,19.31024594271365
16.731480714808132,40670528716.42879,41518233893.57942,18.942112810638427,19.336927621326225,18.86385624759657,19.310897396025332
16.933272854353273,40673502114.20331,41514698511.846855,18.943497657058018,19.335281033447473,18.86572678872124,19.311494476428088
17.13749873352231,40676309411.5155,41511150005.30063,18.944805142946667,19.333628332746763,18.867584900971234,19.312038327467523
17.34418770473983,40680018994.878914,41507587106.172005,18.946532864438563,19.3319689287666,18.869434975803337,19.312530058382386
17.553369474439055,40691591492.991615,41504010187.78268,18.95192270252698,19.33030299537986,18.871325792947477,19.312970747251068
17.765074107331372,40676849239.21149,41500419774.147934,18.945056565228068,19.328630776644264,18.873153454912767,19.313361451566077
17.979332030727445,40692345691.85104,41496815186.04921,18.95227396719768,19.326951956216874,18.87494297735878,19.313703202869963
18.196174038910378,40680850446.50637,41493196075.19771,18.946920109232792,19.325266371883774,18.8767112855233,19.313997002608208
18.415631297561585,40691534542.355,41489562317.58514,18.951896178028345,19.323573965888666,18.878433957541098,19.314243825901904
18.637735348240156,40682640761.3556,41485913793.22711,18.94775394018879,19.321874682349375,18.880125046392436,19.31444462342379
18.862518112916142,40686258936.99004,41482250190.20146,18.94943908894882,19.320168375989578,18.88174737768397,19.314600320934193
19.090011898558522,40668970230.45089,41478571492.74457,18.941386952919366,19.318455039467434,18.88325515897301,19.314711820462442
19.320249401778593,40690785931.62213,41474877405.799164,18.951547516002034,19.316734535361377,18.884753487645707,19.314780000943063
19.553263713529255,40682125601.77373,41471167464.954056,18.94751400696876,19.315006647374013,18.886287890800773,19.31480571629135
19.789088323861044,40699160076.247894,41467441586.6133,18.955447735576257,19.313271336570914,18.88783299253889,19.314789797180957
20.027757126735455,40694453469.65941,41463699768.538605,18.95325565507551,19.31152860190961,18.8894087840156,19.3147330541345
20.269304424896426,40761407578.87501,41459941721.44054,18.984439225339383,19.309778308654863,18.891293042193748,19.314636276853992
20.513764934800466,40673356499.42859,41456166959.4276,18.94342983764242,19.308020230504937,18.893011137169726,19.314500232048662
20.76117379160629,40669065724.12484,41452375355.950195,18.941431428661424,19.30625430851993,18.894181831583946,19.314325664895986
21.011566554224647,40680258722.07162,41448566719.87593,18.94664451628257,19.304480453680807,18.89536338295897,19.314113301163985
21.264979210429043,40691325764.21964,41444740757.65553,18.9517989405663,19.30269852926833,18.896639749558354,19.3138638467485
21.52144818202804,40682853300.130974,41440897379.42019,18.94785292915173,19.30090849342652,18.897899545292386,19.313577988712776
21.78101033010006,40705098637.1833,41437036287.18154,18.95821359318179,19.299110207368656,18.89920649737514,19.31325639569555
22.043702960291224,40680070266.83963,41433157129.9337,18.94655674411986,19.29730350761535,18.900465567570677,19.312899716911943
22.309563828177094,40680773627.793335,41429259673.7493,18.946884331268397,19.295488285216,18.901561453863547,19.3125085829727
22.578631144689147,40701578045.55198,41425343805.517654,18.956573893725075,19.293664487489824,18.902750703509295,19.312083607637597
22.85094358160664,40661530236.42345,41421408985.4709,18.937921809715526,19.291831863042404,18.903803596179205,19.31162538650918
23.126540277114675,40669080766.52863,41417454961.79758,18.94143843459222,19.289990294593707,18.904653824995894,19.311134496721376
23.405460841429427,40687227954.41105,41413481746.9691,18.949890404382465,19.288139787952236,18.90562603952543,19.310611500423004
23.687745362491093,40652246830.73495,41409488856.90766,18.933598105958325,19.28628011766096,18.906480587845294,19.31005694382624
23.9734344117255,40686924849.66513,41405476020.929695,18.9497492347328,19.284411157650258,18.90731552179177,19.309471356045414
24.26256904987534,40692921576.00589,41401443067.92116,18.952542182609953,19.282532828224536,18.90835413568563,19.30885525122502
24.555190832901552,40699334033.932915,41397389649.91002,18.95552875557275,19.280644967317418,18.909436620302582,19.308209128458795
24.851341817956033,40684279449.05807,41393315449.078835,18.9485171514944,19.278747426906875,18.910445068892553,19.30753347134378
25.15106456942623,40659132306.4958,41389220100.68461,18.936804984814668,19.27684003711553,18.911207491939948,19.30682874825241
25.454402165052805,40690700731.120255,41385103341.16943,18.951507834257807,19.274922675192492,18.911989154766196,19.306095412997397
25.76139820212097,40661929989.9922,41380965082.269135,18.938107993112563,19.272995300029123,18.912765738433258,19.30533390670458
26.072096803726463,40701410628.41072,41376804961.70144,18.956495919956936,19.271057742894115,18.913585268913117,19.304544657553933
26.38654262511724,40628119013.76206,41372622045.84141,18.922360685511656,19.269109568955916,18.914195112824174,19.30372807641243
26.70478086011153,40697533636.145256,41368416377.885345,18.95469022853427,19.26715079833301,18.914773837826306,19.302884559532536
27.02685724759327,40664305243.32231,41364188153.02543,18.93921425649179,19.265181521935258,18.91553510293716,19.30201449509904
27.35281807808605,40649590879.00951,41359936503.77098,18.932361108584782,19.263201335732848,18.916014436180728,19.301118258355615
27.68271020040616,40664542038.94997,41355660849.20373,18.93932454297278,19.261209969165748,18.91648470066782,19.30019620767408
28.016581028395926,40672229828.204575,41351361208.174866,18.942905095670792,19.259207431013813,18.917068486504867,19.299248689854625
28.354478547738374,40650158339.07483,41347037356.77309,18.93262540051587,19.25719361699138,18.91755809990842,19.29827604234172
28.696451322853907,40665730145.84584,41342688766.60963,18.9398778983277,19.255168281003794,18.918001498528024,19.297278590424547
29.042548503880234,40686191148.626,41338315100.844604,18.949407516828188,19.253131266169422,18.91863335311708,19.296256646918305
29.39281983373656,40666943081.50935,41333915969.68126,18.94044281756764,19.25108239094221,18.919255616701474,19.29521051321634
29.747315655272857,40695368493.656,41329490976.97928,18.95368182331858,19.249021470821607,18.919915347335593,19.294140479235068
30.10608691850536,40674799747.001495,41325039745.87541,18.944102023601207,19.246948330285285,18.92060117406216,19.29304682375812
30.469185187939466,40858480632.8072,41320561927.117,19.029650556406096,19.24486280667041,18.92217742466394,19.29192981495906
30.8366626499808,40709856094.88975,41316057123.72155,18.960429357358244,19.24276471508421,18.923898753326945,19.29078971053923
31.208572120435743,40642226412.93384,41311524819.868515,18.928931142179177,19.240653815285615,18.924388867602932,19.28962675705456
31.58496705210235,40660772780.52935,41306964777.862816,18.937569028095815,19.23852999656923,18.924599419050697,19.28844119107156
31.965901542452947,40701910776.97358,41302376634.90597,18.95672886186349,19.23639308996332,18.925135018148715,19.28723324023488
32.35143034140928,40631349762.87371,41297759503.12764,18.92386539213995,19.23424268194634,18.925491902133178,19.286003119878345
32.74160885921138,40674718791.359955,41293113171.543015,18.944064318881278,19.232078674253074,18.925694075814473,19.284751034193942
33.13649317438156,40671483638.09502,41288437494.6763,18.942557561038726,19.229900999128834,18.92611134386855,19.28347718057152
33.53614004178425,40652335401.79591,41283731833.18997,18.93363935752504,19.227709358805097,18.926394706839602,19.282181747378104
33.94060690078302,40669036729.04013,41278995728.13936,18.941417924333283,19.225503539530475,18.926659041993357,19.280864912464526
34.34995188349621,40668529144.352066,41274228729.791824,18.94118151908541,19.22328333184405,18.927005889114334,19.279526844454992
34.764233823151955,40676944124.674484,41269430367.03112,18.945100757698658,19.221048516325585,18.927388440340057,19.27816770289752
35.1835122625439,40636681807.265,41264600150.114296,18.92634876743795,19.218798864879542,18.92758461122566,19.276787638258295
35.60784746258914,40691359080.0247,41259737599.02102,18.95181445725019,19.21653415393864,18.92785880398375,19.275386792088668
36.03730041098919,40660957678.042305,41254842220.96021,18.93765514326715,19.21425415398769,18.928257621141135,19.27396529721879
36.4719328309954,40664532184.95274,41249913509.69498,18.939319953518623,19.21195862924917,18.92850010463982,19.272523277819577
36.91180719028024,40655593401.24574,41244950952.52261,18.935156755873752,19.209647340934147,18.928706833810775,19.271060849498234
37.356986709915475,40662803677.02305,41239954053.10153,18.938514908852827,19.20732005787379,18.92889966278616,19.26957811955651
37.807535373458514,40651047290.62737,41234922277.68184,18.933039425637325,19.204976531476525,18.92906221438294,19.268075187069527
38.26351793614863,40660409593.50792,41229855095.618774,18.937399875401017,19.202616514596986,18.929208404685205,19.26655214289281
38.724999934213855,42026480679.47025,41224751976.98355,19.57364123823329,19.20023976042326,18.936984500746284,19.265009069878026
39.19204769429011,40593982224.73714,41219612286.22194,18.906461632091144,19.197845972948866,18.94411732493657,19.26344604248025
39.66472834295417,40623454419.51129,41214435457.48407,18.920188172065128,19.195434888631823,18.94338877199531,19.26186312676456
40.143109816371364,40690784950.764656,41209220985.93922,18.95154705917215,19.193006272349525,18.943212809016444,19.26026038132569
40.62726087005974,40638168472.91594,41203968271.10288,18.927041175168085,19.190559844429057,18.94311822812135,19.258637857268813
41.11725108877194,40641897706.73207,41198676719.999535,18.928778048768496,19.188095328694786,18.94275803211231,19.256995597904055
41.61315089649633,40636115556.78924,41193345741.15795,18.926085038867672,19.185612449671684,18.942394728951776,19.255333638980673
42.11503156657874,40641971436.20366,41187974678.595345,18.928812387932812,19.183110901838774,18.94204082475097,19.253652008516436
42.62296523196612,40639081211.98452,41182562914.69826,18.927466279216382,19.18059039754541,18.941711377961123,19.251950726839937
43.13702489557402,40667484379.211945,41177109829.77635,18.940694924497897,19.17805064817365,18.941531530533922,19.25022980697165
43.65728444077888,40658707418.26869,41171614755.35499,18.936607095065412,19.175491342384486,18.941462995580068,19.24848925451494
44.18381864203688,40631653975.58636,41166077030.92908,18.924007077820054,19.172912172550692,18.941197797444904,19.246729067608474
44.71670317563108,40639017087.25801,41160495988.30236,18.927436413418178,19.170312827462915,18.94083138558151,19.244949237104088
45.25601463054789,40576155020.349625,41154870931.576256,18.898158693150737,19.167692983009577,18.940165135016148,19.24314974654349
45.80183051948482,40657315434.15431,41149201168.35835,18.935958784828067,19.165052316712075,18.939620387180472,19.241330572198997
46.35422928999115,40640212877.72437,41143486019.80763,18.927993347360925,19.162390512403306,18.939438713935697,19.23949168334019
46.91329033574276,40616133572.74302,41137724743.51425,18.916778521152523,19.15970722430928,18.93903390674008,19.237633042121324
47.479094007952895,40591704391.611374,41131916537.992905,18.9054007417267,19.157002079141883,18.938371048948238,19.2357546030734
48.05172162692088,40651602196.47124,41126060703.04023,18.933297870497167,19.154274750784598,18.937922370685172,19.23385631352293
48.631255493719785,40664349873.679474,41120156523.855705,18.939235042876597,19.151524906322354,18.93788356069515,19.23193811423707
49.21777890202509,40656614514.47838,41114203182.564964,18.93563233469349,19.148752164833898,18.93787264660953,19.22999993892686
49.811376150086275,40613955745.457016,41108199887.941025,18.91576420805074,19.145956157808886,18.93758280310823,19.228041713997023
50.41213255284251,40617288679.84957,41102145845.91651,18.91731650700644,19.143136515414064,18.93708438013238,19.226063358849473
51.02013445418457,40629956260.147,41096040230.29851,18.92321637461585,19.140292852853857,18.936686351975677,19.224064785855308
51.6354692393646,40662382325.20983,41089882197.714615,18.938318666172172,19.137424777331432,18.936547196618978,19.222045900249878
52.2582253475557,40674298861.721825,41083670917.727455,18.943868738572167,19.134531902074375,18.936655305567797,19.22000660027939
52.8884922845628,40736682116.44505,41077405530.25667,18.972923454253422,19.131613826504186,18.93717244688278,19.21794677727295
53.526360635686835,40592669130.18051,41071085123.44429,18.905850064304648,19.128670125927194,18.93722014527571,19.215866315356443
54.171922078744295,40610261747.28927,41064708798.08412,18.91404374529247,19.125700381542217,18.93657457519624,19.213765091409513
54.825269397243595,40687157910.1445,41058275632.05287,18.949857781585553,19.12270416387455,18.936467571840765,19.211642975179377
55.48649649372027,40680977403.35058,41051784701.28029,18.946979238802555,19.119681042542698,18.93675050656628,19.209499829313362
56.15569840323338,40640634766.015495,41045235101.55417,18.928189839903713,19.116630596413962,18.936768932130725,19.207335509626617
56.83297130702432,40638245891.83553,41038625862.35146,18.927077232675938,19.113552373471666,18.93655241925009,19.205149865004888
57.51841254634043,40673199097.1118,41031955987.41677,18.943356528232993,19.110445909714418,18.936521933877607,19.202942737062152
58.21212063642555,40639747452.87413,41025224467.78272,18.927776577864773,19.10731073522027,18.936498192921658,19.200713960101265
58.91419528067912,40611871707.02317,41018430265.31035,18.91479357667806,19.10414636648075,18.936136845108113,19.198463361055552
59.6247373849859,40630158534.98962,41011572355.55711,18.923310583199033,19.10095232636643,18.93573268120275,19.196190759579437
60.34384907221895,40588406678.80827,41004649691.95078,18.90386484706526,19.097728127441073,18.935206646551027,19.193895968173162
61.07163369691718,40595879279.229095,40997661188.771866,18.907345176547746,19.09447326403579,18.934505577966362,19.191578792013672
61.808195860139854,40672177225.4597,40990605740.45323,18.94288059618286,19.09118722123775,18.934285571528235,19.189239028803257
62.553641424500675,40803454994.205666,40983482231.89636,19.004022616795698,19.08786947969491,18.93521782646481,19.1868764687849
63.308077529382736,40617215367.21243,40976289529.802444,18.917282361980867,19.08451951157853,18.935814260052247,19.18449089476569
64.07161260633724,40594151328.48095,40969026464.64975,18.90654039138671,19.081136772189215,18.935247195215208,19.182082081992164
64.84435639466776,40622600748.51761,40961691842.14315,18.919790578702663,19.077720705289465,18.934724980824445,19.179649797993275
65.62641995720267,40582366036.62026,40954284447.16225,18.90105144558303,19.074270744942513,18.934147845709795,19.177193802511763
66.41791569625771,40614394728.57491,40946803080.34725,18.91596866243094,19.07078633255202,18.933541499752188,19.17471384766194
67.21895736979077,40620883840.38394,40939246493.33569,18.918990936588834,19.067266886698874,18.93316118392567,19.172209677924823
68.02966010775216,40554123452.762726,40931613381.208405,18.88789759127188,19.063711799622936,18.93245492907948,19.169681029746375
68.85014042863149,40614609661.84986,40923902444.45526,18.91606876662111,19.06012046608331,18.931734999108674,19.16712763144775
69.68051625620426,40628008360.78818,40916112348.03453,18.92230914939496,19.056492264290405,18.931438204045637,19.164549203250175
70.52090693648064,40609094156.47978,40908241729.99301,18.913499945210987,19.052826559920753,18.93111694198535,19.161945457122673
71.37143325485853,40611468797.32418,40900289244.20271,18.914605923327795,19.04912272602139,18.930712743631762,19.159316096917827
72.23221745348323,40598350899.4395,40892253503.75852,18.908496322360897,19.045380116647607,18.93025833671874,19.156660818424502
73.10338324881701,40673577654.62064,40884133053.353386,18.943532839662033,19.041598053996793,18.93016028236261,19.153979308955638
73.98505584942022,40725330529.79114,40875926431.78757,18.96763650466697,19.03777585752185,18.930764343174374,19.151271247141242
74.87736197394675,40698849228.57514,40867632162.23336,18.955302959693817,19.03391283939703,18.931490933039278,19.14853630301503
75.78042986935695,40598851378.01682,40859248716.32473,18.90872941797018,19.030008287792835,18.9315000702758,19.145774137846328
76.69438932934987,40490702306.27415,40850774530.96235,18.858359482245984,19.026061474702903,18.930360339219096,19.14298440387231
77.61937171301778,40572132741.83014,40842208048.7861,18.896285335319487,19.022071674793878,18.92910646868986,19.14016674435334
78.55550996372601,40568046608.68029,40833547668.95369,18.89438223748608,19.01803814248078,18.928306198266245,19.13732079357583
79.50293862822011,40669114606.42023,40824791731.97197,18.94145419536702,19.013960104862264,18.928063430787443,19.134446176500813
80.4617938759637,40576906889.891426,40815938579.9658,18.898508872952405,19.00983678979056,18.927868906803845,19.13154250867223
81.43221351870939,40630491420.36467,40806986513.40381,18.923465623040563,19.005667405716704,18.927470722176558,19.12860939621771
82.41433703030589,40564375883.28991,40797933775.58633,18.892672613917473,19.001451134465853,18.927008876962184,19.12564643552592
83.40830556674398,40522023186.03012,40788778601.81812,18.87294703879836,18.99718715413928,18.925960321703815,19.12265321311939
84.41426198644395,40573291169.004105,40779519198.5638,18.896824867479623,18.99287462940606,18.924988891870644,19.119629305684366
85.4323508707883,40591581599.62681,40770153719.59508,18.905343551921273,18.988512700393827,18.924423152043996,19.11657427985319
86.46271854490156,40565842336.24559,40760680279.85016,18.893355607677194,18.984100489143653,18.923828263020166,19.113487691938015
87.50551309868081,40538431425.83934,40751096964.923615,18.880589101473706,18.979637104029973,18.922954174080257,19.110369087799484
88.56088440808018,40540390771.41612,40741401817.933395,18.88150165771828,18.975121633643912,18.921961344525283,19.107218002697635
89.62898415665175,40516291819.937485,40731592810.199715,18.870277681243593,18.970553133137138,18.920869027108974,19.104033960911636
90.70996585734608,40536310637.56249,40721667891.58575,18.879601354029663,18.965930647667793,18.919781536861404,19.100816475487097
91.80398487457624,40425716261.363205,40711625041.563644,18.828092528934334,18.961253236184277,18.918215770833804,19.097565048548855
92.91119844654749,40522539976.2744,40701462180.441315,18.873187731491956,18.956519930079498,18.91661798499858,19.094279171393744
94.03176570785615,40588607913.45643,40691177123.135506,18.903958571182628,18.951729711660924,18.915955737615295,19.0909583238377
95.16584771236167,40484177740.92321,40680767640.54054,18.855320695763037,18.946881542732783,18.91509189051346,19.08760197366546
96.31360745633391,40482625109.156235,40670231483.86077,18.854597564615947,18.941974375928773,18.91366718644534,19.084209576564888
97.47520990187972,40567735535.83605,40659566368.91824,18.89423735673105,18.93700714740346,18.912740104863975,19.08078057610922
98.65082200065248,40554871555.17741,40648769960.43074,18.888246016551314,18.931978769509826,18.912230343434423,19.077314403566383
99.84061271784705,40584908675.28014,40637839861.7646,18.90223566791434,18.926888126026707,18.911828825095053,19.07381047756978
101.04475305648423,40588517917.94721,40626773635.53781,18.903916656185658,18.92173408175456,18.911621578202183,19.070268203854983
102.26341608198875,40438737116.19236,40615568802.59181,18.834156932541784,18.916515482036637,18.910607715074697,19.066686975109974
103.49677694706244,40588288159.831856,40604222826.710754,18.903809647393846,18.911231145641988,18.909626503721302,19.063066170738463
104.74501291685849,40524723551.00045,40592733121.81487,18.874204721437664,18.905879868115793,18.909135893005992,19.059405156584994
106.00830339445916,40592074765.542816,40581097046.80643,18.90557324169198,18.900460419378852,18.90868212658621,19.055703284677303
107.28682994666,40495936872.034424,40569311897.09277,18.86079745731725,18.894971539779505,18.90807488294019,19.051959892899582
108.58077633006585,40439412806.881355,40557374911.71776,18.834471632391036,18.889411943415045,18.906641073852654,19.048174304666478
109.89032851750162,40486309489.43758,40545283296.32426,18.856313547887595,18.88378032882642,18.90519153856018,19.04434582877146
111.21567472474072,40532427045.50906,40533034189.47841,18.87779258878593,18.878075363313886,18.904289495084598,19.040473759177715
112.5570054375567,40566925125.43248,40520624656.53888,18.893859911790653,18.872295680081667,18.903853208649384,19.036557374595343
113.91451343910114,40482332641.65052,40508051713.52873,18.854461349212272,18.86643988935614,18.903146940782655,19.032595938167425
115.28839383761098,40466631886.57382,40495312313.96658,18.8471487943166,18.860506572252532,18.901906348983793,19.028588697221394
116.67884409445062,40425307300.65576,40482403333.643234,18.827902057354542,18.854494273684686,18.900379683042647,19.024534882869467
118.08606405249265,40483599611.14744,40469321591.40624,18.855051434463086,18.848401512045406,18.898986094809885,19.020433709650593
119.51025596483952,40630940680.730446,40456063868.30286,18.92367486400198,18.842226788122154,18.898762982698997,19.01628437540093
120.95162452389278,40538676204.50151,40442626843.67497,18.880703106016522,18.835968555333608,18.89884109956167,19.012086060877845
122.410376890773,40678713012.01778,40429007111.896835,18.94592460889173,18.82962522752514,18.899188616235794,19.00783792913514
123.88672272509324,40427035633.71187,40415201251.36038,18.828707020573766,18.823195211098433,18.898899005134158,19.003539125387825
125.38087421509283,40513079404.27141,40401205745.313095,18.868781513333758,18.816676868142086,18.89771359515686,18.99918877681904
126.89304610813464,40512509694.64671,40387016973.32678,18.868516173680675,18.810068512458216,18.897024980327675,18.99478599191003
128.42345574156886,40401567748.11487,40372631268.022385,18.816845469291994,18.803368435981795,18.895733800992474,18.99032986005408
129.97232307397022,40445640639.19835,40358044874.96103,18.83737221682004,18.796574890100086,18.894109410437633,18.98581945126805
131.53987071675215,40458734938.34864,40343253950.67557,18.843470826784284,18.78968608473583,18.892837881301602,18.981253815679892
133.12632396616075,40438209800.308846,40328254579.294914,18.83391133757984,18.782700196089976,18.89155436793165,18.97663198310972
134.731910835656,40298164581.03735,40313042769.87491,18.768685916968092,18.775615365398526,18.889411416476726,18.971952962737195
136.3568620886835,40385929827.446945,40297614445.99437,18.809562179234938,18.76842969408695,18.887038331690402,18.967215742704454
138.00141127184006,40468470919.457375,40281965432.87568,18.848005315474353,18.76114123777166,18.88566090602356,18.962419289599794
139.66579474844085,40390093271.37422,40266091465.63417,18.811501284209477,18.75374801010212,18.884333762751357,18.957562547928863
141.35025173249107,40360703926.41402,40249988187.96474,18.797813331157563,18.74624798214915,18.882445112990673,18.952644439636245
143.05502432306622,40417204572.3057,40233651155.43286,18.824128248669858,18.73863908393768,18.88075362687204,18.94766386364949
144.78035753910876,40342091997.31595,40217075836.65775,18.78914491027085,18.730919204997836,18.878995177323716,18.942619695458525
146.5264993546428,40433050807.888794,40200257588.51196,18.831508560446274,18.723086182814228,18.877371307111346,18.93751078657392
148.2937007344144,40266130483.88632,40183191663.00717,18.753766182674678,18.715137806033002,18.875358288320257,18.93233596390013
150.0822156699622,40353737382.77031,40165873224.41411,18.79456869530541,18.707071822435367,18.87296379321632,18.927094029256455
151.8923012161215,40390674797.144135,40148297326.98459,18.811772127178173,18.69888592856171,18.87131148462846,18.921783758879503
153.72421752796987,40354592886.584045,40130458910.58912,18.794967142295434,18.69057776767986,18.869700627338904,18.91640390279109
155.57822789821867,40218932670.33865,40112352812.050186,18.731784016795572,18.682144935063487,18.867177110251887,18.91095318422012
157.45459879505376,40244485814.74138,40093973755.63168,18.743685276976326,18.673584973562622,18.864111231674972,18.9054302990475
159.35359990043426,40272151629.076065,40075316344.12155,18.756570503519104,18.664895369450427,18.861411677234216,18.89983391516253
161.2755041488532,40371495388.51158,40056375060.5065,18.802839405292698,18.656073553203186,18.85947918410885,18.894162671795
163.22058776656405,40340995109.51869,40037144271.72557,18.78863403979407,18.647116901248502,18.85796800243433,18.888415178893062
165.189130311282,40177354338.07161,40017618218.96555,18.712419098631567,18.63802273144546,18.855417110837763,18.882590016482606
167.1814147123639,40324426496.223885,39997791012.55671,18.780917283901015,18.628788300707303,18.85284551808825,18.87668573396025
169.1977273114714,40281554036.818726,39977656640.179276,18.76094963193897,18.619410808823584,18.85090345694335,18.87070084942063
171.23835790372596,40099797837.79325,39957208963.00191,18.676297513202616,18.60988739666168,18.847763498889186,18.864633849023193
173.30359977936027,40193055874.00218,39936441697.52643,18.71973201720636,18.600215137711032,18.84421876748098,18.858483186252094
175.3937497658705,40290389399.24786,39915348406.59215,18.7650646615965,18.590391033893486,18.841809678197357,18.85224728104406
177.5091082706783,40145273006.13223,39893922522.45389,18.69747736495143,18.580412026311745,18.839186020254985,18.84592451901575
179.64997932430765,40154181420.17198,39872157342.1158,18.701626418062624,18.570274993076143,18.835878132428235,18.839513250810008
181.81667062408056,40211665123.57535,39850045998.12024,18.728399190116605,18.559976735699678,18.83301651750252,18.833011791269946
184.00949357834142,40208207538.85161,39827581464.85928,18.726788835839038,18.549513982037578,18.830518755333603,18.826418418507426
186.22876335121506,40187167602.22248,39804756565.052185,18.71698958154519,18.538883389304146,18.827944431133556,18.819731373064116
188.4747989079024,40115062568.32172,39781563964.9626,18.683406991658387,18.528081541845218,18.82491551174759,18.812948857101464
190.74792306052458,40162390118.75069,39757996164.67226,18.705449581896822,18.517104946608136,18.82182560099628,18.806069033529617
193.04846251451977,40133119833.12478,39734045480.357635,18.691817080185537,18.505950024887234,18.818905987631123,18.799090025005295
195.37674791559772,40096939609.15997,39709704054.84585,18.674966306284023,18.494613117240153,18.81569421493475,18.792009912914736
197.73311389726268,40183277524.39418,39684963877.45247,18.71517779558146,18.483090492727253,18.812839315240552,18.784826736548844
200.11789912890913,40128052583.75737,39659816742.76277,18.689457031959307,18.47137832971413,18.810219027240624,18.77753849217776
202.53144636449608,39990801546.20977,39634254244.55448,18.62553298871092,18.459472713041205,18.80659618291789,18.770143131887703
204.97410249181,39990912396.23291,39608267803.719955,18.625584616602406,18.4473696470283,18.802307087013908,18.762638562566934
207.44621858232193,40115452621.144135,39581848633.108315,18.683588656977168,18.435065039100078,18.79881144379961,18.755022644873776
209.94814994164432,40106829135.82081,39554987733.37277,18.679572308113002,18.42255469785191,18.79603374731459,18.747293192013203
212.48025616059775,40061317078.98484,39527675912.667816,18.65837527571537,18.40983434222378,18.793021964429528,18.739447968629
215.04290116689413,40044880081.81009,39499903766.53479,18.650719819428502,18.39689959213205,18.789740714059032,18.731484689718485
217.63645327744084,40034315474.29127,39471661681.63185,18.645799401776276,18.383745970206725,18.786388424106338,18.723401019483436
220.26128525127794,39970706738.222305,39442939815.75951,18.616173923760947,18.370368892488376,18.78270457463831,18.715194570117742
222.91777434315375,39962053458.8758,39413728080.841896,18.6121436984667,18.356763660501798,18.7787111376559,18.7068629004198
225.60630235774448,39916342300.59652,39384016165.28326,18.590853935482098,18.3429254716684,18.77451114888718,18.69840351446857
228.32725570452996,40031976300.51027,39353793517.42801,18.6447099422821,18.32884941160285,18.77080177749288,18.689813860361802
231.08102545333108,39829962053.89079,39323049334.81883,18.550622730495338,18.314530449110023,18.7666932082233,18.68109132883374
233.86800739051486,40032700539.21272,39291772578.04998,18.645047253146664,18.29996344263717,18.762699359577095,18.672233251923693
236.68860207588085,39947012571.9972,39259951937.96007,18.605138474167475,18.285143124994082,18.759436381619025,18.663236901569938
239.54321490022994,39853060944.9956,39227575826.17584,18.561380933423028,18.270064098948893,18.75525933373023,18.654099488004544
242.4322561436301,39973038717.108475,39194632385.323845,18.617260032265754,18.254720841984128,18.751331913111713,18.644818158191097
245.35614103438468,39962527650.42061,39161109465.421104,18.612364551010767,18.23910769530076,18.748097171318197,18.635389994224322
248.31528980870976,39910272502.15361,39126994644.37678,18.588026954607443,18.223218873366775,18.744591393869072,18.625812011752014
251.31012777113347,39909502147.947174,39092275232.21105,18.587668165657732,18.20704846588209,18.74087782642213,18.616081158570154
254.3410853556237,39850107106.4893,39056938213.38507,18.560005196643193,18.19059041091899,18.736918358466276,18.606194312954386
257.408598187451,39758550234.25781,39020970241.70955,18.517363001984492,18.173838492550825,18.732218806192396,18.59614828168647
260.5131071457995,39719214757.14935,38984357658.23224,18.499042683356627,18.156786349183044,18.726910166201996,18.585939798198893
263.6550584271334,39769722128.31229,38947086476.281906,18.522566260564282,18.139427466587453,18.721791905827967,18.5755655207785
266.8349036093247,39750372742.410324,38909142377.46023,18.51355437254269,18.1217551760355,18.716964499926576,18.565022030708388
270.05309971655794,39803592148.74117,38870510689.19441,18.538341067730816,18.10376264384349,18.712440730530833,18.554305830307324
273.31010928501604,39663059536.746124,38831176379.17386,18.47288864618635,18.08544286878148,18.7075360078645,18.54341334086158
276.6064004293574,39650300056.16522,38791124061.15042,18.466945976440066,18.066788684774743,18.701905973672293,18.532340900607423
279.9424469099964,39725897121.0047,38750337967.568695,18.502154963771577,18.047792748156436,18.696758932815722,18.521084762641415
283.3187282011958,39628504139.08349,38708801938.47127,18.456794627706635,18.028447532500277,18.69160786183214,18.509641092668392
286.7357295599775,39734380096.34593,38666499416.97327,18.506105870753974,18.008745326512823,18.686632353244274,18.49800596671697
290.1939420958668,39591191071.84973,38623413434.09602,18.439416237231782,17.98867822696985,18.681560623983476,18.486175368800108
293.69386284147885,39409174864.1205,38579526608.78212,18.354643020630373,17.968238138723322,18.674813556010488,18.47414518854801
297.2359948239523,39487566667.851135,38534821131.94115,18.391153644823348,17.947416767270802,18.667663236468158,18.46191121880868
300.8208471372484,39369782319.809586,38489278738.26391,18.336296123213867,17.92620560562804,18.660458497663814,18.449469153061333
304.44893501532135,39385256659.80037,38442880708.74658,18.343503226318408,17.904595935504588,18.652864397143556,18.436814582750582
308.1207799061689,39257430151.18477,38395607860.02774,18.283968614332686,17.882578822337557,18.644825609204815,18.423942994638406
311.836909546778,39433128666.97197,38347440512.15541,18.365799394795555,17.860145100279293,18.63725143043857,18.410849767981478
315.5978580389755,39385842418.907364,38298358490.55987,18.343776040944498,17.837285373116185,18.630557795721284,18.397530171609578
319.4041659261899,39153876394.05439,38248341124.67448,18.235738925380137,17.81399001362632,18.62247595501976,18.38397936107634
323.2563802711419,39159218981.97466,38197367220.215195,18.238227211278563,17.790249150668807,18.613343115239804,18.370192375716133
327.15505473447257,39292426823.33694,38145415017.428505,18.30026815438847,17.766052649737922,18.605195283859356,18.356164135386898
331.100749654316,39105549938.33458,38092462202.97729,18.213231099569327,17.741390118498916,18.596933802402685,18.341889437127115
335.0940321268354,39383189765.83689,38038485901.04209,18.342540579904423,17.716250902643466,18.589384166899567,18.327362951907812
339.13547608772984,39324980364.38797,37983462623.12739,18.315429817303496,17.690624062512168,18.583212924228988,18.31257922113412
343.2256623947215,38940361187.851105,37927368269.19655,18.136295194247733,17.664498373623136,18.574733933527856,18.297532652960747
347.36517891104063,38685251507.80971,37870178142.21639,18.017479027088388,17.63786233344608,18.562930614525882,18.282217518781678
351.5546205899174,39187161350.16121,37811866889.10706,18.251241241513487,17.61070413389997,18.552793611350587,18.266627949555073
355.79458956008955,38725374564.660126,37752408470.63806,18.036166157380386,17.583011647332246,18.54308626744521,18.250757931724326
360.08569521234466,38978993284.77328,37691776178.10478,18.154287916769572,17.554772434285844,18.532484068057776,18.234601303163217
364.428554287106,38988857032.957504,37629942578.210846,18.158881912390925,17.525973717828396,18.52357867050766,18.218151749002647
368.82379096307136,38774033626.374344,37566879501.621346,18.058828892912473,17.49660237822096,18.513746029604302,18.2014027971905
373.2720369469261,39009842462.35958,37502558048.12745,18.168655780192974,17.466644955323396,18.504277024562736,18.184347814122507
377.7739315641329,38852055093.87868,37436948526.40803,18.095167034701163,17.43608762053863,18.495449798449595,18.16698000007072
382.3301218508199,38996425955.07105,37370020427.38462,18.16240710326143,17.404916164402856,18.486767676579944,18.149292384241914
386.94126264677766,38884009665.2882,37301742424.78268,18.11004973024405,17.373115996846916,18.478459056396957,18.13127781981017
391.60801668957356,38890196408.918884,37232082333.67362,18.112931177805255,17.340672127887473,18.4697651179853,18.112928978840102
396.33105470980524,38568112713.73577,37161007086.446815,17.962922169287957,17.30756915643605,18.459523440726638,18.094238346969572
401.11105552750286,38570650804.38852,37088482713.13446,17.964104273405738,17.273791261135454,18.447772154777667,18.075198217977476
405.94870614969005,38497624476.5032,37014474289.5129,17.930092595057634,17.23932217618818,18.43590788315994,18.05580068808427
410.84470186912574,38533022047.93617,36938945908.79781,17.946578852120606,17.204145178173594,18.424120678742963,18.03603764994579
415.7997463642362,38317856303.64428,36861860674.87793,17.846366390419423,17.168243082896552,18.411612636132656,18.015900786596575
420.81455180024926,38484939144.02995,36783180629.63519,17.924184459453496,17.131598211537106,18.399148291100285,17.99538156509627
425.88983893155137,38493255592.3327,36702866720.08504,17.928057807229052,17.094192375346246,18.38794170611273,17.97447122974543
431.02633720527984,38262910784.737236,36620878823.79841,17.820775766190437,17.056006887486067,18.375767763937297,17.953160795423152
436.22478486616023,38242409687.8074,36537175653.84276,17.811227474023045,17.017022518756495,18.36250522409855,17.931441040694185
441.48592906261183,38177579584.4747,36451714706.6111,17.78103314978852,16.97721947329689,18.349084644710864,17.90930250026862
446.81052595413337,38162892218.30165,36364452235.637665,17.774192576141672,16.93657737639083,18.335544969623434,17.88673545720862
452.1993408199794,37921473333.14625,36275343206.28033,17.661752834108395,16.89507525335963,18.320905593383458,17.863729934924834
457.65314816915196,37868608894.634964,36184341296.948975,17.637131463559374,16.85269153013447,18.30499567428516,17.84027568912062
463.17273185171797,37969837742.81861,36091398781.63055,17.68427833679909,16.809403978542967,18.289734620380017,17.81636219928186
468.7588851714661,37666556276.31369,35996466505.84711,17.543026380327927,16.765189705111744,18.273706991731093,17.79197865959072
474.41241099992544,37886563569.128876,35899493846.03032,17.645493771119064,16.720025132145295,18.25761695400319,17.767113969697384
480.1341218917604,37573515601.1008,35800428611.19393,17.49969311121435,16.67388595193038,18.241377168127578,17.741756724941816
485.9248402015522,41505376191.06192,35699217018.99696,19.33093920516202,16.62674711558757,18.245628124077697,17.71589520613516
491.7853982019932,37655718667.471855,35595803622.89818,17.537978813557626,16.578582799143774,18.2499745543064,17.689517369047625
497.7166382035078,37079820745.63387,35490131280.75578,17.26975698937316,16.529366388907707,18.229909727857983,17.662610833571623
503.71941267531,37578388763.93601,35382141040.49196,17.501962764525544,16.479070428218634,18.20992916422449,17.63516287233492
509.79458436792675,37106468868.21541,35271772048.05427,17.282168230634632,16.42766657457985,18.19053690331116,17.607160398445668
515.9430264371982,36817060771.34534,35158961565.42193,17.147377732644113,16.375125608045003,18.167409738556206,17.578589953122933
522.1656225697697,36882098275.425415,35043644856.30731,17.177668652828526,16.321417377984098,18.143604328525047,17.5494376930847
528.4632671101007,37202476656.80931,34925755038.54844,17.326883419240257,16.266510734335963,18.122497761106974,17.519689376788584
534.8368651890073,36961962427.82384,34805223002.84583,17.214865016682182,16.210373489760325,18.10231332107465,17.489330349737955
541.2873328537482,36554373818.23955,34681977375.630646,17.02503248519709,16.152972402343803,18.079025866814046,17.458345529484504
547.8155971996863,36802663605.78173,34555944441.10376,17.140672318604363,16.09427313928997,18.055432945572473,17.42671939034974
554.4225965035367,36918069274.80711,34427047955.29478,17.194421981336998,16.034240190318194,18.03440115844664,17.394435947048937
561.1092803582181,36523571662.550156,34295209100.547184,17.010686522007198,15.972836846465288,18.012310990980907,17.361478737430662
567.8766098093348,36433960908.66551,34160346335.731163,16.96895072307121,15.91002513032284,17.98808335315143,17.32783080454437
574.7255574933044,36162400823.5178,34022375139.287617,16.842472854942176,15.845765676361113,17.9624310527824,17.293474676885104
581.6571077771479,36184788511.185684,33881208101.573395,16.85289981812063,15.780017773938436,17.936021495597586,17.25839234820973
588.6722568999686,35561332281.65349,33736754972.72395,16.562527929556424,15.712739389593002,17.90690007131603,17.222565258603353
595.7720131161401,36047811683.040565,33588922046.565434,16.789103486647804,15.643886880102754,17.877749567567815,17.185974272837385
602.9573968402125,36406004331.00119,33437612060.71071,16.955930074836974,15.573414945955545,17.853945649355623,17.148599655307155
610.229440793577,35179201937.58831,33282724317.892902,16.384552468845808,15.501276687859704,17.82586100259675,17.110421045688863
617.5891901528903,35842420030.2218,33124154269.789482,16.693443263364674,15.42742341291199,17.795394844771145,17.071417433528758
625.0377027002941,35379332177.575615,32961793443.581608,16.47776221315701,15.351804600392946,17.76671738970362,17.031567130744417
632.5760489754474,35399581822.988205,32795529261.81379,16.48719339292984,15.274367817867365,17.736292124959927,16.9908477433749
640.2053124293863,35221843489.523575,32625244721.923717,16.404412576709422,15.195058571926767,17.70571224947885,16.949236141233634
647.9265895802449,34624809783.45018,32450818225.737,16.126346857646677,15.113820228777355,17.67156844938689,16.906708425576443
655.7409901708554,34895654237.15952,32272123213.795414,16.25249142370504,15.030593843930074,17.636462636479074,16.863239894570885
663.6496373282415,34000016828.577293,32089028001.84092,15.835352395366337,14.94531808604378,17.598702876748185,16.818805006670807
671.6536677250424,34063346567.507122,31901395701.950245,15.864847931739646,14.857929200194036,17.55727744308713,16.773377343524185
679.7542317428836,34449807946.031815,31709083500.096485,16.044840551948994,14.768360671400737,17.51932571302326,16.726929569317416
687.9524936377117,34351928196.29705,31511942354.454037,15.999253506000313,14.676543084115,17.483849264113527,16.679433385446558
696.249631707129,33990594294.65342,31309816997.197758,15.830963893269585,14.582404123057126,17.44667104269845,16.630859484617833
704.6468384597479,32957700993.913166,31102545358.648876,15.349898560669883,14.485868305015183,17.40265924040165,16.581177502849354
713.145320786579,34850828430.843765,30889958129.799812,16.23161400934977,14.386856775092944,17.36453298163103,16.53035596702389
721.746300134495,33240910388.46903,30671878219.984024,15.481802041397016,14.285287054122096,17.32875666827343,16.478362238274986
730.451012681785,34225619859.75156,30448120207.59332,15.94042597571541,14.181072782836342,17.290464383485013,16.425162450691463
739.2607095158205,32957601308.151344,30218489918.728203,15.349852132482061,14.074123525629723,17.25144174708644,16.370721446123273
748.176656812871,33354730897.4995,29982783855.232346,15.534813423109114,13.96434450416629,17.20859385096364,16.31500270504662
757.2001360200866,32746973442.94665,29740788481.62343,15.251753167219297,13.8516362652714,17.165565795693553,16.257968271972583
766.3324440396711,36301144987.935455,29492279410.761757,16.907092315203958,13.735894301660604,17.139950662142912,16.199578674192647
775.5748934152812,48881849771.68857,29237021122.721905,22.76649805130217,13.617008921005395,17.204259790349685,16.139792836423158
784.9288125206746,32700976401.120678,28974765520.129623,15.230330255279839,13.494864573087973,17.24623140334902,16.07856798791195
794.3955457506266,31707268612.341736,28705251077.80375,14.767515395726333,13.369339453750865,17.19295577801745,16.015859559103482
803.9764537141556,31754076124.673653,28428201878.38496,14.789315780598596,13.240305055745415,17.135752547195743,15.951621070736174
813.6729134300795,30350887993.576637,28143326323.594303,14.13578732368793,13.10762556850634,17.072373226352273,15.885804013125695
823.4863185249237,31487379220.119427,27850316426.82879,14.665102916597307,12.971157548681363,17.009108051864278,15.81835771731445
833.4180794332223,29696342193.439026,27548845696.711464,13.83093560975071,12.830748934404333,16.9436336853923,15.749229213647386
843.4696236002361,31045480291.35089,27238567449.785946,14.459290510813346,12.68623825944042,16.877376339960275,15.67836307272666
853.6423956871075,29384672739.350113,26919113286.986103,13.68577698641082,12.537453943608837,16.81086967438884,15.605701232425105
863.9378577784973,29390926412.479225,26590092204.897106,13.68868960607993,12.384213878856727,16.73686534453424,15.531182815710059
874.3574895927261,29588401114.460484,26251086689.876682,13.780662545705502,12.226323610114006,16.665744637917882,15.454743926230806
884.9027886944416,29498619116.065292,25901649771.114937,13.738846990421626,12.063574962769446,16.596893567420608,15.376317410972499
895.5752707098593,29478944444.78486,25541303783.50653,13.729683602222158,11.89574546648404,16.529072129317537,15.295832605505467
906.3764695445994,28420985515.56261,25169536082.19328,13.236944067752942,11.722596359258821,16.456877676250087,15.213215054700228
917.307937604142,28569719846.028206,24785795283.031754,13.306216402178139,11.543870836449821,16.38141719740065,15.128386195691075
928.3712460169497,27277416778.90686,24389487236.57649,12.704332156865677,11.359292175669172,16.30138759130075,15.041263005387767
939.5679848602816,30011937419.648796,23979969041.704536,13.977922643507899,11.168560948658099,16.2313441618293,14.951757601033355
950.8997633887208,26498074588.110687,23556543758.067287,12.34135709452802,10.971352558635536,16.158453782802663,14.859776788048565
962.368210265473,26389190134.820652,23118453845.28878,12.290644658210185,10.76731418463473,16.067415595097145,14.765221553176895
973.9749737964391,26838348299.33143,22664872430.940434,12.499838019853051,10.556060714602394,15.980430068334222,14.66798648519328
985.7217221671224,26245067771.578194,22194891273.36022,12.223520326434,10.337169139136776,15.894675762283109,14.56795909464042
997.6101436823909,25021709928.048523,21707509573.433025,11.65374700380302,10.110173340625495,15.800909586764545,14.465019021571456
1009.6419470091245,23375017775.466976,21201630460.29764,10.88680766214669,9.874562456479666,15.693516341976805,14.359037181200117
1021.8188614217956,24967643132.53078,20676035149.668545,11.62856564097522,9.629768843490385,15.588476266563541,14.24987476709163
1034.1426370510137,22722843095.118534,20129354386.516407,10.583060286410904,9.375154777387754,15.482199712148057,14.137381977751383
1046.6150451350566,20916032504.774624,19560052429.734753,9.741546514402193,9.110004993772593,15.356102093903655,14.021396527882867
1059.2378782744452,21537672449.715717,18966395743.259476,10.03107247672185,8.833512106148488,15.226533475245828,13.901741933314938
1072.0129506895892,19741585605.88216,18346415038.646317,9.194553240623112,8.544758927425791,15.093474987959043,13.778225454188306
1084.9420984815295,19958648948.736023,17697845710.41633,9.295649500179021,8.24269072795609,14.954923727659299,13.650635548111072
1098.027179895836,21041049234.617775,17018050508.79152,9.799772484770498,7.926079220712362,14.82685297570231,13.51873862780991
1111.270075589688,20718001021.21322,16303949053.13265,9.649314256301182,7.593489732494882,14.70595944526081,13.382275080310295
1124.6726889021647,19704667688.273117,15551868739.710346,9.177358889279411,7.243211764907237,14.580534224571164,13.240954166376195
1138.2369461278074,17663889948.49553,14757352899.428438,8.226875987081694,6.873169644693055,14.441196519117923,13.09444715838317
1151.9647967934795,16391101023.9225,13914906947.675179,7.634080364445627,6.480804294189761,14.286903856087672,12.94237817975539
1165.8582139385567,14133394054.315672,13017552807.818266,6.582563665220077,6.0628657061084885,14.116755739338977,12.784311396235603
1179.919194398505,15170504992.074253,12056063103.284885,7.065593342978715,5.615056271996516,13.944013460901932,12.619731816610908
1194.1497590918812,13197162984.255934,11017451788.292686,6.146518324635837,5.1313278004008005,13.770098850715774,12.448013971170933
1208.5519533107824,10663731509.997562,9881337081.543495,4.966584197936392,4.602187569863905,13.575421424507255,12.268362868097622
1223.1278470148095,16722798859.22168,8668214563.477505,7.7885671147677,4.03718130327339,13.405091953598806,12.080004330050267
1237.879535128577,9177157450.807037,7469538909.656271,4.274219126243068,3.478903597656159,13.230146289625157,11.882802516763459
1252.8091378427982,16081013508.975166,6223999084.860367,7.4896585220285585,2.8987991186628377,13.056282418856338,11.676786061810413
1267.918800919016,10853873563.900797,4621151992.667368,5.055141990243298,2.1522804134299953,12.895387242293689,11.459923650110968
1283.210695998004,7461541240.034578,2520824185.488902,3.4751787195938997,1.1740623395935368,12.690809533143165,11.227751594324259
1298.6870209118815,0.0,0.0,0.0,0.0,12.431061383041778,10.975570516287304
1314.35,0.0,0.0,0.0,0.0,12.136547289022683,10.715539606025954
