R_kpc,Sigma_bar,Sigma_eff,kappa_bar,kappa_eff,kappa_bar_mean,kappa_eff_mean
1.0,39625486921.47069,39628796799.406876,18.4553893723977,18.456930932914258,0.0,0.0
1.0120606264911474,39625531510.19401,39628840261.89467,18.455410139391734,18.45695117536924,0.43724145426659267,0.43727797034352683
1.0242667116936537,39625580610.813156,39628884787.05041,18.455433007780623,18.456971912756966,0.8641243929301582,0.8641965283814861
1.0366200099307066,39625619176.34126,39628930400.96813,18.455450969499022,18.456993157230606,1.280894194037005,1.2810011190039623
1.0491222966837304,39625666283.925674,39628977130.5356,18.455472909641095,18.457014921313014,1.687790445551933,1.6879313723646174
1.0617753688475675,39625714621.109604,39629025003.262024,18.45549542246352,18.45703721781648,2.085047123207109,2.085221241650002
1.0745810449887383,39625764316.81134,39629074047.39612,18.455518568009403,18.457060059897714,2.4728926200441084,2.473099137584593
1.0875411656068144,39625814844.46308,39629124291.90619,18.455542101032197,18.45708346104857,2.8515499158489788,2.851788059749675
1.1006575933989453,39625865843.24486,39629175766.366974,18.45556585348165,18.457107435043348,3.221236702727146,3.221505724790329
1.113932213527575,39625920606.20778,39629228501.075455,18.455591359081264,18.45713199599273,3.5821655315668686,3.582464691584972
1.127366933891388,39625973255.2474,39629282527.146774,18.455615880130765,18.457157158388448,3.934543902979959,3.9348724834505946
1.1409636853995222,39626027282.43896,39629337876.486176,18.455641043048228,18.457182937090224,4.278574388663087,4.278931707453098
1.1547244222490889,39626084649.88922,39629394581.837456,18.455667761675915,18.457209347348336,4.614454791067905,4.614840170891049
1.1686511222060412,39626144358.48786,39629452676.73552,18.455695570682753,18.457236404781508,4.942378231567035,4.942790995019764
1.1827457868894284,39626200933.043915,39629512195.50057,18.455721920023585,18.45726412537422,5.262533220274264,5.26297272608076
1.19701044205908,39626262394.61887,39629573173.393234,18.45575054547113,18.457292525548947,5.575103815653712,5.575569443701534
1.2114471379067577,39626325515.32093,39629635646.614365,18.455779943649535,18.45732162216607,5.8802697415677825,5.880760866728036
1.2260579493508208,39626390953.60426,39629699652.25454,18.455810421230826,18.45735143250036,6.178206449851384,6.178722456549475
1.2408449763344431,39626455118.3587,39629765228.29798,18.455840305671856,18.45738197424279,6.469085219250917,6.469625517974916
1.2558103441274293,39626524037.568794,39629832413.643486,18.455872404478868,18.457413265510297,6.7530732843754855,6.7536372977201
1.2709562036316695,39626590396.16889,39629901248.22367,18.455903310693483,18.457445324901318,7.030333910204668,7.0309210805616935
1.2862847316902777,39626661616.37685,39629971773.03107,18.45593648117973,18.457478171507937,7.301026494757001,7.301636283214246
1.3017981314004599,39626735561.947235,39630044030.09612,18.45597092099107,18.457511824905637,7.565306688474176,7.565938545983104
1.3174986324301545,39626807994.480606,39630118062.48137,18.456004656112338,18.4575463051506,7.823326418920792,7.823979822245703
1.3333884913384921,39626885641.40006,39630193914.31068,18.456040819810088,18.45758163279332,8.075234028320544,8.07590846581305
1.34946999190012,39626960691.85407,39630271630.85459,18.456075774215922,18.45761782891834,8.321174337946067,8.321869316222086
1.3657454454334392,39627041074.41095,39630351258.58575,18.45611321202429,18.45765491517008,8.561288739164835,8.562003782008077
1.3822171911327976,39627124745.246574,39630432845.16944,18.456152181333454,18.457692913748435,8.79571530566709,8.7964499220044
1.3988875964046932,39627206134.83496,39630516439.46849,18.456190088162145,18.45773184741104,9.02458879780947,9.025342524716173
1.415759057208029,39627293127.89099,39630602091.56707,18.456230604780274,18.457771739484365,9.248040796452795,9.248813185813512
1.4328339983984741,39627378428.231606,39630689852.804596,18.456270333023937,18.45781261387951,9.466199767816772,9.466990383789195
1.4501148740769754,39627468998.273766,39630779775.90721,18.456312515607003,18.45785449515344,9.679191133156523,9.679999553824732
1.467604167942475,39627562086.29485,39630871915.014175,18.45635587092724,18.457897408521266,9.887137365183015,9.887963159907315
1.4853043936488803,39627656374.9362,39630966325.60539,18.456399785430875,18.457941379822493,10.090158012607105,10.091000765237919
1.5032180951663396,39627755929.476234,39631063064.52386,18.45644615250275,18.457986435531495,10.288369807155467,10.28922910097104
1.5213478471468749,39627851661.58541,39631162190.12553,18.456490739294924,18.458032602827288,10.481886686823193,10.482762133326808
1.5396962552944244,39627954624.783104,39631263762.33196,18.45653869393352,18.458079909618064,10.670819901718744,10.671711129114225
1.5582659567393489,39628058569.27669,39631367842.57562,18.45658710560619,18.45812838451571,10.85527809216714,10.856184719702021
1.5770596204174525,39628164557.97738,39631474493.87222,18.456636469358973,18.45817805686951,11.035367296234567,11.036288963474018
1.5960799474535783,39628273473.048805,39631583780.88884,18.456687196055547,18.458228956797857,11.211191050480963,11.212127406805592
1.615329671549826,39628385738.02868,39631695769.980446,18.456739482956667,18.458281115205274,11.382850445688463,11.38380114359609
1.6348115593784562,39628500453.72279,39631810529.23659,18.45679291126674,18.45833456380416,11.550444174949611,11.551408873391244
1.65452841097953,39628618999.733,39631928128.507904,18.45684812352902,18.458389335127134,11.714068595866788,11.715046958128989
1.6744830601633456,39628745472.14637,39632048639.452965,18.456907027477335,18.458445462548838,11.873817813458466,11.87480947754126
1.6946783749177292,39628861434.63432,39632172135.677124,18.45696103647594,18.458502980350637,12.029783623364054,12.03078828324428
1.7151172578202367,39628989459.09052,39632298692.76037,18.457020663281106,18.45856192373356,12.182055670592767,12.18307305154821
1.7358026464553273,39629118705.26616,39632428388.20653,18.457080859096518,18.45862232879466,12.330721539923617,12.331751335015575
1.7567375138365704,39629251834.39522,39632561301.53893,18.45714286337973,18.45868423257157,12.475866696416926,12.476908612798407
1.7779248688339402,39629387660.62478,39632697514.41205,18.457206123825173,18.458747673094482,12.617574588325464,12.618628339783934
1.7993677566062685,39629526965.02088,39632837110.65956,18.45727100421078,18.45881268940855,12.7559266846953,12.756991994576843
1.8210692590389104,39629669769.66889,39632980176.34486,18.45733751482271,18.458879321597404,12.89100252883101,12.892079126345259
1.8430324951866892,39629816847.99441,39633126799.82522,18.457406015880405,18.45894761081304,13.022879783927735,13.02396740055752
1.8652606217221832,39629967296.389404,39633277071.806694,18.457476086532548,18.459017599301397,13.151634272426806,13.152732643636007
1.88775683338942,39630122561.024536,39633431085.414894,18.457548400326516,18.45908933043529,13.277340023471343,13.278448886553749
1.9105243634630407,39630278519.04608,39633588936.27853,18.457621037062037,18.45916284875336,13.400069297369658,13.40118840739899
1.9335664842130058,39630439860.82207,39633750722.6107,18.457696181256573,18.45923819999791,13.519892645876563,13.521021772932242
1.9568865073748998,39630607691.16384,39633916545.280464,18.45777434747096,18.459315431148237,13.636878981103946,13.638017879159616
1.9804877846259143,39630776005.83589,39634086507.87717,18.457852739259963,18.459394590450607,13.751095555246351,13.75224399094563
2.0043737080665673,39630952979.26084,39634260716.79769,18.45793516382354,18.459475727458887,13.862608039615655,13.86376578068841
2.0285477107082346,39631129077.51206,39634439281.31037,18.458017180778953,18.4595588930643,13.97148054156657,13.972647366079382
2.0530132669665586,39631310659.71762,39634622313.65603,18.458101751861026,18.459644139542497,14.077775632645524,14.07895134696929
2.0777738931608125,39631499638.47295,39634809929.19222,18.458189767852343,18.459731520620732,14.18155444745647,14.18273884136218
2.102833148019282,39631691289.74232,39635002246.44356,18.45827902855485,18.459821091501297,14.282876656484504,14.284069520557656
2.1281946331907466,39631892247.059494,39635199387.16935,18.45837262350658,18.45991290889304,14.381800527424762,14.38300164346123
2.153861993762124,39632091571.548065,39635401476.490326,18.458465457975855,18.460007031070365,14.478382923171933,14.47959209008286
2.1798389187823672,39632305787.389046,39635608642.950806,18.45856522802443,18.4601035179022,14.572679391160278,14.573896394242889
2.206129141792668,39632508547.855156,39635821018.64876,18.458659662784534,18.460202430912577,14.664744107195459,14.665968775504169
2.232736441363065,39632727402.42487,39636038739.46817,18.458761593299812,18.460303833388835,14.754629971979508,14.755862170349706
2.2596646416355184,39632952654.174255,39636261945.12894,18.458866503272272,18.460407790404876,14.842388730165993,14.843628262623154
2.2869176128735367,39633182350.29024,39636490779.15852,18.458973483188156,18.460514368807964,14.928070836467517,14.929317513248245
2.314499272018431,39633414787.61272,39636725389.05263,18.459081739808436,18.460623637293544,15.011725530071857,15.012979189244875
2.3424135832522777,39633652118.13849,39636965926.4903,18.459192275415777,18.460735666505443,15.093400886206117,15.094661392059795
2.3706645585676736,39633899645.79426,39637212547.56706,18.459307560289798,18.460850529144434,15.173143882349054,15.174411085228561
2.399256258344359,39634153684.87834,39637465412.91,18.459425877831784,18.460968300021847,15.251000391629612,15.252274121384106
2.4281927919327986,39634414983.272064,39637724687.73516,18.459547576364045,18.4610890560863,15.32701518429836,15.32829526862628
2.4574783182447963,39634681829.32024,39637990541.87771,18.459671858691006,18.461212876437752,15.401231964519857,15.402518236267213
2.4871170463512398,39634952838.69346,39638263149.995316,18.45979808006757,18.46133984242221,15.473693383958523,15.47498569996798
2.5171132360870474,39635231260.98266,39638542691.87926,18.459927753975865,18.461470037776635,15.544441094228723,15.545739326282597
2.547471198663417,39635519006.95907,39638829352.577,18.46006177034885,18.461603548686043,15.613515788569869,15.61481979662288
2.578195297287452,39635815079.310135,39639123322.53033,18.460199664692766,18.46174046384782,15.680957201069203,15.682266830657007
2.6092899477892684,39636117998.366684,39639424797.76215,18.460340747858456,18.461880874558748,15.746804110760463,15.748119209155496
2.6407596192566607,39636423375.02881,39639733980.09142,18.46048297564271,18.462024874815075,15.81109434545743,15.812414796298162
2.6726088346774195,39636741130.71492,39640051077.31493,18.460630968900787,18.462172561397207,15.873864867761288,15.875190561454732
2.7048421715894047,39637064538.70736,39640376303.41862,18.460781594694698,18.462324033968116,15.935151781638185,15.936482600451662
2.7374642627384485,39637399832.088394,39640709878.81156,18.460937756054008,18.462479395182328,15.994990333391812,15.996326156337503
2.770479796744201,39637741013.59155,39641052030.518,18.46109665977928,18.46263875077534,16.053414935174395,16.054755639658705
2.803893518774003,39638091361.54256,39641402992.43914,18.461259832735724,18.46280220968557,16.110459169158595,16.111804648257497
2.837710231224885,39638453778.97059,39641763005.62002,18.461428626995918,18.462969884178644,16.166155855986446,16.167505986603704
2.8719347944137956,39638823772.899345,39642132318.46464,18.461600949976685,18.463141889947586,16.22053702970366,16.22189168467116
2.9065721272761507,39639201031.84764,39642511187.00549,18.461776656607086,18.463318346238363,16.273633939043307,16.27499301636959
2.941627208072808,39639589954.02555,39642899875.16888,18.46195779533336,18.46349937597344,16.325477115103002,16.3268405175428
2.977105075105571,39639985174.20882,39643298655.15417,18.46214186732683,18.463685105928434,16.376096359985922,16.377464003543963
3.013010827441318,39640396328.58952,39643707807.79062,18.462333360599914,18.463875666898282,16.42552079378986,16.426892586398615
3.0493496256448713,39640815383.44215,39644127622.74971,18.462528533481674,18.46407119379615,16.47377885496212,16.475154691564146
3.086126692520694,39641247907.74064,39644558398.83672,18.462729979696267,18.46427182578924,16.52089829504363,16.522278074295002
3.123347313863546,39641688776.13066,39645000444.39315,18.46293531213334,18.464477706486186,16.566906210185547,16.56828983562403
3.161016839218183,39642143258.57272,39645454077.72437,18.463146985252912,18.464688984136266,16.611829055724282,16.613216437969744
3.1991406826482205,39642607441.47215,39645919627.504555,18.46336317631615,18.464905811817967,16.655692667401564,16.65708372037844
3.237724323514275,39643086306.13349,39646397433.158325,18.463586205342878,18.465128347616762,16.69852227504908,16.699916913409538
3.2767733072614837,39643578139.77419,39646887845.267914,18.46381527461245,18.465356754814717,16.74034252857026,16.741740653672593
3.3162932462165258,39644080400.69566,39647391226.06168,18.464049200340373,18.46559120211804,16.78117747036806,16.78257899802487
3.356289820394258,39644595674.61192,39647907949.9028,18.464289186811122,18.465831863884663,16.821050573650332,16.82245543743792
3.396768778314074,39645126954.44373,39648438403.78237,18.464536627963863,18.466078920353926,16.859984786294326,16.861392910541092
3.4377359378261105,39645672504.60487,39648982987.85743,18.464790715457248,18.466332557897132,16.898002519281583,16.89941381684979
3.4791971869474256,39646229194.30586,39649542116.04773,18.465049991140386,18.466592969295522,16.935125625742614,16.9365400296867
3.521158484708249,39646804211.04529,39650116216.62426,18.46531780255789,18.466860354014347,16.971375463790938,16.972792908803285
3.56362586200845,39647391710.22447,39650705732.80736,18.465591427614648,18.467134918481452,17.006772892506167,17.00819331270896
3.606605422484327,39648001387.57131,39651311123.48973,18.465875382051593,18.46741687642402,17.04133829854025,17.042761610715324
3.6501033433858567,39648620922.13049,39651932863.92937,18.466163927440117,18.467706449191287,17.075091570336927,17.076517694702957
3.6941258764645224,39649260374.00844,39652571446.468575,18.466461749228802,18.468003866089425,17.108052113413777,17.109480990617158
3.7386793488718437,39649918939.88577,39653227381.34629,18.466768473275316,18.468309364759893,17.140238924248955,17.141670469699807
3.7837701640687524,39650591851.43653,39653901197.55361,18.46708187875364,18.468623191577876,17.17167051838919,17.173104659464357
3.8294048027459335,39651280882.07729,39654593443.7437,18.467402791624437,18.468945602076072,17.20236495640768,17.203801654420488
3.875589823755259,39651993797.14111,39655304689.17568,18.46773482855608,18.46927686138432,17.232339923815424,17.233779126554968
3.922331865052462,39652722216.2312,39656035524.73156,18.468074086417076,18.46961724470321,17.2616126831946,17.26305433557497
3.9696376446511854,39653472210.17197,39656786564.00703,18.468423392666136,18.46996703781213,17.290200075881547,17.291644138920372
4.017513961588521,39654250175.55142,39657558444.48026,18.468785726484885,18.470326537613627,17.318118613006835,17.319565001551304
4.06596769690221,39655041534.60701,39658351828.75366,18.46915429834706,18.470696052711737,17.345384368692205,17.346833005517148
4.115005814619619,39655852638.41521,39659167405.857315,18.469532066237495,18.471075904019077,17.372012991538778,17.37346385931278
4.164635362758645,39656692538.94329,39660005892.660164,18.46992324606856,18.471466425414082,17.398019844474867,17.39947290702823
4.214863474340702,39657553267.05443,39660868035.3995,18.470324126251214,18.47186796445335,17.42341993186477,17.424875137297768
4.265697368415905,39658440553.43357,39661754611.31318,18.47073737582577,18.472280883131866,17.448227890695676,17.44968519205436
4.317144351100639,39659354493.14043,39662666430.383224,18.471163039065857,18.47270555869505,17.472458043133624,17.473917375095454
4.369211816627631,39660289431.580666,39663604337.23046,18.47159848237001,18.473142384521193,17.49612434116384,17.49758566046578
4.421907248408684,39661255341.33723,39664569213.145096,18.472048350423147,18.47359177106718,17.519240430563936,17.52070370066331
4.4752382201102385,39662249379.942986,39665561978.21593,18.472511319359196,18.47405414686016,17.541819672732892,17.543284834673706
4.529212396741896,39663264730.212616,39666583593.7414,18.47298421410526,18.474529959620487,17.563875059088836,17.565342095839465
4.583837535758073,39664318978.19888,39667635064.91517,18.473475225285014,18.475019677512513,17.58541933348066,17.586888219570817
4.639121488172954,39665403989.10479,39668717443.476166,18.473980564153948,18.47552379037884,17.60646498912626,17.607935650903315
4.695072199688863,39666514737.11148,39669831830.62107,18.474497889959903,18.476042811096782,17.627024150750287,17.628496551907087
4.75169771183828,39667663266.65591,39670979380.401276,18.47503281234433,18.4765772771605,17.647108695108393,17.648582808955396
4.8090061631396015,39668853134.914116,39672161303.30111,18.475586988045706,18.477127752347542,17.666730303370738,17.668206039859452
4.867005790266854,39670062321.181335,39673378870.10967,18.47615016102146,18.47769482852211,17.685900277247313,17.687377600875354
4.925704929233514,39671316923.31029,39674633416.17826,18.476734486227183,18.478279127617977,17.70462967477603,17.706108593589793
4.9851120165906035,39672608317.40429,39675926346.07364,18.477335947122423,18.478881303805686,17.722929387268596,17.72440987169192
5.0452355906392325,39673943103.93355,39677259138.7392,18.477957617846,18.479502045896357,17.740810037341962,17.74229204763881
5.106084292657776,39675316458.74617,39678633353.142296,18.478597251571223,18.480142079971916,17.758282005366706,17.759765499222787
5.1676668681438365,39676733698.3898,39680050634.4532,18.479257324455855,18.48080217226289,17.775355428835812,17.7768403760483
5.229992168071196,39678255423.91279,39681512720.93078,18.479966061161104,18.4814831323554,17.792040570573924,17.793526605927564
5.293069150161929,39679709179.14012,39683021451.56955,18.480643141011903,18.482185816752736,17.80834682542968,17.80983390120478
5.356906880173848,39681261219.24564,39684578774.57907,18.481365996595375,18.482911132824594,17.82428334266042,17.825771765019624
5.4215145332034815,39682870241.47655,39686186756.83389,18.48211539134323,18.483660043208346,17.839859737281017,17.841349497521193
5.486901395004776,39684526672.69734,39687847594.42717,18.48288686661138,18.484433570724335,17.855085116867762,17.85657620204521
5.5530768633236836,39686244214.700554,39689563624.51665,18.483686803947055,18.485232803893098,17.86996839677039,17.871460791268483
5.620050449248863,39688018709.06271,39691337338.61283,18.48451326658353,18.486058903124263,17.88451833317978,17.88601199335622
5.687831778578659,39689848953.19957,39693171397.60617,18.485365694422693,18.48691310771539,17.898743445357155,17.90023835812007
5.756430593204574,39691750636.93175,39695068648.81651,18.486251394926764,18.487796743792686,17.912652131214397,17.91414826320726
5.825856752511429,39693708703.30973,39697032145.34958,18.48716335539035,18.488711233326175,17.926252592176645,17.927749920343995
5.896120234794399,39695742005.93167,39699065168.17752,18.488110356790592,18.48965810441364,17.93955285743083,17.941051381659747
5.967231138693149,39697846464.02486,39701171251.44692,18.489090498526252,18.49063900306769,17.9525608466838,17.954060546123152
6.039199684643272,39700031413.473816,39703354211.65613,18.49010812874287,18.49165570680499,17.965284321447456,17.966785166126268
6.11203621634521,39702295362.336395,39705618181.415955,18.49116255257521,18.49271014037013,17.977730902267858,17.979232854260154
6.1857512022509145,39704640225.07167,39707967648.71533,18.492254661673837,18.49380439402343,17.989908031590442,17.99141109033303
6.2603552370684294,39707083113.9451,39710407502.860855,18.493392425998145,18.494940744937093,18.001823081012105,18.00332722869251
6.335859043284609,39709612852.97834,39712943088.53247,18.494570640387323,18.496121682371363,18.013483279299415,18.01498850592625
6.412273472706223,39712247696.09034,39715580269.837296,18.495797806520663,18.497349937507323,18.02489572397999,18.026402049032182
6.489609508019627,39714996409.2317,39718325506.685616,18.49707800709958,18.498628519018652,18.036067493187815,18.03757488417031
6.567878264369249,39717852605.08584,39721185946.51343,18.498408267260583,18.49996075579099,18.047005509985397,18.04851394613514
6.647090990955133,39720835637.29847,39724169535.49972,18.499797600875677,18.50135034872087,18.057716605804234,18.059226088723953
6.727259072649714,39723946631.44021,39727285154.56188,18.501246532174235,18.50280143405497,18.068207562611523,18.069718096224197
6.808394031634124,39727208934.32136,39730542787.18228,18.502765934826414,18.504318661554553,18.078485137450716,18.07999669630599
6.89050752905422,39730614716.223114,39733953728.83574,18.504352162176474,18.50590729203538,18.08855601185822,18.090068574691955
6.973611366696582,39734190786.00538,39737530851.56057,18.506017700328357,18.50757332059045,18.098426814929592,18.09994039209644
7.057717488684729,39737942065.820435,39741288942.61047,18.50776484175198,18.50932363431556,18.10810419304688,18.109618804093905
7.142837983195795,39741896956.29783,39745245144.375595,18.509606813910708,18.511166217200557,18.117594819751385,18.11911048481558
7.228985084197899,39746061386.90204,39749419535.75411,18.511546378425518,18.513110420900464,18.12690539913815,18.128422155723904
7.3161711732084855,39750477969.074165,39753835915.14601,18.513603381380292,18.515167329411273,18.1360427454918,18.137560621239427
7.404408781073854,39755161381.03793,39758522878.32526,18.51578465909062,18.517350261083973,18.145013826807492,18.14653281380008
7.493710589770156,39760144778.03623,39763515341.14896,18.518105653459298,18.519675477819384,18.153825710512596,18.15534585221551
7.58408943422613,39765476731.22835,39768856756.053696,18.5205889862817,18.522163217391185,18.162485748002847,18.164007119291632
7.67555830416779,39771213079.46797,39774602456.26654,18.523260664248657,18.524839250996912,18.171001692794558,18.172524368332827
7.768130345985381,39777414514.00687,39780824927.55861,18.5261489540332,18.527737338553067,18.179381757786413,18.18090587472039
7.861818864622859,39784191378.01094,39787622584.600525,18.529305247460375,18.530903316242558,18.18763490656702,18.189160661521537
7.956637325490131,39791674276.5794,39795135445.186424,18.53279037325804,18.534402396712863,18.19577122038452,18.197298854879502
8.052599356398389,39800062860.10517,39803575895.23096,18.53669731768393,18.53833349773274,18.20380236600377,18.205332287696006
8.149718749518765,39809689660.85419,39813297807.17577,18.54118095612062,18.54286143377404,18.211742674320558,18.213275641353626
8.24800946336461,39821168453.006836,39824988939.15753,18.546527151086547,18.54830652504459,18.219611366941876,18.221149007303048
8.3474856247977,39835956831.546234,39836699734.77383,18.55341477078121,18.553760774563028,18.227438666085007,18.228964952216987
8.448161531058608,39860722529.756424,39842933800.1539,18.564949281497864,18.556664262012667,18.235299079081294,18.236694547160358
8.550051651821585,39865901785.02644,39843651427.035164,18.567361495961165,18.55699849345174,18.243137828525555,18.244279185409116
8.653170631274223,39855759950.75486,39843123585.097496,18.56263798301599,18.55675265348248,18.250762977884882,18.251685135889684
8.757533290222188,39875805897.03685,39842606647.592445,18.571974290850022,18.556511892202856,18.258263114826924,18.258909862281108
8.863154628219347,39878686478.3201,39842103853.94842,18.573315908413147,18.55627771836184,18.26571148200982,18.265957796409285
8.970049825723585,39866610635.80052,39841584314.5345,18.56769163996844,18.55603574525506,18.272932157588695,18.272833111422642
9.078234246278617,39872023243.11687,39841057812.47858,18.57021253708047,18.555790529329595,18.279945578586183,18.279539766497145
9.187723438722127,39872182894.97994,39840531908.19887,18.570286894205793,18.55554559181567,18.286823408476533,18.286081722622576
9.298533139420517,39858614241.7628,39839996834.52182,18.563967356003584,18.555296383696852,18.293463856500942,18.29246283419773
9.410679274530622,39859357166.37548,39839449332.3646,18.56431336974541,18.55504138707022,18.299876691979026,18.298686792650916
9.524177962288718,39878412186.08538,39838896253.68302,18.573188158058848,18.55478379320286,18.306247430155317,18.30475722211078
9.639045515327101,39854682801.833115,39838339695.25634,18.562136305830236,18.55452457866013,18.312440029954733,18.31067771005832
9.755298443018628,39866800874.12139,39837776285.2988,18.567780242596648,18.55426217304822,18.318423039888305,18.31645175176541
9.872953453849549,39857779555.92093,39837206051.65264,18.56357860488878,18.553996589334538,18.324280687833433,18.322082741357995
9.992027457820912,39868815473.81012,39836627769.03355,18.56871853319125,18.55372725684851,18.330011335815893,18.327573985901168
10.112537568878977,39865205263.65068,39836040406.269295,18.567037094314784,18.553453695326386,18.335646699033134,18.33292870166689
10.234501107374921,39885125601.32629,39835445536.33102,18.576314900514657,18.55317663737228,18.341239314353487,18.338150031803202
10.357935602554209,39878536259.60843,39834844809.338394,18.573245944734964,18.552896851521893,18.346772103299138,18.343241062776237
10.48285879507597,39868803557.58152,39834237023.257904,18.56871298326226,18.552613777933605,18.352083655105144,18.34820481030607
10.60928863956282,39871744232.85919,39833621917.82249,18.570082589328546,18.552327295389222,18.35723231308544,18.353044210628347
10.737243307181362,39867408035.48091,39832997883.25662,18.568063025224,18.552036654143155,18.362251050155862,18.35776212005206
10.866741188253847,39878577869.35098,39832365431.4424,18.573265324282325,18.551742092602147,18.367189099503644,18.362361321228047
10.997800894901342,39852170421.274025,39831726096.59572,18.560966176071037,18.55144432532024,18.37192484638213,18.366844542203623
11.130441263718758,39874600203.7813,39831079310.46416,18.571412744728484,18.551143087636465,18.376528064566436,18.371214451653636
11.264681358482123,39862008556.84738,39830422361.1884,18.56554824273597,18.550837116514746,18.38107534476488,18.375473636859446
11.400540472888565,39859382929.817825,39829756758.55973,18.564325368950897,18.55052711513347,18.385431265032338,18.37962461731266
11.538038133329287,39892429886.232635,39829085606.24206,18.579716837815788,18.550214529009914,18.389853005163243,18.38366987831957
11.677194101695985,39857550744.48654,39828406765.48869,18.563472037009305,18.549898362032586,18.39415763150221,18.387611851455333
11.818028378221166,39860647089.58217,39827716532.99997,18.564914145581607,18.54957688940659,18.398186178283062,18.391452878403456
11.960561204352672,39850004103.939575,39827016358.51712,18.559957223676566,18.549250786342288,18.402077191099437,18.39519523310591
12.104813065662881,39832978422.604904,39826309042.12553,18.552027590433585,18.548921356966638,18.4057231549984,18.398841159122572
12.250804694792999,39861944589.49135,39825593321.899574,18.565518450232346,18.548588013543558,18.40935013818154,18.402392855211346
12.39855707443289,39844828544.82382,39824866509.29966,18.55754673068022,18.548249503898017,18.412955046819114,18.40585244619505
12.548091440336803,39854805514.2425,39824129692.0535,18.562193458573887,18.547906334634224,18.4164360572058,18.409221997848565
12.699429284375467,39888985532.30334,39823384954.58117,18.578112645720243,18.547559476561307,18.420079018309853,18.412503544539124
12.852592357625056,39872721175.45537,39822630738.04423,18.570537595876292,18.54720820365738,18.423732846680664,18.4156990752154
13.007602673493352,39877776429.32037,39821866878.28173,18.572892057252123,18.54685243946524,18.427238971832587,18.418810522244343
13.164482510883603,39869639734.418335,39821093429.871124,18.56910242880114,18.546492209404082,18.430644593496933,18.42183977161432
13.32325441739661,39866483184.88,39820309941.89031,18.56763228028489,18.546127303459,18.43390738782076,18.42478866242783
13.483941212571365,39868890369.46178,39819516311.76109,18.5687534154986,18.545757673854663,18.43708893032959,18.427658987173515
13.646565991164776,39852539598.05329,39818712669.799034,18.56113811846816,18.545383381284953,18.440117546901895,18.430452496033492
13.811152126471006,39854347468.80974,39817899076.282814,18.561980126007686,18.54500445382439,18.44299477497279,18.433170898774144
13.977723273680795,39855076061.73188,39817074772.44395,18.562319464830168,18.54462053808002,18.445817794773102,18.43581586077365
14.146303373281274,39862509802.501465,39816239422.910385,18.565781695607747,18.54423147785385,18.448619186920485,18.438389001931863
14.316916654496875,39870816926.83703,39815393844.216934,18.569650700788216,18.54383765344322,18.4514410830082,18.440891906463037
14.489587638771654,39859029618.884964,39814537460.81305,18.564160815999195,18.543438796788106,18.454176258017412,18.443326122332085
14.664341143293623,39859953578.57678,39813670016.85167,18.564591146001465,18.543034788728907,18.456787117253047,18.445693156253462
14.84120228456165,39848628004.95426,39812792070.524956,18.559316311865455,18.542625889241066,18.459278327970942,18.447994480939865
15.020196481995317,39849150524.889275,39811901355.79091,18.559559673136313,18.54221104292589,18.461651306975575,18.45023152469691
15.201349461588306,39859244410.81706,39810998630.2556,18.564260854359578,18.541790602634933,18.464026954924297,18.45240567376877
15.384687259605924,39872027482.9499,39810085423.628525,18.570214511763318,18.541365280823403,18.46647262455357,18.454518294202085
15.570236226327143,39851754284.9012,39809160368.067635,18.5607723624579,18.540934440425122,18.468817934384628,18.4565707204766
15.758023029831811,39860964959.4012,39808223426.9392,18.56506219199657,18.5404980643781,18.471047620845965,18.45856424775116
15.948074659833509,39835271982.78794,39807274043.63663,18.553095805603053,18.54005589344535,18.473132392065075,18.46050013720976
16.14041843155869,39871307779.62776,39806312261.52595,18.5698793132314,18.53960794782441,18.475226875857214,18.46237961734491
16.335081989672556,39857729045.15773,39805338511.383,18.56355507973175,18.539154428147164,18.47739399624742,18.464203890172655
16.532093312252265,39863284447.754944,39804352158.83734,18.566142483093003,18.538695038958465,18.479466140361627,18.465974128072645
16.731480714808132,39846013875.97382,39803352681.00381,18.55809879324419,18.538229536726945,18.481423802202233,18.467691469267656
16.933272854353273,39848926993.96667,39802340387.488976,18.559455564631055,18.537758065650454,18.48325653848805,18.469357023864767
17.13749873352231,39851677378.85681,39801315246.85428,18.560736543819328,18.53728061108662,18.485077095105364,18.470971877194067
17.34418770473983,39855311757.726166,39800276016.998985,18.56242923916194,18.536796594532706,18.486889774548338,18.472537081805857
17.553369474439055,39866649646.23982,39799223064.095924,18.567709808902197,18.536306186532034,18.488742367697935,18.474053660534175
17.765074107331372,39852206262.609825,39798156902.05083,18.560982869009322,18.53580962643385,18.490533083442635,18.475522616840713
17.979332030727445,39867388555.2033,39797076865.58036,18.568053952373763,18.535306604385482,18.49228643035974,18.476944929539208
18.196174038910378,39856126353.31,39795982613.71803,18.562808633330913,18.534796961583343,18.494018990620706,18.478321548712604
18.415631297561585,39866593850.16515,39794874025.30547,18.56768382213551,18.53428064159848,18.495706837523617,18.479653399392326
18.637735348240156,39857880373.05295,39793750983.12752,18.5636255600071,18.533757589838462,18.497363739208954,18.480941383379143
18.862518112916142,39861425197.304955,39792613181.898865,18.56527654569611,18.533227664118062,18.498953274976348,18.482186378771303
19.090011898558522,39844486985.22858,39791460606.584,18.55738765086029,18.53269085743455,18.500430580788734,18.483389241105698
19.320249401778593,39865860416.03998,39790292968.42005,18.56734222854485,18.532147035297942,18.501898623442614,18.48455080396483
19.553263713529255,39857375657.31663,39789109812.69524,18.563390490960387,18.531595985928305,18.503402007116,18.48567187707479
19.789088323861044,39874064791.38223,39787911057.95088,18.571163378851438,18.53103767138663,18.504915870406258,18.48675324803201
20.027757126735455,39869453601.96936,39786696702.40637,18.569015738464,18.530472090843613,18.506459799236755,18.487795685316737
20.269304424896426,39935050348.53391,39785466462.85929,18.59956712327879,18.529899112399015,18.508305939237665,18.488799937620932
20.513764934800466,39848784331.24461,39784219863.67519,18.55938912012049,18.52931851452827,18.50998928273838,18.489766731705714
20.76117379160629,39844580542.95644,39782956781.43001,18.55743122494431,18.528730239747183,18.511136321261375,18.490696773820478
21.011566554224647,39855546624.92234,39781677029.20357,18.562538627484784,18.528134200998537,18.51229399480245,18.491590751767973
21.264979210429043,39866389304.59516,39780380319.783295,18.567588555971433,18.52753026451439,18.513544559580357,18.492449334436476
21.52144818202804,39858088603.0234,39779066565.6091,18.56372254216384,18.526918389514027,18.51477888768146,18.493273172806035
21.78101033010006,39879882959.694855,39777735475.130684,18.573873164143322,18.526298440209235,18.516059414417633,18.49406290033545
22.043702960291224,39855361990.2489,39776386704.91402,18.562452634729752,18.525670256647178,18.517293028306494,18.49481913197071
22.309563828177094,39856051091.94504,39775020026.259964,18.562773580694266,18.525033732312288,18.518366764893365,18.495542464935866
22.578631144689147,39876433741.122574,39773635328.78979,18.572266706362548,18.524388815796165,18.519531970482298,18.496233480438843
22.85094358160664,39837197822.42174,39772232084.165054,18.55399275660787,18.5237352610276,18.52056358190937,18.49689274237995
23.126540277114675,39844595280.40513,39770810046.1991,18.557438088843657,18.523072953346283,18.521396636575346,18.497520797035857
23.405460841429427,39862374569.806915,39769369227.61493,18.565718711598524,18.522401898677895,18.52234920245195,18.49811817646144
23.687745362491093,39828102619.49336,39767909154.692764,18.549756707425765,18.521721876389613,18.523186486122334,18.49868539754678
23.9734344117255,39862077609.912544,39766429562.77122,18.56558040388537,18.521032763216603,18.52400455164926,18.499222960869034
24.26256904987534,39867952764.44152,39764930284.7165,18.56831673024699,18.520334481317075,18.525022166534562,18.499731352766734
24.555190832901552,39874235222.41792,39763410980.14568,18.571242756327127,18.51962687215923,18.5260827614038,18.500211045250378
24.851341817956033,39859485839.5908,39761871338.28367,18.56437329870717,18.51890979100099,18.52707081986585,18.50066249555614
25.15106456942623,39834848505.798965,39760311002.41123,18.552898573131504,18.518183071702,18.527817839184856,18.501086146403246
25.454402165052805,39865776942.81042,39758729714.88815,18.567303351269807,18.51744659426752,18.528583706980882,18.50148242663585
25.76139820212097,39837589471.7745,39757127389.88591,18.55417516550336,18.51670031872329,18.52934459736414,18.501851753048733
26.072096803726463,39876269718.03401,39755503673.07691,18.572190313358938,18.51594408004287,18.530147562703633,18.502194530124772
26.38654262511724,39804463946.47286,39753857650.35673,18.538747103538633,18.51517745248629,18.530745091290147,18.50251114574725
26.70478086011153,39872471324.148254,39752189364.72227,18.570421228772283,18.514400456079173,18.5313121307037,18.502801973835393
27.02685724759327,39839916571.52307,39750499008.16463,18.555259001572136,18.513613180240487,18.53205800847327,18.50306738075102
27.35281807808605,39825500511.95639,39748785731.48854,18.548544787736834,18.512815229461424,18.53252766890341,18.50330772051583
27.68271020040616,39840148566.58591,39747048966.12361,18.55536705221201,18.512006338932917,18.532988443368655,18.50352333095135
28.016581028395926,39847680501.05989,39745288731.308136,18.558875016258487,18.511186517615116,18.53356043672767,18.503714538864184
28.354478547738374,39826056467.886894,39743504808.53793,18.548803721669724,18.510355663740697,18.534040165803756,18.503881662211054
28.696451322853907,39841312586.95528,39741696680.851074,18.55590918937733,18.509513536537007,18.534474616023545,18.504025007348165
29.042548503880234,39861358783.21644,39739864018.963036,18.56524561363802,18.508659982641287,18.535093700676622,18.50414486871091
29.39281983373656,39842500932.737946,39738006441.81558,18.556462655992686,18.5077948245774,18.53570338782389,18.50424152983817
29.747315655272857,39870350075.657196,39736123562.25238,18.569433266985577,18.506917882029057,18.536349781532646,18.504315263312737
30.10608691850536,39850198319.81648,39734215011.91921,18.56004767883331,18.506028983436966,18.537021741391136,18.504366331091752
30.469185187939466,40030155437.55142,39732280449.04836,18.643861883683705,18.505127969624375,18.538566072660437,18.50439498500915
30.8366626499808,39884543969.31947,39730319485.67854,18.57604400806661,18.504214659900086,18.54025253996519,18.504401466904877
31.208572120435743,39818285345.9209,39728331617.802055,18.545184357142368,18.503288819524823,18.54073275249518,18.504386007964296
31.58496705210235,39836455722.45355,39726316613.339226,18.553647126940447,18.50235034040853,18.540939068968555,18.504348829843444
31.965901542452947,39876759727.07015,39724274117.63286,18.572418532827278,18.50139905737125,18.54146384259683,18.504290145705752
32.35143034140928,39807629198.51152,39722203261.82248,18.54022130520462,18.50043456574518,18.541813523432545,18.504210156897052
32.74160885921138,39850119005.39106,39720103840.23666,18.560010738502285,18.499456769739798,18.542011629654233,18.504109054086495
33.13649317438156,39846949438.48467,39717975711.34412,18.55853452720638,18.498465603437555,18.542420468894566,18.5039870215125
33.53614004178425,39828189394.95057,39715818249.87007,18.549797122698237,18.49746077561958,18.54269811699163,18.503844234801914
33.94060690078302,39844552135.68994,39713631007.22725,18.557417994389812,18.496442077358402,18.542957122318025,18.50368085950186
34.34995188349621,39844054841.28139,39711413543.837326,18.557186381792576,18.49540930392243,18.5432969661559,18.50349705233748
34.764233823151955,39852299224.45701,39709165399.281624,18.561026165564645,18.494362240873762,18.543671789596267,18.503292961354695
35.1835122625439,39812853146.20799,39706886094.99034,18.542654334961213,18.493300665320707,18.54386401053475,18.50306872591079
35.60784746258914,39866421944.9879,39704575161.756454,18.567603758085127,18.492224358732233,18.54413267096555,18.502824476832682
36.03730041098919,39836636871.533714,39702232117.951385,18.553731496296347,18.491133096792037,18.544523428656245,18.502560336601437
36.4719328309954,39840138912.359055,39699856468.908134,18.555362555799988,18.490026649111222,18.544761021434738,18.5022764194095
36.91180719028024,39831381344.880486,39697447713.5329,18.55128375878502,18.488904782307646,18.544963584138078,18.501972831249912
37.356986709915475,39838445446.522125,39695005366.76609,18.55457383182869,18.487767270467018,18.545152527863085,18.501649670164284
37.807535373458514,39826927397.69813,39692528908.40343,18.54920935324756,18.48661387130657,18.54531180745562,18.501307026324074
38.26351793614863,39836099898.33343,39690017819.84273,18.553481403483268,18.485444343289714,18.545455056892052,18.500944982033197
38.724999934213855,41174476584.46768,39687471579.16545,19.176824226209906,18.484258443335268,18.55307353023905,18.50056361190481
39.19204769429011,39771019213.58895,39684889567.185394,18.523170372101827,18.483055883060096,18.560061772256418,18.50016298248545
39.66472834295417,39799893917.68033,39682271233.72462,18.53661863352194,18.481836406221333,18.55934801055895,18.499743152295764
40.143109816371364,39865859455.06746,39679616083.6985,18.567341780976292,18.480599782235583,18.55917563564721,18.499304172704843
40.62726087005974,39814309672.64189,39676923530.43496,18.5433327054888,18.479345737863007,18.5590829924659,18.4988460878935
41.11725108877194,39817963303.58975,39674192994.67692,18.545034367398962,18.47807400331726,18.558730118513463,18.498368934563466
41.61315089649633,39812298375.344986,39671423898.50079,18.54239595296809,18.47678430943309,18.558374199931997,18.49787274216257
42.11503156657874,39818035538.34157,39668615600.89377,18.545068010404375,18.475476357661698,18.558027489307072,18.497357532713842
42.62296523196612,39815203907.72414,39665767498.47921,18.54374919139006,18.474149866983176,18.557704739820327,18.496823320854272
43.13702489557402,39843031256.69608,39662878985.77945,18.556709651951632,18.472804555399073,18.55752855642752,18.496270114204542
43.65728444077888,39834432231.343544,39659949409.6201,18.55270469520703,18.471440118696403,18.557461428440938,18.495697913259008
44.18381864203688,39807927243.91077,39656978124.74975,18.540360118486703,18.470056256352265,18.55720162381565,18.49510671133695
44.71670317563108,39815141083.00012,39653964478.404976,18.543719931062075,18.46865266434509,18.556842656964974,18.49449649475429
45.25601463054789,39753553420.647156,39650907790.884125,18.515035758889947,18.46722902610693,18.556189929654813,18.493867242798846
45.80183051948482,39833068466.96459,39647807385.613976,18.552069528182443,18.465785026526905,18.55565624145881,18.493218927766417
46.35422928999115,39816312631.170715,39644662599.34579,18.5442655742664,18.46432035669995,18.555478266853815,18.49255151521761
46.91329033574276,39792721486.65671,39641472707.0058,18.533278106563873,18.462834678926267,18.55508168153026,18.491864963867275
47.479094007952895,39768787559.04202,39638236925.59081,18.522130989199358,18.461327628525705,18.554432276717705,18.491159225086164
48.05172162692088,39827471053.91929,39634954571.100876,18.549462558647054,18.459798886928407,18.553992709014288,18.490434243306705
48.631255493719785,39839960297.08766,39631624945.26158,18.555279366553936,18.458248128916264,18.553954699968862,18.48968995665111
49.21777890202509,39832381757.05413,39628247249.087814,18.551749696181172,18.45667498236561,18.55394402095814,18.488926296443598
49.811376150086275,39790587810.52816,39624820709.860954,18.532284356661822,18.455079087386277,18.553660066948826,18.488143186964972
50.41213255284251,39793853176.24247,39621344552.05705,18.533805185814543,18.45346008278154,18.553171761683355,18.487340545747948
51.02013445418457,39806263946.307106,39617817968.613914,18.539585445232124,18.45181759266586,18.552781815617944,18.48651828354658
51.6354692393646,39838032636.78677,39614240135.75856,18.55438156758175,18.45015123337075,18.55264549391199,18.485676304231173
52.2582253475557,39849707588.999,39610610242.299545,18.55981912319861,18.448460627087496,18.55275142341759,18.484814504929556
52.8884922845628,39910826146.1405,39606927447.92742,18.58828481176317,18.446745382445815,18.55325809267372,18.483932776094218
53.526360635686835,39769732739.4374,39603190862.40407,18.522571202647292,18.445005084821375,18.55330483575473,18.48303100122363
54.171922078744295,39786968700.89533,39599399607.78331,18.530598772896315,18.443239325314757,18.55267236473904,18.482109056821432
54.825269397243595,39862305945.549866,39595552782.93919,18.56568675016454,18.441447684230667,18.552567541797963,18.481166812500895
55.48649649372027,39856250736.354324,39591649485.329056,18.562866564165148,18.439629741213988,18.552844751447797,18.480204131013195
56.15569840323338,39816725966.50796,39587688832.31264,18.54445808331002,18.43778508517905,18.55286281408117,18.47922086851268
56.83297130702432,39814385522.045425,39583669876.10896,18.543368032001727,18.435913274701203,18.55265070093217,18.478216874460745
57.51841254634043,39848630119.949684,39579591643.51981,18.559317296914905,18.434013856517822,18.55262084370467,18.47719199128612
58.21212063642555,39815856641.89234,39575453149.2536,18.544053199344706,18.432086371733856,18.552597593924332,18.476146054344923
58.91419528067912,39788546021.86758,39571253379.603806,18.53133340292788,18.43013034822013,18.552243581366323,18.475078891864268
59.6247373849859,39806462120.425804,39566991334.093575,18.53967774392189,18.428145320009115,18.551847620500016,18.473990325028694
60.34384907221895,39765556700.868835,39562665990.938965,18.520626231776152,18.42613081120962,18.551332259353615,18.472880168101337
61.07163369691718,39772877809.038666,39558276290.27647,18.524036004435334,18.42408632819506,18.55064541252471,18.4717482282597
61.808195860139854,39847628964.73204,39553821152.15889,18.558851013449406,18.422011367984965,18.550429875042553,18.470594305443246
62.553641424500675,39976245335.36076,39549299487.035446,18.61875350005662,18.41990542312604,18.55134323889841,18.469418192361413
63.308077529382736,39793781349.87462,39544710188.901146,18.533771733012095,18.417767978501512,18.55192758931875,18.468219674520917
64.07161260633724,39771184889.087524,39540052116.28017,18.523247534707846,18.41559850247424,18.551372028755043,18.46699853010929
64.84435639466776,39799057553.18412,39535324102.638306,18.53622910058155,18.41339645173625,18.55086040919007,18.46575452983471
65.62641995720267,39759638520.79989,39530524961.64207,18.517869866465997,18.411161273758147,18.550294982122136,18.46448743685583
66.41791569625771,39791017894.12823,39525653522.297325,18.532484666132284,18.40889242315476,18.549700936219473,18.463197006937225
67.21895736979077,39797375451.98022,39520708565.657974,18.535445669636125,18.40658933220752,18.549328337952602,18.46188298844257
68.02966010775216,39731968499.686386,39515688817.97179,18.504982680635216,18.404251407672145,18.54863640826207,18.460545121942786
68.85014042863149,39791228470.05449,39510593010.421005,18.53258274090722,18.401878058602573,18.54793108051183,18.459183140127497
69.68051625620426,39804355536.77002,39505419839.33599,18.538696612215166,18.399468677820625,18.547640309275536,18.457796767825396
70.52090693648064,39785824780.6891,39500167975.18486,18.53006599729008,18.397022646102904,18.54732556689888,18.45638572185578
71.37143325485853,39788151280.36893,39494836104.04887,18.53114955387958,18.394539351497762,18.54692956943946,18.454949711163174
72.23221745348323,39775299322.01892,39489422872.25052,18.525163813035125,18.392018163536097,18.5464843811446,18.4534884368688
73.10338324881701,39849001002.95088,39483926858.85214,18.559490033977095,18.38945842042268,18.546388320908694,18.45200159186461
73.98505584942022,39899704690.541046,39478346636.97717,18.583105044663206,18.38685945759628,18.546980141690618,18.450488860606438
74.87736197394675,39873760245.53362,39472680764.87674,18.57102153801478,18.38422060356895,18.5476920073457,18.448949919198718
75.78042986935695,39775789654.37912,39466927751.01095,18.52539218309017,18.3815411636628,18.547700965169522,18.447384435234433
76.69438932934987,39669833091.990204,39461086070.05403,18.47604339857369,18.37882042746433,18.54658434560321,18.445792067536235
77.61937171301778,39749612685.89993,39455154201.72185,18.513200379697828,18.37605768690815,18.545355900382514,18.444172466206854
78.55550996372601,39745609391.04919,39449130583.15847,18.511335863423504,18.373252214101264,18.544571859287412,18.442525272627122
79.50293862822011,39844628434.25959,39443013594.263275,18.5574535300998,18.370403254489204,18.544334018734837,18.44085011911138
80.4617938759637,39754290047.515335,39436801617.05288,18.515378839486065,18.36751005450361,18.54414344351022,18.439146628820115
81.43221351870939,39806788257.20573,39430492992.68386,18.539829640636093,18.364571841545743,18.543753336337776,18.43741441576163
82.41433703030589,39742013082.384,39424086006.483345,18.509660899104432,18.361587817014552,18.543300859051673,18.435653084474964
83.40830556674398,39700519002.61769,39417578936.5721,18.490335221157455,18.35855717895265,18.542273565995057,18.433862229908048
84.41426198644395,39750747628.24529,39410970032.25037,18.513728973906407,18.35547911197964,18.541321834683647,18.432041437445452
85.4323508707883,39768667256.42301,39404257491.3294,18.522074958804556,18.352352776734346,18.540767568701913,18.430190282691125
86.46271854490156,39743449805.89522,39397439474.188286,18.510330046511317,18.349177316421738,18.540184744356928,18.42830833121
87.50551309868081,39716594597.69237,39390514112.62865,18.49782235606848,18.34595186093696,18.53932838021804,18.42639513840193
88.56088440808018,39718514221.397896,39383479496.86076,18.498716412033122,18.34267552080419,18.538355682592574,18.424450249354965
89.62898415665175,39694903828.6806,39376333646.81708,18.487719979567917,18.339347373816004,18.53728551392508,18.42247319847148
90.70996585734608,39714516804.21944,39369074561.67115,18.496854633257797,18.335966488096645,18.536220074466307,18.42046350922076
91.80398487457624,39606164511.10402,39361700270.48112,18.44639004810834,18.332531945688945,18.534686055230292,18.418420694449992
92.91119844654749,39701025315.95795,39354208743.686005,18.490571034280894,18.329042801334165,18.533120665231117,18.4163442564745
94.03176570785615,39765753855.880974,39346597848.09141,18.520718055821696,18.325498061506757,18.532471847393126,18.414233686430585
95.16584771236167,39663440799.34704,39338865409.06687,18.473066217499657,18.321896713382532,18.531625516784025,18.412088463742055
96.31360745633391,39661919644.130135,39331009232.660904,18.47235774641186,18.318237735138613,18.5302296993911,18.40990805606325
97.47520990187972,39745304624.593994,39323027089.53038,18.51119391984034,18.31452008846863,18.529321416083963,18.40769191925549
98.65082200065248,39732701435.79853,39314916701.01764,18.505324042278584,18.310742712098197,18.528821992501335,18.405439497198657
99.84061271784705,39762129612.47046,39306675728.40834,18.5190300810227,18.306904516781803,18.528428617512034,18.40315022147132
101.04475305648423,39765665684.85339,39298301793.410255,18.520676990568703,18.303004394840713,18.528225575418883,18.4008235110931
102.26341608198875,39618921393.755264,39289792477.91829,18.452331507880768,18.29904122005353,18.52723226956843,18.398458772384227
103.49677694706244,39765440584.63117,39281145307.03436,18.520572151169326,18.295013839747803,18.52627095346588,18.396055398732862
104.74501291685849,39703164623.0085,39272357757.240234,18.491567406759128,18.290921078606434,18.525790291966043,18.393612770320157
106.00830339445916,39769150424.37172,39263427251.63776,18.5222999920677,18.2867617364509,18.52534572774398,18.391130253870237
107.28682994666,39674961537.24287,39254351151.61017,18.4784319485037,18.282534584357503,18.52475079767351,18.388607202333738
108.58077633006585,39619583386.14679,39245126764.18419,18.452639827810597,18.27823836808625,18.52334605907848,18.38604295457396
109.89032851750162,39665529330.86025,39235751363.06588,18.474038941503512,18.273871817878206,18.5219259130291,18.383436835217587
111.21567472474072,39710711944.34343,39226222156.2244,18.495082537165747,18.26943363335777,18.52104215941304,18.38078815444439
112.5570054375567,39744510643.66467,39216536280.41263,18.510824126852462,18.264922480980683,18.520614720466895,18.378096207573726
113.91451343910114,39661633105.82688,39206690824.923645,18.472224292507125,18.26033700509851,18.519922773368272,18.375360274762624
115.28839383761098,39646250652.62565,39196682818.1296,18.465059985254722,18.255675821689163,18.51870733464142,18.37257962076663
116.67884409445062,39605763841.26918,39186509212.66992,18.44620343796456,18.250937511458385,18.517211621302252,18.369753494550228
118.08606405249265,39662874390.013435,39176166905.20514,18.472802414942063,18.24612062904001,18.51584628772488,18.366881128934995
119.51025596483952,39807228409.70273,39165652755.14885,18.540034639649267,18.241223711720277,18.515627701115243,18.363961740468273
120.95162452389278,39716834413.949425,39154963523.388535,18.497934049393802,18.236245250897337,18.515704236599703,18.360994529057653
122.410376890773,39854032251.09448,39144095887.45974,18.56183331479793,18.231183699148563,18.516044710291023,18.357978677362247
123.88672272509324,39607457135.77774,39133046510.80639,18.446992082140458,18.226037502488218,18.515760972664065,18.35491335066601
125.38087421509283,39691756538.41304,39121811963.37284,18.486254143514696,18.220805063383565,18.514599596667082,18.351797696693176
126.89304610813464,39691198378.52855,39110388712.8485,18.485994183100313,18.215484736677098,18.513924944224947,18.34863084494395
128.42345574156886,39582505561.38428,39098773183.071106,18.435371000441236,18.210074856787585,18.512659943035747,18.345411906322138
129.97232307397022,39625684961.43366,39086961712.13803,18.455481608605048,18.204573718200628,18.51106848577982,18.34213997285933
131.53987071675215,39638513799.46713,39074950550.58919,18.46145658126778,18.19897957462233,18.50982273632572,18.338814117205878
133.12632396616075,39618404768.16237,39062735879.300186,18.452090891872803,18.193290647312967,18.508565245548606,18.33543339222321
134.731910835656,39481198689.793846,39050313807.02184,18.388187788156525,18.187505123941023,18.5064657400557,18.331996830670327
136.3568620886835,39567184668.747986,39037680357.93633,18.428235364740512,18.181621152787518,18.504140766687602,18.328503444815162
138.00141127184006,39648052402.74076,39024831459.41416,18.46589914213353,18.17563683704389,18.502791267369357,18.324952225918892
139.66579474844085,39571263707.052475,39011762952.68111,18.43013515818213,18.169550239780058,18.50149103102764,18.321342143724642
141.35025173249107,39542470173.15831,38998470589.79982,18.416724701410274,18.163359382538616,18.499640671594577,18.317672145999918
143.05502432306622,39597825379.772385,38984950036.183975,18.442506135815783,18.15706224650581,18.49798347865949,18.313941158087413
144.78035753910876,39524235564.25339,38971196872.939224,18.40823201567847,18.15065677360179,18.49626067980758,18.310148082493104
146.5264993546428,39613350364.14935,38957206571.924095,18.449736826311653,18.144140854865373,18.49466973192292,18.306291798358615
148.2937007344144,39449814020.848816,38942974503.808395,18.373570522080975,18.137512334207184,18.492697524643347,18.302371160854072
150.0822156699622,39535644862.461464,38928495953.312996,18.413545844157426,18.13076901550753,18.490351574695534,18.298385000713967
151.8923012161215,39571833443.53314,38913766096.62088,18.430400510343258,18.123908652095682,18.488732764859254,18.29433212374239
153.72421752796987,39536483022.6209,38898779999.73166,18.413936213419753,18.116928945983524,18.487154565943506,18.290211310196863
155.57822789821867,39403573049.981476,38883532629.098694,18.352034001305704,18.109827552819716,18.484682209576015,18.28602131423685
157.45459879505376,39428608154.72636,38868018840.90068,18.363693986884208,18.102602076893007,18.481678486996515,18.28176086338406
159.35359990043426,39455713099.182724,38852233372.24556,18.376317990845365,18.09525006703548,18.47903366202108,18.277428657887935
161.2755041488532,39553042859.62323,38836170843.02349,18.421648881794706,18.08776901748557,18.477140347672904,18.273023370068206
163.22058776656405,39523160913.69513,38819825761.052605,18.407731502094087,18.080156370284683,18.4756598034855,18.2685436437117
165.189130311282,39362837636.4833,38803192513.00698,18.33306166870461,18.072409511051937,18.473160627416526,18.26398809346137
167.1814147123639,39506928196.39132,38786265355.626724,18.40017118822318,18.06452576489029,18.470641169840643,18.259355304121254
169.1977273114714,39464924891.63307,38769038426.52782,18.3806083410643,18.05650240142119,18.468738481328028,18.254643829989615
171.23835790372596,39286853441.44591,38751505742.744415,18.297672377253317,18.04833663410565,18.465662180878194,18.24985219425919
173.30359977936027,39378220854.70813,38733661178.0997,18.340226332263253,18.04002560970482,18.462189313029544,18.24497888829796
175.3937497658705,39473581134.49643,38715498455.53341,18.384639946602974,18.03156640470658,18.459829064372457,18.240022370780324
177.5091082706783,39331406690.34221,38697011173.37532,18.31842284923657,18.022956037562295,18.457258596987675,18.234981066942595
179.64997932430765,39340134503.8387,38678192797.94725,18.322487788470415,18.014191465241222,18.454017771106173,18.22985336795915
181.81667062408056,39396452838.41023,38659036633.87875,18.348717795318848,18.005269569405186,18.451214170797336,18.22463763012807
184.00949357834142,39393065349.404625,38639535832.25923,18.347140087801534,17.996187160205384,18.448767046823527,18.219332173958446
186.22876335121506,39372451956.03766,38619683397.02488,18.33753949408195,17.98694097925709,18.44624491293952,18.21393528335957
188.4747989079024,39301808709.63756,38599472179.975845,18.30463772504053,17.977527697318894,18.443277399868474,18.20844520485665
190.74792306052458,39348176787.22654,38578894870.29436,18.32623344519029,17.967943909410852,18.44025013188954,18.202860146739564
193.04846251451977,39319499898.973236,38557943978.30137,18.31287731559238,17.958186127249185,18.437389708830977,18.197178278084237
195.37674791559772,39284053157.76687,38536611846.02249,18.296368157932246,17.948250784167335,18.434243049374768,18.19139772776669
197.73311389726268,39368640741.87308,38514890664.732666,18.335764438509045,17.938134243287305,18.431446028002952,18.185516583655808
200.11789912890913,39314535378.10323,38492772436.61496,18.310565112694157,17.927832779662424,18.428878862015267,18.17953289170861
202.53144636449608,39180066834.92926,38470248969.96651,18.247937003479176,17.91734257804453,18.425329464539182,18.173444654850154
204.97410249181,39180175437.686584,38447311903.8374,18.247987584716885,17.906659744359434,18.421127322400675,18.167249831990333
207.44621858232193,39302190854.90748,38423952673.06277,18.304815707452885,17.89578028942075,18.41770254724297,18.1609463370051
209.94814994164432,39293742193.759056,38400162506.69577,18.300880782148912,17.884700128200087,18.414981163840686,18.154532037541312
212.48025616059775,39249152804.20737,38375932447.396675,18.280113477820645,17.873415088857424,18.41203043966094,18.14800475394893
215.04290116689413,39233049034.76608,38351253330.19838,18.272613220827182,17.861920902851224,18.408815710900555,18.141362258226984
217.63645327744084,39222698603.85026,38326115786.632126,18.26779255494862,17.85021320686,18.4055313827284,18.134602272900963
220.26128525127794,39160379409.582855,38300510225.78088,18.238767675131793,17.838287533957992,18.401922216740104,18.127722469844272
222.91777434315375,39151901558.42638,38274426817.43695,18.234819154715016,17.8261393057709,18.398009739497997,18.120720468930195
225.60630235774448,39107117103.820854,38247855513.34643,18.213960999729732,17.81376384237042,18.393894897884138,18.113593836741412
228.32725570452996,39220406852.209015,38220786031.23949,18.266725182099226,17.801156354836376,18.390260727328474,18.10634008533788
231.08102545333108,39022488046.43031,38193207846.23389,18.174545403160366,17.788311941252992,18.386235451832746,18.098956670918657
233.86800739051486,39221116408.39868,38165110201.12421,18.26705565465059,17.77522559150102,18.382322571210928,18.091440992525392
236.68860207588085,39137165595.8956,38136482076.34625,18.22795594753673,17.761892173268816,18.379125744299515,18.083790390666262
239.54321490022994,39045118653.02751,38107312182.63884,18.18508550471956,17.748306428634596,18.37503337841017,18.076002145766996
242.4322561436301,39162664112.19159,38077588966.4585,18.23983176492652,17.73446297658831,18.371185579076194,18.068073476648536
245.35614103438468,39152366136.67186,38047300589.71004,18.235035529908874,17.72035630359124,18.368016415855276,18.06000153895782
248.31528980870976,39101170358.582634,38016434950.76257,18.211191330322585,17.70598077336414,18.364581711679502,18.05178342364133
251.31012777113347,39100415621.78998,37984979686.61258,18.21083981511194,17.691330627894626,18.360943430025873,18.04341615558198
254.3410853556237,39042224697.777275,37952922117.423904,18.183737658292454,17.67639996160699,18.35706423299912,18.034896691972445
257.408598187451,38952523960.74449,37920249242.3147,18.141959950116608,17.661182719399946,18.352459955393517,18.026221920399394
260.5131071457995,38913985932.935455,37886947755.749756,18.12401103985414,17.6456727042813,18.347258938112862,18.01738865704106
263.6550584271334,38963469366.65793,37853004032.66611,18.147057722880177,17.629863570440268,18.34224444086525,18.008393644914815
266.8349036093247,38944512251.43288,37818404125.33467,18.138228533132956,17.613748821785798,18.337514901577492,17.999233552067285
270.05309971655794,38996652739.153496,37783133741.27188,18.162512726911007,17.597321801659007,18.333082843152315,17.989904969667553
273.31010928501604,38858969148.98862,37747178239.253174,18.098387224258683,17.5805756909765,18.328277554522685,17.980404410002233
276.6064004293574,38846468341.7377,37710522633.50282,18.092565030433224,17.563503510181736,18.322761658618745,17.970728304519486
279.9424469099964,38920532825.02927,37673151566.02428,18.127060224915507,17.54609810635804,18.31771896430179,17.96087300178875
283.3187282011958,38825114293.93238,37635049298.16519,18.08261948029513,17.52835214930004,18.31267232155059,17.950834765310255
286.7357295599775,38928843824.75865,37596199703.94983,18.13093103504293,17.510258128408257,18.307797682003557,17.940609771293175
290.1939420958668,38788557675.622406,37556586257.54878,18.06559340244817,17.4918083468532,18.302828772458522,17.93019410638031
293.69386284147885,38610231487.895676,37516192033.939735,17.982538795792752,17.472994921883103,18.29621848838351,17.919583765361597
297.2359948239523,38687034052.253586,37474999689.493355,18.01830923901362,17.453809775781895,18.289213127861046,17.908774648837717
300.8208471372484,38571637549.80928,37432991437.183105,17.964563845574215,17.43424462432329,18.282154451310912,17.897762560694932
304.44893501532135,38586798178.04437,37390149049.81326,17.971624838862784,17.41429097827421,18.27471430657778,17.886543205521765
308.1207799061689,38461563100.046555,37346453848.78654,17.913297173839698,17.39394013816336,18.266838489578888,17.8751121860422
311.836909546778,38633699674.58823,37301886670.50458,17.993468996452076,17.373183178632424,18.259417862708545,17.863465000361654
315.5978580389755,38587372062.039536,37256427870.7636,17.97189212270983,17.352010950483297,18.252859928583266,17.85159703911828
319.4041659261899,38360108691.319885,37210057326.77411,17.866045246808294,17.330414081618773,18.244941931607073,17.839503582737127
323.2563802711419,38365342968.796074,37162754404.34064,17.868483087612567,17.308382961756646,18.235994242480313,17.827179798578236
327.15505473447257,38495850283.62146,37114497918.01967,17.929266272834287,17.285907723873457,18.228011592640836,17.814620737751195
331.100749654316,38312761959.27678,37065266147.03677,17.843993722820773,17.262978251617817,18.21991759674912,17.801821331874986
335.0940321268354,38584773186.283806,37015036820.736496,17.970681708208236,17.239584172533768,18.21252101552949,17.788776389921185
339.13547608772984,38527743865.76482,36963787072.07312,17.944120562905287,17.21571483639931,18.206474882936384,17.77548059479395
343.2256623947215,38150922085.25369,36911493446.22641,17.768617541400086,17.19135931923915,18.19816778735041,17.761928499783856
347.36517891104063,37900984251.35683,36858131906.61266,17.65221013793772,17.166506426124325,18.186603757663562,17.74811452518631
351.5546205899174,38392718860.51982,36803677772.82418,17.88123328402478,17.141144662267777,18.17667226252641,17.73403295468862
355.79458956008955,37940293892.280235,36748105703.19133,17.670518423480516,17.115262224902732,18.16716171615759,17.719677931405542
360.08569521234466,38188770992.52392,36691389705.0257,17.78624549692215,17.088847008053406,18.156774455732304,17.705043453969928
364.428554287106,38198434772.64731,36633503078.84295,17.790746358333386,17.061886576557022,18.148049597824006,17.69012337246266
368.82379096307136,37987966487.38652,36574418414.47515,17.69272171669992,17.03436816425319,18.138416294588627,17.67491138411146
373.2720369469261,38218994763.81385,36514107588.93403,17.80032208022227,17.006278672988692,18.12913925520855,17.6594010290585
377.7739315641329,38064406223.35547,36452541711.40138,17.728323174257426,16.977604646997033,18.120490983947874,17.643585685911212
382.3301218508199,38205850249.777336,36389691097.13406,17.794200082904343,16.94833226074481,18.111984875222486,17.627458566952004
386.94126264677766,38095712978.78671,36325525266.828,17.74290415247014,16.918447318635497,18.103844696167517,17.611012713314803
391.60801668957356,38101774298.37943,36260012908.32949,17.74572718435908,16.887935237176656,18.095327010446514,17.59424099005996
396.33105470980524,37786220215.54532,36193121853.8676,17.598759312941002,16.856781034376045,18.085292963229083,17.57713608102937
401.11105552750286,37788706851.41064,36124819059.11986,17.59991745222678,16.824969319991546,18.07377991165826,17.55969048358251
405.94870614969005,37717160988.44637,36055070551.58775,17.566595293647218,16.792484271487293,18.062156164975587,17.541896503055895
410.84470186912574,37751840943.85901,35983841406.08139,17.58274732432954,16.759309622615763,18.050607923103193,17.523746246934493
415.7997463642362,37541037261.11206,35911095738.997925,17.48456647285028,16.725428660752993,18.03835345660695,17.50523161899516
420.81455180024926,37704732826.09631,35836796633.661804,17.560806933852213,16.69082419212611,18.026141801801757,17.486344313142983
425.88983893155137,37712880674.794846,35760906110.1279,17.564601757132916,16.655478527749317,18.015162408430037,17.46707580681663
431.02633720527984,37487205654.346924,35683385154.76745,17.459494648108763,16.61937349720338,18.003235269127156,17.447417354548595
436.22478486616023,37467120176.765976,35604193623.03657,17.45013992875297,16.582490403350516,17.990241601329558,17.42735998130054
441.48592906261183,37403604376.04976,35523290188.600136,17.420557734953295,16.54480999863908,17.97709309791935,17.406894475140955
446.81052595413337,37389214767.28878,35440632320.15507,17.41385584045982,16.506312474309116,17.963827913235995,17.386011379688664
452.1993408199794,37152690174.38525,35356176239.17772,17.303695592666944,16.46697744071337,17.949485321670352,17.364700986373737
457.65314816915196,37100897458.211006,35269876918.60067,17.27957337189666,16.42678392670106,17.933897944995728,17.342953326642675
463.17273185171797,37200074090.939285,35181687967.872604,17.32576443517043,16.385710326084993,17.91894627904709,17.320758163703104
468.7588851714661,36902941058.64116,35091561614.051575,17.187376083821444,16.34373438883587,17.903243579143595,17.29810498372871
474.41241099992544,37118488137.05394,34999448668.520424,17.287766150146037,16.300833205580133,17.88747973537863,17.274982986984224
480.1341218917604,36811786599.80902,34905298415.5583,17.144921311363728,16.256983155702656,17.871569179311084,17.251381078359525
485.9248402015522,40663936462.879265,34809058569.02356,18.939042498686447,16.212159887172017,17.875733955646286,17.227287857276693
491.7853982019932,36892323160.96628,34710675269.85875,17.18243084652267,16.16633831537844,17.87999227070381,17.202691607584597
497.7166382035078,36328100434.85672,34610093028.39041,16.91964669137162,16.1194925962602,17.86033421921489,17.17758028735909
503.71941267531,36816560968.86888,34507254564.62933,17.14714495192572,16.071596051924196,17.840758722275144,17.151941517741996
509.79458436792675,36354208319.25517,34402100770.91784,16.9318063191692,16.0226211532491,17.821759601373852,17.125762570961403
515.9430264371982,36070667401.35593,34294570723.00065,16.79974843296056,15.972539525041547,17.79910129444476,17.099030358492392
522.1656225697697,36134386398.17797,34184601556.28423,16.829425264417544,15.921321888404508,17.77577849232317,17.07173141887214
528.4632671101007,36448269739.09034,34072128325.645668,16.97561499542393,15.868937995443904,17.755099819095054,17.043851904347072
534.8368651890073,36212631462.23527,33957083936.21646,16.86586754527853,15.815356597031476,17.735324578933884,17.01537756668332
541.2873328537482,35813305908.67726,33839399107.789104,16.679883494360332,15.760545426227319,17.71250923204156,16.986293742736223
547.8155971996863,36056562109.958755,33719002288.562622,16.793178957979425,15.704471158107248,17.689394610906774,16.956585339687837
554.4225965035367,36169628156.41744,33595819480.30677,16.845838952197994,15.647099328333836,17.668789201936846,16.926236819190677
561.1092803582181,35783128206.00791,33469774203.221153,16.665828367309626,15.588394316789703,17.647146869200604,16.895232180733398
567.8766098093348,35695334133.60675,33340787344.78707,16.624938679468997,15.528319277180954,17.62341039909848,16.86355494436883
574.7255574933044,35429279394.15642,33208776908.63578,16.501024900928975,15.46683602007372,17.598278148680446,16.831188131628526
581.6571077771479,35451213215.56517,33073658111.16883,16.511240477972237,15.40390505789464,17.572403993334223,16.798114246048527
588.6722568999686,34840396332.75029,32935343435.48368,16.226755307356587,15.339485630046468,17.543872948651362,16.764315254985604
595.7720131161401,35317013322.73829,32793742016.25627,16.448737491428187,15.273535416419946,17.51531341402845,16.72977256874608
602.9573968402125,35667944320.47438,32648759551.516907,16.612181999224365,15.20601049630382,17.491992073451456,16.694467016346042
610.229440793577,34466012928.535995,32500298443.21915,16.052387948463775,15.136865413854165,17.464476787662967,16.65837882214221
617.5891901528903,35115785581.016815,32348257367.81307,16.355016590701897,15.066052978090836,17.43462827125044,16.621487581403947
625.0377027002941,34662085922.20511,32192531216.330658,16.143708048851348,14.993524234992524,17.4065321951696,16.583772233776433
632.5760489754474,34681925045.95291,32033010929.12417,16.152948030035642,14.919228390526893,17.376723742808203,16.545211036126723
640.2053124293863,34507790007.01836,31869583179.887398,16.071845431768928,14.84311266348494,17.346763814135528,16.505781533373085
647.9265895802449,33922859983.056934,31702130220.08916,15.799416947313771,14.76512221302659,17.313312212399865,16.46546052740915
655.7409901708554,34188213599.086357,31530529517.454067,15.923004180825927,14.68519997030478,17.278918100760922,16.424224043904577
663.6496373282415,33310733474.374016,31354653615.47583,15.514321824437477,14.603286573034417,17.241923845840095,16.382047297130054
671.6536677250424,33372779327.6196,31174370055.266167,15.543219396923064,14.519320329093862,17.201338231304106,16.33890465441132
679.7542317428836,33751405963.102757,30989540665.70434,15.719563021379988,14.433236885915331,17.164155897867015,16.294769597056987
687.9524936377117,33655510532.45072,30800021290.01679,15.674900162972106,14.344969103140595,17.129398664133756,16.249614676801606
696.249631707129,33301501963.761127,30605661805.58072,15.51002229057449,14.254447061844427,17.092974157978187,16.203411471891105
704.6468384597479,32289548539.682053,30406305560.74547,15.038709609796022,14.161597802236715,17.049854608328083,16.15613054119144
713.145320786579,34144296547.67764,30201788936.978416,15.90255001491393,14.066345119733931,17.01250128440329,16.107741373865863
721.746300134495,32567016421.743805,29991940863.672024,15.167939007328284,13.968609338982718,16.97745026537659,16.058212335150138
730.451012681785,33531762848.5754,29776582283.71083,15.617265244961446,13.86830706495017,16.939934281281325,16.00751060778543
739.2607095158205,32289450874.85265,29555525751.973866,15.038664122848235,13.765350995928166,16.901702752014373,15.95560212967946
748.176656812871,32678529444.203396,29328574910.083855,15.219875687719448,13.659649678900207,16.85972351262611,15.90245152792742
757.2001360200866,32083093074.634956,29095523813.70864,14.942553920831124,13.551107196235135,16.81756776646091,15.848022047781908
766.3324440396711,35565210793.99492,28856156087.13519,16.564334328947517,13.43962277193384,16.792471929332926,15.792275474924224
775.5748934152812,47890866574.82231,28610244675.171383,22.30495215797561,13.32509065607865,16.855477316723082,15.735172053563788
784.9288125206746,32038028532.20841,28357550648.48671,14.921565316223713,13.20739956842623,16.896598038015842,15.67667039848667
794.3955457506266,31064466211.03911,28097822261.132477,14.4681331161076,13.086432259451913,16.844402471077,15.61672739740528
803.9764537141556,31110324793.278885,27830793969.064598,14.4894915411278,12.962065053231191,16.788358923109893,15.5552981050054
813.6729134300795,29735583536.971886,27556185335.393726,13.849212086096104,12.834167337564963,16.726264493176814,15.492335628044831
823.4863185249237,30849034643.016975,27273700342.089428,14.367796848219358,12.702601243408902,16.664281895505567,15.427791003350347
833.4180794332223,29094307363.342785,26983025394.104694,13.550540640038651,12.567220715303568,16.600134892864077,15.361613063852808
843.4696236002361,30416094344.39784,26683827718.645954,14.166156883470082,12.427870765841739,16.535220784617177,15.293748287966107
853.6423956871075,28788956393.382877,26375753970.72479,13.408324821794764,12.284386826210493,16.47006241070437,15.224140636016593
863.9378577784973,28795083285.610306,26058429459.390537,13.411178393838535,12.136594385812588,16.397558372878716,15.152731378605777
874.3574895927261,28988554577.0745,25731454402.63045,13.501286763318726,11.984307248003324,16.32787949851042,15.079458904009853
884.9027886944416,28900592731.807846,25394401198.481518,13.46031893603302,11.827326259123351,16.2604242478595,15.004258494457808
895.5752707098593,28881316925.7245,25046813366.358288,13.451341317475551,11.665438815426958,16.19397775583356,14.927062086868458
906.3764695445994,27844806029.396477,24688201538.429043,12.968591106269903,11.498416996083826,16.123246903104928,14.847798011201371
917.307937604142,27990525064.34897,24318040001.33316,13.036459080595314,11.326015952499723,16.049316236831334,14.766390693828761
928.3712460169497,26724420895.81181,23935763013.76612,12.446776852521337,11.147972193248547,15.970909073359218,14.682760328531124
939.5679848602816,29403504518.12838,23540759245.054176,13.69454780128097,10.964000993863904,15.902285636458302,14.596822504225576
950.8997633887208,25960878332.470314,23132367085.72308,12.09116039443737,10.773794212757934,15.830872966294468,14.508487784987159
962.368210265473,25854201296.946056,22709868684.882153,12.041476052851992,10.5770175141602,15.74168039851693,14.417661241208775
973.9749737964391,26294253664.60495,22272481962.36806,12.246428431241315,10.373306647810175,15.656458331965098,14.324241914834833
985.7217221671224,25713000730.667778,21819349691.551888,11.975712534653892,10.162262364324537,15.572442525550068,14.228122192865053
997.6101436823909,24514444057.15018,21349529563.861694,11.417490243569121,9.943445787793992,15.480577274535191,14.129187080685822
1009.6419470091245,22901135343.641457,20861992024.4102,10.66609908603731,9.716377407736742,15.375361216231664,14.027313426117802
1021.8188614217956,24461473359.388897,20355596633.57423,11.392819383260212,9.480526069612203,15.272450621428995,13.922369018778456
1034.1426370510137,22262182220.019398,19829066485.279602,10.36850958990003,9.235297060254126,15.168328614798993,13.814211439162227
1046.6150451350566,20492001154.607815,19280975593.120224,9.544055851664325,8.980026233013255,15.044787377356908,13.70268672468525
1059.2378782744452,21101038574.423225,18709722386.532528,9.827712245523388,8.713967663721727,14.917845507195482,13.587627851055384
1072.0129506895892,19341363852.689487,18113498636.849773,9.008151788822344,8.436279178144934,14.787484518615084,13.468852931803728
1084.9420984815295,19554026663.926228,17490239686.757896,9.107198520896095,8.145999171578127,14.651742112171982,13.346163013821297
1098.027179895836,20614483416.56196,16837561428.241634,9.601101405200499,7.842017256612955,14.526267742413065,13.219339302388986
1111.270075589688,20297984369.213043,16152710934.175379,9.453693420879876,7.523051270026598,14.407825090143353,13.088139832325622
1124.6726889021647,19305194373.124107,15432451593.231466,8.991306019075743,7.187593774890457,14.28494261871627,12.952295309732145
1138.2369461278074,17305789381.270428,14672927209.653612,8.060092285074118,6.833848765660943,14.148429710743102,12.811503668041356
1151.9647967934795,16058803744.488281,13869505501.657833,7.479314425758221,6.4596587782752035,13.997265027492867,12.665423139132267
1165.8582139385567,13846867335.545135,13016517295.304623,6.449115155906226,6.0623834208894545,13.830566328609232,12.513663182794572
1179.919194398505,14862952892.3616,12106876082.693607,6.922352358615694,5.638722184847456,13.661326059553865,12.355772089259023
1194.1497590918812,12929616505.863918,11131496086.912992,6.021909775503713,5.184443411091236,13.490937225465299,12.191219559184404
1208.5519533107824,10447545363.367298,10078429176.018543,4.8658964885112255,4.693982311792679,13.300206500541671,12.019371714629099
1223.1278470148095,16383777059.68943,8931383094.245752,7.630669261588047,4.159750843315009,13.133330124094318,11.839453744631081
1237.879535128577,8991108664.371525,7667003381.061394,4.187567754545501,3.5708717724376684,12.961931138800786,11.6504902236042
1252.8091378427982,15755002642.970592,6249487354.316619,7.337820451655551,2.910670163633867,12.79159201548569,11.45120204377108
1267.918800919016,10633832661.74643,4615928910.424872,4.952658946056095,2.1498477867546346,12.633958671652215,11.239794912083818
1283.210695998004,7310273192.157194,2642997225.9611664,3.404726317867904,1.2309638746382363,12.433528372515056,11.013487546163331
1298.6870209118815,0.0,0.0,0.0,0.0,12.179046104419763,10.767052776169765
1314.35,0.0,0.0,0.0,0.0,11.890502703423195,10.511962024389286
