R_kpc,Sigma_bar,Sigma_eff,kappa_bar,kappa_eff,kappa_bar_mean,kappa_eff_mean
1.0,39625486921.47069,39586503005.30108,18.4553893723977,18.437232791669825,0.0,0.0
1.0120606264911474,39625531510.19401,39586546000.94591,18.455410139391734,18.437252816694834,0.43724145426659267,0.43681128352944687
1.0242667116936537,39625580610.813156,39586590055.18868,18.455433007780623,18.437273334757,0.8641243929301582,0.8632742062253611
1.0366200099307066,39625619176.34126,39586635194.11089,18.455450969499022,18.43729435800365,1.280894194037005,1.279633951103694
1.0491222966837304,39625666283.925674,39586681444.58384,18.455472909641095,18.437315898949976,1.687790445551933,1.6861298926480828
1.0617753688475675,39625714621.109604,39586728834.0643,18.45549542246352,18.437337970383844,2.085047123207109,2.0829957344319503
1.0745810449887383,39625764316.81134,39586777390.761284,18.455518568009403,18.43736058544347,2.4728926200441084,2.4704596434799218
1.0875411656068144,39625814844.46308,39586827143.60799,18.455542101032197,18.43738375760436,2.8515499158489788,2.8487443814467013
1.1006575933989453,39625865843.24486,39586878122.1457,18.45556585348165,18.437407500625234,3.221236702727146,3.2180674326873198
1.113932213527575,39625920606.20778,39586930356.62236,18.455591359081264,18.43743182859393,3.5821655315668686,3.5786411292930516
1.127366933891388,39625973255.2474,39586983878.11501,18.455615880130765,18.437456755984442,3.934543902979959,3.9306727731662647
1.1409636853995222,39626027282.43896,39587038718.506546,18.455641043048228,18.437482297646078,4.278574388663087,4.274364755203606
1.1547244222490889,39626084649.88922,39587094910.49538,18.455667761675915,18.437508468807977,4.614454791067905,4.609914671655454
1.1686511222060412,39626144358.48786,39587152487.56216,18.455695570682753,18.437535285063596,4.942378231567035,4.9375154377284955
1.1827457868894284,39626200933.043915,39587211484.00021,18.455721920023585,18.437562762384896,5.262533220274264,5.257355398496831
1.19701044205908,39626262394.61887,39587271935.04027,18.45575054547113,18.43759091718043,5.575103815653712,5.569618437186244
1.2114471379067577,39626325515.32093,39587333876.83215,18.455779943649535,18.437619766286815,5.8802697415677825,5.874484080893636
1.2260579493508208,39626390953.60426,39587397346.42095,18.455810421230826,18.437649326957622,6.178206449851384,6.172127603801507
1.2408449763344431,39626455118.3587,39587462381.75331,18.455840305671856,18.43767961686634,6.469085219250917,6.46272012794702
1.2558103441274293,39626524037.568794,39587529021.68133,18.455872404478868,18.437710654108145,6.7530732843754855,6.746428721603744
1.2709562036316695,39626590396.16889,39587597306.10462,18.455903310693483,18.43774245726611,7.030333910204668,7.023416495333343
1.2862847316902777,39626661616.37685,39587667275.978546,18.45593648117973,18.437775045415,7.301026494757001,7.293842695762449
1.3017981314004599,39626735561.947235,39587738973.27698,18.45597092099107,18.437808438103957,7.565306688474176,7.5578627971376555
1.3174986324301545,39626807994.480606,39587812441.02333,18.456004656112338,18.437842655370936,7.823326418920792,7.815628590711349
1.3333884913384921,39626885641.40006,39587887723.29297,18.456040819810088,18.43787771774384,8.075234028320544,8.067288272010037
1.34946999190012,39626960691.85407,39587964865.323074,18.456075774215922,18.437913646291683,8.321174337946067,8.312986526035747
1.3657454454334392,39627041074.41095,39588043913.54708,18.45611321202429,18.437950462640618,8.561288739164835,8.552864610449648
1.3822171911327976,39627124745.246574,39588124915.5666,18.456152181333454,18.43798818896088,8.79571530566709,8.787060436784925
1.3988875964046932,39627206134.83496,39588207920.205086,18.456190088162145,18.43802684799177,9.02458879780947,9.015708649735739
1.415759057208029,39627293127.89099,39588292977.50023,18.456230604780274,18.43806646303812,9.248040796452795,9.23894070456792
1.4328339983984741,39627378428.231606,39588380138.75155,18.456270333023937,18.438107057992433,9.466199767816772,9.456884942695908
1.4501148740769754,39627468998.273766,39588469456.64462,18.456312515607003,18.438148657392784,9.679191133156523,9.66966666547006
1.467604167942475,39627562086.29485,39588560985.26564,18.45635587092724,18.43819128642957,9.887137365183015,9.877408206216607
1.4853043936488803,39627656374.9362,39588654780.04611,18.456399785430875,18.438234970919762,10.090158012607105,10.080229000570588
1.5032180951663396,39627755929.476234,39588750897.76647,18.45644615250275,18.438279737308584,10.288369807155467,10.278245655142213
1.5213478471468749,39627851661.58541,39588849396.74797,18.456490739294924,18.438325612758895,10.481886686823193,10.471572014557474
1.5396962552944244,39627954624.783104,39588950336.868805,18.45653869393352,18.438372625158692,10.670819901718744,10.660319226911584
1.5582659567393489,39628058569.27669,39589053779.49809,18.45658710560619,18.43842080309036,10.85527809216714,10.844595807671439
1.5770596204174525,39628164557.97738,39589159787.60882,18.456636469358973,18.43847017588328,11.035367296234567,11.024507702064355
1.5960799474535783,39628273473.048805,39589268425.82033,18.456687196055547,18.438520773633613,11.211191050480963,11.200158345989601
1.615329671549826,39628385738.02868,39589379760.435356,18.456739482956667,18.438572627221557,11.382850445688463,11.371648725487221
1.6348115593784562,39628500453.72279,39589493859.50793,18.45679291126674,18.438625768342966,11.550444174949611,11.539077434798557
1.65452841097953,39628618999.733,39589610792.82881,18.45684812352902,18.43868022950257,11.714068595866788,11.702540733051464
1.6744830601633456,39628745472.14637,39589730631.95821,18.456907027477335,18.438736044029202,11.873817813458466,11.862132599602695
1.6946783749177292,39628861434.63432,39589853450.481514,18.45696103647594,18.438793246194923,12.029783623364054,12.017944788070684
1.7151172578202367,39628989459.09052,39589979323.949814,18.457020663281106,18.43885187118731,12.182055670592767,12.170066879089294
1.7358026464553273,39629118705.26616,39590108329.78898,18.457080859096518,18.43891195506711,12.330721539923617,12.318586331810899
1.7567375138365704,39629251834.39522,39590240547.47057,18.45714286337973,18.438973534847833,12.475866696416926,12.463588534189721
1.7779248688339402,39629387660.62478,39590376058.59286,18.457206123825173,18.439036648533502,12.617574588325464,12.605156852075213
1.7993677566062685,39629526965.02088,39590514946.93737,18.45727100421078,18.439101335144983,12.7559266846953,12.743372677143164
1.8210692590389104,39629669769.66889,39590657298.51349,18.45733751482271,18.439167634740752,12.89100252883101,12.87831547369171
1.8430324951866892,39629816847.99441,39590803201.62297,18.457406015880405,18.439235588446948,13.022879783927735,13.010062824329323
1.8652606217221832,39629967296.389404,39590952746.91019,18.457476086532548,18.439305238480774,13.151634272426806,13.13869047458096
1.88775683338942,39630122561.024536,39591106027.430916,18.457548400326516,18.43937662818253,13.277340023471343,13.264272376438116
1.9105243634630407,39630278519.04608,39591263138.768425,18.457621037062037,18.439449802069685,13.400069297369658,13.38688073087807
1.9335664842130058,39630439860.82207,39591424179.087875,18.457696181256573,18.43952480586222,13.519892645876563,13.506586029376761
1.9568865073748998,39630607691.16384,39591589249.185486,18.45777434747096,18.439601686505508,13.636878981103946,13.62345709443868
1.9804877846259143,39630776005.83589,39591758452.5952,18.457852739259963,18.439680492220013,13.751095555246351,13.737561119167403
2.0043737080665673,39630952979.26084,39591931895.6368,18.45793516382354,18.439761272523686,13.862608039615655,13.848963705899525
2.0285477107082346,39631129077.51206,39592109687.519905,18.458017180778953,18.439844078280405,13.97148054156657,13.957728903924076
2.0530132669665586,39631310659.71762,39592291940.44775,18.458101751861026,18.439928961748315,14.077775632645524,14.06391924630946
2.0777738931608125,39631499638.47295,39592478769.7106,18.458189767852343,18.44001597662334,14.18155444745647,14.167595785858978
2.102833148019282,39631691289.74232,39592670293.76744,18.45827902855485,18.440105178077193,14.282876656484504,14.268818130215491
2.1281946331907466,39631892247.059494,39592866634.31115,18.45837262350658,18.440196622787788,14.381800527424762,14.367644476135183
2.153861993762124,39632091571.548065,39593067916.39624,18.458465457975855,18.440290368998692,14.478382923171933,14.464131642950365
2.1798389187823672,39632305787.389046,39593274268.4548,18.45856522802443,18.44038647652656,14.572679391160278,14.558335105240324
2.206129141792668,39632508547.855156,39593485822.56182,18.458659662784534,18.44048500688471,14.664744107195459,14.650309024729644
2.232736441363065,39632727402.42487,39593702714.5847,18.458761593299812,18.440586023352772,14.754629971979508,14.740106281433123
2.2596646416355184,39632952654.174255,39593925084.12189,18.458866503272272,18.44068959094808,14.842388730165993,14.827778504063279
2.2869176128735367,39633182350.29024,39594153074.61118,18.458973483188156,18.440795776476133,14.928070836467517,14.913376099717706
2.314499272018431,39633414787.61272,39594386833.49237,18.459081739808436,18.44090464860634,15.011725530071857,14.996948282864587
2.3424135832522777,39633652118.13849,39594626512.40991,18.459192275415777,18.441016277966412,15.093400886206117,15.078543103643513
2.3706645585676736,39633899645.79426,39594872267.392006,18.459307560289798,18.44113073722577,15.173143882349054,15.158207475497871
2.399256258344359,39634153684.87834,39595124258.982056,18.459425877831784,18.44124810115677,15.251000391629612,15.235987202154368
2.4281927919327986,39634414983.272064,39595382652.31015,18.459547576364045,18.441368446667997,15.32701518429836,15.311927003964371
2.4574783182447963,39634681829.32024,39595647617.1237,18.459671858691006,18.441491852818537,15.401231964519857,15.386070543621802
2.4871170463512398,39634952838.69346,39595919328.02331,18.45979808006757,18.44161840092781,15.473693383958523,15.458460451273222
2.5171132360870474,39635231260.98266,39596197964.752014,18.459927753975865,18.441748174710323,15.544441094228723,15.529138349035845
2.547471198663417,39635519006.95907,39596483712.283905,18.46006177034885,18.441881260316908,15.613515788569869,15.598144874936823
2.578195297287452,39635815079.310135,39596776760.95628,18.460199664692766,18.4420177463963,15.680957201069203,15.66551970628654
2.6092899477892684,39636117998.366684,39597077306.69585,18.460340747858456,18.442157724200452,15.746804110760463,15.731301582500144
2.6407596192566607,39636423375.02881,39597385551.27269,18.46048297564271,18.442301287702875,15.81109434545743,15.795528327381051
2.6726088346774195,39636741130.71492,39597701702.4175,18.460630968900787,18.44244853365318,15.873864867761288,15.85823687087857
2.7048421715894047,39637064538.70736,39598025974.03554,18.460781594694698,18.44259956167676,15.935151781638185,15.919463270331848
2.7374642627384485,39637399832.088394,39598358586.446045,18.460937756054008,18.442754474386305,15.994990333391812,15.979242731213036
2.770479796744201,39637741013.59155,39598699766.59407,18.46109665977928,18.44291337748043,16.053414935174395,16.037609627381485
2.803893518774003,39638091361.54256,39599049748.32549,18.461259832735724,18.44307637987178,16.110459169158595,16.09459752086079
2.837710231224885,39638453778.97059,39599408772.58049,18.461428626995918,18.443243593777144,16.166155855986446,16.150239181149832
2.8719347944137956,39638823772.899345,39599777087.66277,18.461600949976685,18.44341513484284,16.22053702970366,16.204566604078924
2.9065721272761507,39639201031.84764,39600154949.530594,18.461776656607086,18.443591122280253,16.273633939043307,16.25761103022221
2.941627208072808,39639589954.02555,39600542622.02689,18.46195779533336,18.443771678973032,16.325477115103002,16.30940296287684
2.977105075105571,39639985174.20882,39600940377.289215,18.46214186732683,18.443956931667984,16.376096359985922,16.359972185619608
3.013010827441318,39640396328.58952,39601348496.06036,18.462333360599914,18.444147011119796,16.42552079378986,16.40934777945169
3.0493496256448713,39640815383.44215,39601767267.91064,18.462528533481674,18.444342052194504,16.47377885496212,16.457558139540115
3.086126692520694,39641247907.74064,39602196991.5545,18.462729979696267,18.444542194017004,16.52089829504363,16.504630991565524
3.123347313863546,39641688776.13066,39602637975.24321,18.46293531213334,18.444747580153916,16.566906210185547,16.55059340768664
3.161016839218183,39642143258.57272,39603090537.19617,18.463146985252912,18.444958358814468,16.611829055724282,16.59547182213093
3.1991406826482205,39642607441.47215,39603555006.00962,18.46336317631615,18.445174683040857,16.655692667401564,16.639292046420668
3.237724323514275,39643086306.13349,39604031721.01772,18.463586205342878,18.445396710876416,16.69852227504908,16.6820792842424
3.2767733072614837,39643578139.77419,39604521032.679146,18.46381527461245,18.44562460554567,16.74034252857026,16.72385814596828
3.3162932462165258,39644080400.69566,39605023303.13678,18.464049200340373,18.445858535715015,16.78117747036806,16.764652662838653
3.356289820394258,39644595674.61192,39605538906.68965,18.464289186811122,18.44609867571251,16.821050573650332,16.80448630081423
3.396768778314074,39645126954.44373,39606068230.21955,18.464536627963863,18.44634520572658,16.859984786294326,16.8433819741051
3.4377359378261105,39645672504.60487,39606611673.76379,18.464790715457248,18.446598312072773,16.898002519281583,16.881362058384692
3.4791971869474256,39646229194.30586,39607169651.16114,18.465049991140386,18.44685818749461,16.935125625742614,16.918448403697468
3.521158484708249,39646804211.04529,39607742590.59861,18.46531780255789,18.447125031418224,16.971375463790938,16.954662347067256
3.56362586200845,39647391710.22447,39608330935.20668,18.465591427614648,18.447399050229617,17.006772892506167,16.99002472481333
3.606605422484327,39648001387.57131,39608935143.7453,18.465875382051593,18.447680457594135,17.04133829854025,17.024555884581662
3.6501033433858567,39648620922.13049,39609555691.38098,18.466163927440117,18.44796947481841,17.075091570336927,17.058275697099244
3.6941258764645224,39649260374.00844,39610193070.38371,18.466461749228802,18.44826633117494,17.108052113413777,17.091203567658063
3.7386793488718437,39649918939.88577,39610847790.833565,18.466768473275316,18.448571264231184,17.140238924248955,17.12335844733473
3.7837701640687524,39650591851.43653,39611520381.61612,18.46708187875364,18.448884520313182,17.17167051838919,17.1547588439537
3.8294048027459335,39651280882.07729,39612211391.32238,18.467402791624437,18.44920635492469,17.20236495640768,17.185422832801216
3.875589823755259,39651993797.14111,39612921389.0791,18.46773482855608,18.44953703313389,17.232339923815424,17.215368067094968
3.922331865052462,39652722216.2312,39613650965.68255,18.468074086417076,18.449876830101438,17.2616126831946,17.244611788216524
3.9696376446511854,39653472210.17197,39614400734.66564,18.468423392666136,18.450226031577493,17.290200075881547,17.273170835713497
4.017513961588521,39654250175.55142,39615171333.30083,18.468785726484885,18.450584934368777,17.318118613006835,17.301061657076183
4.06596769690221,39655041534.60701,39615963424.05933,18.46915429834706,18.450953847018244,17.345384368692205,17.328300317296144
4.115005814619619,39655852638.41521,39616777695.943596,18.469532066237495,18.45133309042562,17.372012991538778,17.3549025082137
4.164635362758645,39656692538.94329,39617614865.696396,18.46992324606856,18.45172299841058,17.398019844474867,17.38088355765806
4.214863474340702,39657553267.05443,39618475679.43733,18.470324126251214,18.45212391847492,17.42341993186477,17.406258438386562
4.265697368415905,39658440553.43357,39619360914.290886,18.47073737582577,18.452536212560815,17.448227890695676,17.431041776830135
4.317144351100639,39659354493.14043,39620271380.08206,18.471163039065857,18.452960257840555,17.472458043133624,17.45524786164994
4.369211816627631,39660289431.580666,39621207921.35306,18.47159848237001,18.453396447655805,17.49612434116384,17.478890652111758
4.421907248408684,39661255341.33723,39622171419.263985,18.472048350423147,18.453845192402866,17.519240430563936,17.50198378628359
4.4752382201102385,39662249379.942986,39623162793.73236,18.472511319359196,18.45430692052911,17.541819672732892,17.52454058906131
4.529212396741896,39663264730.212616,39624183006.02803,18.47298421410526,18.454782079741573,17.563875059088836,17.546574080030382
4.583837535758073,39664318978.19888,39625233061.21901,18.473475225285014,18.455271138146088,17.58541933348066,17.56809698116906
4.639121488172954,39665403989.10479,39626314010.8291,18.473980564153948,18.455774585485063,17.60646498912626,17.58912172439725
4.695072199688863,39666514737.11148,39627426956.022865,18.474497889959903,18.456292934620855,17.627024150750287,17.60966045897882
4.75169771183828,39667663266.65591,39628573050.74377,18.47503281234433,18.456826722997356,17.647108695108393,17.629725058783404
4.8090061631396015,39668853134.914116,39629753505.19711,18.475586988045706,18.457376514262158,17.666730303370738,17.649327129412686
4.867005790266854,39670062321.181335,39630969590.10123,18.47615016102146,18.457942900246504,17.685900277247313,17.668478015200556
4.925704929233514,39671316923.31029,39632222640.76326,18.476734486227183,18.458526502863602,17.70462967477603,17.687188806093342
4.9851120165906035,39672608317.40429,39633514061.58185,18.477335947122423,18.459127976205696,17.722929387268596,17.70547034441442
5.0452355906392325,39673943103.93355,39634845331.330795,18.477957617846,18.45974800900492,17.740810037341962,17.723333231522528
5.106084292657776,39675316458.74617,39636218009.1687,18.478597251571223,18.460387327432265,17.758282005366706,17.740787834374697
5.1676668681438365,39676733698.3898,39637633740.174484,18.479257324455855,18.461046697675716,17.775355428835812,17.757844291997348
5.229992168071196,39678255423.91279,39639094261.48153,18.479966061161104,18.461726928797205,17.792040570573924,17.774512521868527
5.293069150161929,39679709179.14012,39640601412.3165,18.480643141011903,18.462428877408144,17.80834682542968,17.790802226238227
5.356906880173848,39681261219.24564,39642157141.44082,18.481365996595375,18.463153451135256,17.82428334266042,17.806722898395385
5.4215145332034815,39682870241.47655,39643763515.2126,18.48211539134323,18.463901612375384,17.839859737281017,17.82228382887191
5.486901395004776,39684526672.69734,39645422729.61607,18.48288686661138,18.464674383898142,17.855085116867762,17.837494111610763
5.5530768633236836,39686244214.700554,39647137121.66609,18.483686803947055,18.465472854157518,17.86996839677039,17.852362650117083
5.620050449248863,39688018709.06271,39648909182.69904,18.48451326658353,18.466298183482042,17.88451833317978,17.86689816360002
5.687831778578659,39689848953.19957,39650741573.520164,18.485365694422693,18.467151611129584,17.898743445357155,17.88110919312587
5.756430593204574,39691750636.93175,39652637141.25795,18.486251394926764,18.468034463137233,17.912652131214397,17.89500410780218
5.825856752511429,39693708703.30973,39654598938.897736,18.48716335539035,18.468948161418943,17.926252592176645,17.90859111101611
5.896120234794399,39695742005.93167,39656630247.33814,18.488110356790592,18.46989423403825,17.93955285743083,17.921878246754545
5.967231138693149,39697846464.02486,39658734600.589836,18.489090498526252,18.470874326944465,17.9525608466838,17.934873406035308
6.039199684643272,39700031413.473816,39660915814.982735,18.49010812874287,18.4718902175758,17.965284321447456,17.94758433348634
6.11203621634521,39702295362.336395,39663178022.978386,18.49116255257521,18.472943830607328,17.977730902267858,17.96001863411675
6.1857512022509145,39704640225.07167,39665525712.50514,18.492254661673837,18.47403725627116,17.989908031590442,17.97218378033131
6.2603552370684294,39707083113.9451,39667963772.68878,18.493392425998145,18.475172771655277,18.001823081012105,17.984087119248237
6.335859043284609,39709612852.97834,39670497548.1365,18.494570640387323,18.47635286598604,18.013483279299415,17.99573588039568
6.412273472706223,39712247696.09034,39673132902.93227,18.495797806520663,18.47758027043376,18.02489572397999,18.007137183878793
6.489609508019627,39714996409.2317,39675876296.78664,18.49707800709958,18.47885799357908,18.036067493187815,18.01829804912684
6.567878264369249,39717852605.08584,39678734877.042694,18.498408267260583,18.480189364264376,18.047005509985397,18.02922540436148
6.647090990955133,39720835637.29847,39681716589.87229,18.499797600875677,18.481578083382853,18.057716605804234,18.039926096962287
6.727259072649714,39723946631.44021,39684830316.173355,18.501246532174235,18.483028287172125,18.068207562611523,18.050406904950915
6.808394031634124,39727208934.32136,39688086039.32174,18.502765934826414,18.484544625343847,18.078485137450716,18.06067454987946
6.89050752905422,39730614716.223114,39691495054.75656,18.504352162176474,18.48613235869715,18.08855601185822,18.070735711496646
6.973611366696582,39734190786.00538,39695070234.5878,18.506017700328357,18.487797482358413,18.098426814929592,18.08059704468466
7.057717488684729,39737942065.820435,39698826366.14136,18.50776484175198,18.48954688345706,18.10810419304688,18.090265199324822
7.142837983195795,39741896956.29783,39702780591.941765,18.509606813910708,18.491388546045524,18.117594819751385,18.09974684399118
7.228985084197899,39746061386.90204,39706952991.195915,18.511546378425518,18.493331821922613,18.12690539913815,18.109048694723146
7.3161711732084855,39750477969.074165,39711367362.6143,18.513603381380292,18.49538779522894,18.1360427454918,18.118177550650106
7.404408781073854,39755161381.03793,39716052302.33297,18.51578465909062,18.497569784484128,18.145013826807492,18.127140339047934
7.493710589770156,39760144778.03623,39721042726.996994,18.518105653459298,18.499894051955987,18.153825710512596,18.13594417369284
7.58408943422613,39765476731.22835,39726382090.106834,18.5205889862817,18.502380835913694,18.162485748002847,18.14459643248681
7.67555830416779,39771213079.46797,39732125726.381905,18.523260664248657,18.50505590824984,18.171001692794558,18.15310486396058
7.768130345985381,39777414514.00687,39738346124.10738,18.5261489540332,18.507953030051834,18.179381757786413,18.161477738857023
7.861818864622859,39784191378.01094,39745141701.92787,18.529305247460375,18.511118039353452,18.18763490656702,18.169724075750693
7.956637325490131,39791674276.5794,39752652484.330605,18.53279037325804,18.514616151919448,18.19577122038452,18.177853996457543
8.052599356398389,39800062860.10517,39761090870.251526,18.53669731768393,18.518546291583192,18.20380236600377,18.185879329763484
8.149718749518765,39809689660.85419,39770810762.30239,18.54118095612062,18.523073286868115,18.211742674320558,18.19381475327168
8.24800946336461,39821168453.006836,39782500030.37306,18.546527151086547,18.5285175100306,18.219611366941876,18.201680355528662
8.3474856247977,39835956831.546234,39794209116.51171,18.55341477078121,18.53397096336764,18.227438666085007,18.209488700976035
8.448161531058608,39860722529.756424,39800441203.01037,18.564949281497864,18.536873529162303,18.235299079081294,18.21721085613958
8.550051651821585,39865901785.02644,39801156565.13272,18.567361495961165,18.537206705800273,18.243137828525555,18.224788207447883
8.653170631274223,39855759950.75486,39800626712.12826,18.56263798301599,18.536959929185844,18.250762977884882,18.232187020046577
8.757533290222188,39875805897.03685,39800107730.312035,18.571974290850022,18.53671821577764,18.258263114826924,18.23940475529
8.863154628219347,39878686478.3201,39799602549.41135,18.573315908413147,18.536482930082748,18.26571148200982,18.246445839441936
8.970049825723585,39866610635.80052,39799080706.73322,18.56769163996844,18.53623988424119,18.272932157588695,18.25331444089161
9.078234246278617,39872023243.11687,39798551892.65838,18.57021253708047,18.535993591503484,18.279945578586183,18.26001451599517
9.187723438722127,39872182894.97994,39798023407.708,18.570286894205793,18.535747452053993,18.286823408476533,18.26655002103827
9.298533139420517,39858614241.7628,39797485933.78352,18.563967356003584,18.53549712603091,18.293463856500942,18.27292480689416
9.410679274530622,39859357166.37548,39796936238.50345,18.56431336974541,18.535241107967334,18.299876691979026,18.279142564160132
9.524177962288718,39878412186.08538,39796380618.03622,18.573188158058848,18.53498233027493,18.306247430155317,18.285206913215177
9.639045515327101,39854682801.833115,39795821481.60577,18.562136305830236,18.534721915038727,18.312440029954733,18.291121436565618
9.755298443018628,39866800874.12139,39795255607.34253,18.567780242596648,18.534458361687708,18.318423039888305,18.29688962717206
9.872953453849549,39857779555.92093,39794682902.144775,18.56357860488878,18.53419162686017,18.324280687833433,18.302514877054836
9.992027457820912,39868815473.81012,39794102268.1322,18.56871853319125,18.53392119922338,18.330011335815893,18.308000491267155
10.112537568878977,39865205263.65068,39793512684.05714,18.567037094314784,18.5336466031359,18.335646699033134,18.31334968487055
10.234501107374921,39885125601.32629,39792915369.27628,18.576314900514657,18.53336840650754,18.341239314353487,18.31856559792308
10.357935602554209,39878536259.60843,39792311871.02134,18.573245944734964,18.533087329954398,18.346772103299138,18.323651311363804
10.48285879507597,39868803557.58152,39791701412.41762,18.56871298326226,18.532803011650632,18.352083655105144,18.328609837312154
10.60928863956282,39871744232.85919,39791083747.326256,18.570082589328546,18.532515336958195,18.35723231308544,18.333444110898466
10.737243307181362,39867408035.48091,39790457074.55837,18.568063025224,18.5322234669816,18.362251050155862,18.338156986367693
10.866741188253847,39878577869.35098,39789821736.13533,18.573265324282325,18.53192756101573,18.367189099503644,18.342751242363036
10.997800894901342,39852170421.274025,39789179723.22504,18.560966176071037,18.53162854643794,18.37192484638213,18.347229604623802
11.130441263718758,39874600203.7813,39788530200.116356,18.571412744728484,18.531326034019585,18.376528064566436,18.351594740592994
11.264681358482123,39862008556.84738,39787870536.97354,18.56554824273597,18.53101879892669,18.38107534476488,18.35584923533781
11.400540472888565,39859382929.817825,39787202625.02217,18.564325368950897,18.530707721988925,18.385431265032338,18.35999560875503
11.538038133329287,39892429886.232635,39786528522.38197,18.579716837815788,18.530393761766142,18.389853005163243,18.364036342835302
11.677194101695985,39857550744.48654,39785846453.24018,18.563472037009305,18.53007609118166,18.39415763150221,18.367973862197232
11.818028378221166,39860647089.58217,39785153024.26011,18.564914145581607,18.529753129804437,18.398186178283062,18.371810505443285
11.960561204352672,39850004103.939575,39784449581.529785,18.559957223676566,18.529425504568813,18.402077191099437,18.375548544631965
12.104813065662881,39832978422.604904,39783739475.183975,18.552027590433585,18.529094775784742,18.4057231549984,18.379190223968788
12.250804694792999,39861944589.49135,39783020752.29547,18.565518450232346,18.528760033885305,18.40935013818154,18.382737742023266
12.39855707443289,39844828544.82382,39782291077.0585,18.55754673068022,18.528420190979645,18.412955046819114,18.38619322160255
12.548091440336803,39854805514.2425,39781551978.07989,18.562193458573887,18.528075959009396,18.4164360572058,18.38955873089503
12.699429284375467,39888985532.30334,39780804432.8866,18.578112645720243,18.527727793253277,18.420079018309853,18.392836302898537
12.852592357625056,39872721175.45537,39780047063.50096,18.570537595876292,18.527375051924484,18.423732846680664,18.396027920158307
13.007602673493352,39877776429.32037,39779280052.17477,18.572892057252123,18.52701781990596,18.427238971832587,18.39913551170411
13.164482510883603,39869639734.418335,39778503391.95138,18.56910242880114,18.526656093957683,18.430644593496933,18.402160961824404
13.32325441739661,39866483184.88,39777716690.6011,18.56763228028489,18.52628969140046,18.43390738782076,18.405106107950374
13.483941212571365,39868890369.46178,39776919567.12037,18.5687534154986,18.52591843478363,18.43708893032959,18.40797273971549
13.646565991164776,39852539598.05329,39776112471.50959,18.56113811846816,18.525542533692818,18.440117546901895,18.410762604761732
13.811152126471006,39854347468.80974,39775295667.36778,18.561980126007686,18.525162110898066,18.44299477497279,18.413477413257215
13.977723273680795,39855076061.73188,39774468318.99282,18.562319464830168,18.52477677717493,18.445817794773102,18.416118831660345
14.146303373281274,39862509802.501465,39773629904.91077,18.565781695607747,18.524386289649307,18.448619186920485,18.418688479470795
14.316916654496875,39870816926.83703,39772780897.165764,18.569650700788216,18.5239908681736,18.4514410830082,18.42118793757951
14.489587638771654,39859029618.884964,39771920911.005325,18.564160815999195,18.523590333551088,18.454176258017412,18.423618749876578
14.664341143293623,39859953578.57678,39771049758.96261,18.564591146001465,18.52318459846996,18.456787117253047,18.425982420524054
14.84120228456165,39848628004.95426,39770168201.32393,18.559316311865455,18.522774017030084,18.459278327970942,18.4282804212394
15.020196481995317,39849150524.889275,39769274333.684006,18.559559673136313,18.522357702263406,18.461651306975575,18.43051418247201
15.201349461588306,39859244410.81706,39768368419.03976,18.564260854359578,18.52193577665954,18.464026954924297,18.43268509179714
15.384687259605924,39872027482.9499,39767451494.61555,18.570214511763318,18.521508723300993,18.46647262455357,18.43479451111505
15.570236226327143,39851754284.9012,39766522501.78519,18.5607723624579,18.52107604913746,18.468817934384628,18.436843769872745
15.758023029831811,39860964959.4012,39765581677.25281,18.56506219199657,18.520637864412798,18.471047620845965,18.438834161528412
15.948074659833509,39835271982.78794,39764628968.36372,18.553095805603053,18.520194144603337,18.473132392065075,18.440766949901757
16.14041843155869,39871307779.62776,39763663814.69084,18.5698793132314,18.51974462869272,18.475226875857214,18.44264336547107
16.335081989672556,39857729045.15773,39762686136.487274,18.56355507973175,18.519289279539194,18.47739399624742,18.444464606046356
16.532093312252265,39863284447.754944,39761695654.77212,18.566142483093003,18.51882796720868,18.479466140361627,18.446231839073604
16.731480714808132,39846013875.97382,39760692090.10092,18.55809879324419,18.518360561551205,18.481423802202233,18.447946201258965
16.933272854353273,39848926993.96667,39759675987.4468,18.559455564631055,18.517887316385504,18.48325653848805,18.449608803870223
17.13749873352231,39851677378.85681,39758647136.291916,18.560736543819328,18.517408133663857,18.485077095105364,18.451220733667512
17.34418770473983,39855311757.726166,39757604163.04587,18.56242923916194,18.516922373642814,18.486889774548338,18.452783042885407
17.553369474439055,39866649646.23982,39756547161.21355,18.567709808902197,18.51643007987185,18.488742367697935,18.45429675181522
17.765074107331372,39852206262.609825,39755477012.716,18.560982869009322,18.515931663101664,18.490533083442635,18.455762861983413
17.979332030727445,39867388555.2033,39754392966.11742,18.568053952373763,18.515426773354456,18.49228643035974,18.457182351854378
18.196174038910378,39856126353.31,39753294623.18907,18.562808633330913,18.514915225157026,18.494018990620706,18.458556170379726
18.415631297561585,39866593850.16515,39752181880.53349,18.56768382213551,18.51439697035247,18.495706837523617,18.4598852412709
18.637735348240156,39857880373.05295,39751054377.81323,18.5636255600071,18.513871841115265,18.497363739208954,18.461170463787944
18.862518112916142,39861425197.304955,39749912029.26311,18.56527654569611,18.513339797500677,18.498953274976348,18.46241271343371
19.090011898558522,39844486985.22858,39748755249.2966,18.55738765086029,18.512801032519885,18.500430580788734,18.463612846798544
19.320249401778593,39865860416.03998,39747583473.04926,18.56734222854485,18.51225528308986,18.501898623442614,18.46477169931619
19.553263713529255,39857375657.31663,39746396088.25402,18.563390490960387,18.511702264050005,18.503402007116,18.465890080131484
19.789088323861044,39874064791.38223,39745193884.47873,18.571163378851438,18.511142343137944,18.504915870406258,18.466968780243707
20.027757126735455,39869453601.96936,39743976389.44452,18.569015738464,18.51057530039195,18.506459799236755,18.468008573620764
20.269304424896426,39935050348.53391,39742740546.0164,18.59956712327879,18.509999711965378,18.508305939237665,18.469010196336033
20.513764934800466,39848784331.24461,39741487719.9995,18.55938912012049,18.509416213975722,18.50998928273838,18.469974357838876
20.76117379160629,39844580542.95644,39740220292.84498,18.55743122494431,18.508825915572974,18.511136321261375,18.470901771478406
21.011566554224647,39855546624.92234,39738936286.71167,18.562538627484784,18.508227895586653,18.51229399480245,18.47179313578581
21.264979210429043,39866389304.59516,39737635106.152145,18.567588555971433,18.50762187668984,18.513544559580357,18.472649118591278
21.52144818202804,39858088603.0234,39736316948.491104,18.56372254216384,18.507007950785614,18.51477888768146,18.47347036973262
21.78101033010006,39879882959.694855,39734980804.99161,18.573873164143322,18.506385648059354,18.516059414417633,18.474257519135225
22.043702960291224,39855361990.2489,39733627040.3683,18.562452634729752,18.50575513837524,18.517293028306494,18.475011178292668
22.309563828177094,39856051091.94504,39732255800.76077,18.562773580694266,18.505116489797118,18.518366764893365,18.475731947022393
22.578631144689147,39876433741.122574,39730865408.35241,18.572266706362548,18.504468920889572,18.519531970482298,18.476420402420246
22.85094358160664,39837197822.42174,39729456751.67062,18.55399275660787,18.503812845480176,18.52056358190937,18.477077103639864
23.126540277114675,39844595280.40513,39728029896.05213,18.557438088843657,18.503148293999217,18.521396636575346,18.47770260182294
23.405460841429427,39862374569.806915,39726583436.544556,18.565718711598524,18.50247461209654,18.52234920245195,18.47829742761414
23.687745362491093,39828102619.49336,39725118531.4021,18.549756707425765,18.50179233922375,18.523186486122334,18.478862097809884
23.9734344117255,39862077609.912544,39723634760.55266,18.56558040388537,18.501101279734183,18.52400455164926,18.479397120983236
24.26256904987534,39867952764.44152,39722130577.16412,18.56831673024699,18.500400713197852,18.525022166534562,18.479902982769246
24.555190832901552,39874235222.41792,39720605404.59892,18.571242756327127,18.49969037104845,18.5260827614038,18.480380145613953
24.851341817956033,39859485839.5908,39719059604.979,18.56437329870717,18.498970421942616,18.52707081986585,18.480829059854724
25.15106456942623,39834848505.798965,39717493976.18794,18.552898573131504,18.49824123749098,18.527817839184856,18.48125017157402
25.454402165052805,39865776942.81042,39715907457.97967,18.567303351269807,18.49750232388878,18.528583706980882,18.481643914776825
25.76139820212097,39837589471.7745,39714299437.41648,18.55417516550336,18.496753395663085,18.52934459736414,18.48201070396934
26.072096803726463,39876269718.03401,39712669214.779106,18.572190313358938,18.49599412692284,18.530147562703633,18.482350936592354
26.38654262511724,39804463946.47286,39711017887.86524,18.538747103538633,18.495225028962306,18.530745091290147,18.48266500292628
26.70478086011153,39872471324.148254,39709344048.8114,18.570421228772283,18.4944454460755,18.5313121307037,18.48295328221151
27.02685724759327,39839916571.52307,39707646652.245186,18.555259001572136,18.493654891385006,18.53205800847327,18.483216131180676
27.35281807808605,39825500511.95639,39705927617.05504,18.548544787736834,18.492854258604343,18.53252766890341,18.483453903032085
27.68271020040616,39840148566.58591,39704185060.51613,18.55536705221201,18.492042670863032,18.532988443368655,18.483666942669984
28.016581028395926,39847680501.05989,39702418078.659485,18.558875016258487,18.491219707141653,18.53356043672767,18.4838555714849
28.354478547738374,39826056467.886894,39700628056.41011,18.548803721669724,18.490386012462697,18.534040165803756,18.484020105982257
28.696451322853907,39841312586.95528,39698814313.63848,18.55590918937733,18.489541270058947,18.534474616023545,18.4841608589891
29.042548503880234,39861358783.21644,39696975196.03089,18.56524561363802,18.488684709441358,18.535093700676622,18.484278123009272
29.39281983373656,39842500932.737946,39695111023.440384,18.556462655992686,18.487816479580022,18.53570338782389,18.484372176319546
29.747315655272857,39870350075.657196,39693224075.2758,18.569433266985577,18.48693764209919,18.536349781532646,18.48444330500918
30.10608691850536,39850198319.81648,39691314595.72023,18.56004767883331,18.486048310726012,18.537021741391136,18.484491802245252
30.469185187939466,40030155437.55142,39689372528.225784,18.643861883683705,18.485143801669288,18.538566072660437,18.48451789977203
30.8366626499808,39884543969.31947,39687399274.18947,18.57604400806661,18.48422476762327,18.54025253996519,18.484521776470327
31.208572120435743,39818285345.9209,39685404323.25485,18.545184357142368,18.483295628346067,18.54073275249518,18.48450366733817
31.58496705210235,39836455722.45355,39683383699.37193,18.553647126940447,18.48235453201056,18.540939068968555,18.484463831780182
31.965901542452947,39876759727.07015,39681333146.60737,18.572418532827278,18.481399496435255,18.54146384259683,18.4844024776287
32.35143034140928,39807629198.51152,39679255161.68738,18.54022130520462,18.48043168445898,18.541813523432545,18.48431979830961
32.74160885921138,39850119005.39106,39677149361.6122,18.560010738502285,18.47945091770134,18.542011629654233,18.484215994232766
33.13649317438156,39846949438.48467,39675013378.52891,18.55853452720638,18.478456093345663,18.542420468894566,18.48409124581737
33.53614004178425,39828189394.95057,39672848735.58885,18.549797122698237,18.47744792079273,18.54269811699163,18.483945724676477
33.94060690078302,39844552135.68994,39670654687.23328,18.557417994389812,18.47642605280195,18.542957122318025,18.483779602572437
34.34995188349621,39844054841.28139,39668429405.38216,18.557186381792576,18.47538963795342,18.5432969661559,18.483593032963203
34.764233823151955,39852299224.45701,39666172807.87571,18.561026165564645,18.47433863798159,18.543671789596267,18.483386155189667
35.1835122625439,39812853146.20799,39663886370.78649,18.542654334961213,18.473273740360504,18.54386401053475,18.48315911303349
35.60784746258914,39866421944.9879,39661567584.94578,18.567603758085127,18.4721937764563,18.54413267096555,18.482912041038297
36.03730041098919,39836636871.533714,39659215169.56521,18.553731496296347,18.47109814974766,18.544523428656245,18.482645049690923
36.4719328309954,39840138912.359055,39656830078.54159,18.555362555799988,18.469987304507658,18.544761021434738,18.482358245130964
36.91180719028024,39831381344.880486,39654410699.192345,18.55128375878502,18.468860489636757,18.544963584138078,18.48205172726387
37.356986709915475,39838445446.522125,39651954819.63695,18.55457383182869,18.467716674961714,18.545152527863085,18.48172557250755
37.807535373458514,39826927397.69813,39649490806.73944,18.54920935324756,18.466569072219766,18.54531180745562,18.481380000782238
38.26351793614863,39836099898.33343,39647016349.00511,18.553481403483268,18.46541660484282,18.545455056892052,18.481015369535243
38.724999934213855,41174476584.46768,39644445346.73279,19.176824226209906,18.46421917228869,18.55307353023905,18.480631537194647
39.19204769429011,39771019213.58895,39641820029.05167,18.523170372101827,18.462996442581233,18.560061772256418,18.48022812774508
39.66472834295417,39799893917.68033,39639196518.846535,18.53661863352194,18.461774554697453,18.55934801055895,18.47980531716407
40.143109816371364,39865859455.06746,39636532769.032974,18.567341780976292,18.460533925400018,18.55917563564721,18.47936335167194
40.62726087005974,39814309672.64189,39633830236.46026,18.5433327054888,18.459275233209816,18.5590829924659,18.47890224915106
41.11725108877194,39817963303.58975,39631090905.08395,18.545034367398962,18.457999402145074,18.558730118513463,18.47842204606107
41.61315089649633,39812298375.344986,39628312969.264145,18.54239595296809,18.456705591237274,18.558374199931997,18.477922778856275
42.11503156657874,39818035538.34157,39625496301.09923,18.545068010404375,18.45539374091681,18.558027489307072,18.477404472515136
42.62296523196612,39815203907.72414,39622640648.37543,18.54374919139006,18.45406373371628,18.557704739820327,18.476867149323056
43.13702489557402,39843031256.69608,39619743495.3926,18.556709651951632,18.45271439795984,18.55752855642752,18.476310815691523
43.65728444077888,39834432231.343544,39616803692.57277,18.55270469520703,18.451345198236805,18.557461428440938,18.475735457703372
44.18381864203688,39807927243.91077,39613821511.53511,18.540360118486703,18.44995626105256,18.55720162381565,18.475141056974277
44.71670317563108,39815141083.00012,39610796648.81493,18.543719931062075,18.448547445069817,18.556842656964974,18.47452759536077
45.25601463054789,39753553420.647156,39607732092.65882,18.515035758889947,18.44712014205076,18.556189929654813,18.473895070070498
45.80183051948482,39833068466.96459,39604623535.343575,18.552069528182443,18.445672345693005,18.55565624145881,18.4732434708562
46.35422928999115,39816312631.170715,39601466567.58806,18.5442655742664,18.444202002394015,18.555478266853815,18.47257273961682
46.91329033574276,39792721486.65671,39598265248.51071,18.533278106563873,18.44271100266965,18.55508168153026,18.471882817975978
47.479094007952895,39768787559.04202,39595021685.67956,18.522130989199358,18.44120032811008,18.554432276717705,18.471173682898446
48.05172162692088,39827471053.91929,39591732011.61483,18.549462558647054,18.43966817745429,18.553992709014288,18.47044530198743
48.631255493719785,39839960297.08766,39588391758.015305,18.555279366553936,18.438112469611404,18.553954699968862,18.46969759760385
49.21777890202509,39832381757.05413,39585001160.547325,18.551749696181172,18.436533314341954,18.55394402095814,18.468930470751445
49.811376150086275,39790587810.52816,39581562536.58975,18.532284356661822,18.434931790954543,18.553660066948826,18.468143838933766
50.41213255284251,39793853176.24247,39578076551.63546,18.533805185814543,18.43330820939944,18.553171761683355,18.46733763801126
51.02013445418457,39806263946.307106,39574541314.20506,18.539585445232124,18.43166168872876,18.552781815617944,18.466511798515395
51.6354692393646,39838032636.78677,39570956201.88667,18.55438156758175,18.42999193905702,18.55264549391199,18.465666238795883
52.2582253475557,39849707588.999,39567317391.24061,18.55981912319861,18.428297179634665,18.55275142341759,18.46480085450249
52.8884922845628,39910826146.1405,39563618205.38016,18.58828481176317,18.426574300732238,18.55325809267372,18.463915485730762
53.526360635686835,39769732739.4374,39559867259.30156,18.522571202647292,18.424827314744846,18.55330483575473,18.46300998756326
54.171922078744295,39786968700.89533,39556069503.50016,18.530598772896315,18.423058527343066,18.55267236473904,18.46208429323786
54.825269397243595,39862305945.549866,39552213405.89137,18.56568675016454,18.421262567511224,18.552567541797963,18.461138300717305
55.48649649372027,39856250736.354324,39548296296.88362,18.562866564165148,18.419438191899246,18.552844751447797,18.460171832321777
56.15569840323338,39816725966.50796,39544323259.22356,18.54445808331002,18.417587767773153,18.55286281408117,18.459184728151182
56.83297130702432,39814385522.045425,39540294213.05645,18.543368032001727,18.415711257940966,18.55265070093217,18.458176859524844
57.51841254634043,39848630119.949684,39536203224.72084,18.559317296914905,18.41380589882699,18.55262084370467,18.45714806743955
58.21212063642555,39815856641.89234,39532050258.86826,18.544053199344706,18.411871673967838,18.552597593924332,18.45609816392218
58.91419528067912,39788546021.86758,39527837129.958115,18.53133340292788,18.409909428439676,18.552243581366323,18.45502697532987
59.6247373849859,39806462120.425804,39523560032.64888,18.53967774392189,18.40791738992209,18.551847620500016,18.453934320963775
60.34384907221895,39765556700.868835,39519221147.365776,18.520626231776152,18.40589657393816,18.551332259353615,18.452820015639134
61.07163369691718,39772877809.038666,39514826602.98004,18.524036004435334,18.40384983498165,18.55064541252471,18.451683924532944
61.808195860139854,39847628964.73204,39510367536.59425,18.558851013449406,18.401773045198592,18.550429875042553,18.450525900436517
62.553641424500675,39976245335.36076,39505827780.9273,18.61875350005662,18.399658674751734,18.55134323889841,18.449345661291453
63.308077529382736,39793781349.87462,39501217743.358215,18.533771733012095,18.397511570830275,18.55192758931875,18.448142900822305
64.07161260633724,39771184889.087524,39496546261.45006,18.523247534707846,18.395335849488806,18.551372028755043,18.44691742613556
64.84435639466776,39799057553.18412,39491803905.31608,18.53622910058155,18.393127118800685,18.55086040919007,18.445669045035636
65.62641995720267,39759638520.79989,39486991711.44948,18.517869866465997,18.390885861507883,18.550294982122136,18.44439752391874
66.41791569625771,39791017894.12823,39482106559.07367,18.532484666132284,18.388610624122972,18.549700936219473,18.44310262307875
67.21895736979077,39797375451.98022,39477144364.448006,18.535445669636125,18.386299504662414,18.549328337952602,18.441784068708195
68.02966010775216,39731968499.686386,39472111373.853294,18.504982680635216,18.383955412302942,18.54863640826207,18.44044160575933
68.85014042863149,39791228470.05449,39467004010.045364,18.53258274090722,18.381576680959434,18.54793108051183,18.439074999627593
69.68051625620426,39804355536.77002,39461815542.10231,18.538696612215166,18.379160175735787,18.547640309275536,18.437683964290436
70.52090693648064,39785824780.6891,39456547354.53388,18.53006599729008,18.37670654146109,18.54732556689888,18.436268191272983
71.37143325485853,39788151280.36893,39451200741.5126,18.53114955387958,18.374216380890275,18.54692956943946,18.43482739418446
72.23221745348323,39775299322.01892,39445778408.39954,18.525163813035125,18.37169095403289,18.5464843811446,18.433361315531975
73.10338324881701,39849001002.95088,39440275429.285416,18.559490033977095,18.36912796666921,18.546388320908694,18.43186969141959
73.98505584942022,39899704690.541046,39434680953.50611,18.583105044663206,18.366522365152033,18.546980141690618,18.430352176965535
74.87736197394675,39873760245.53362,39428990499.25963,18.57102153801478,18.363872062102562,18.5476920073457,18.428808351077684
75.78042986935695,39775789654.37912,39423211347.248215,18.52539218309017,18.361180448474588,18.547700965169522,18.42723781847136
76.69438932934987,39669833091.990204,39417353093.605835,18.47604339857369,18.358451993623632,18.54658434560321,18.42564028641584
77.61937171301778,39749612685.89993,39411410464.83924,18.513200379697828,18.355684241444322,18.545355900382514,18.424015492472723
78.55550996372601,39745609391.04919,39405375757.09284,18.511335863423504,18.35287360390114,18.544571859287412,18.42236310874261
79.50293862822011,39844628434.25959,39399242797.71921,18.5574535300998,18.35001720611176,18.544334018734837,18.420682738586223
80.4617938759637,39754290047.515335,39393013398.96182,18.515378839486065,18.347115892120307,18.54414344351022,18.41897397096834
81.43221351870939,39806788257.20573,39386685127.98891,18.539829640636093,18.344168528846495,18.543753336337776,18.417236401027633
82.41433703030589,39742013082.384,39380256029.870125,18.509660899104432,18.341174205790463,18.543300859051673,18.415469609302416
83.40830556674398,39700519002.61769,39373733889.76977,18.490335221157455,18.338136548856887,18.542273565995057,18.413673218757324
84.41426198644395,39750747628.24529,39367111340.65836,18.513728973906407,18.335052126885465,18.541321834683647,18.411846863095462
85.4323508707883,39768667256.42301,39360380307.1188,18.522074958804556,18.331917178787602,18.540767568701913,18.40999009947611
86.46271854490156,39743449805.89522,39353541880.30376,18.510330046511317,18.328732212762674,18.540184744356928,18.40810245732
87.50551309868081,39716594597.69237,39346597029.71908,18.49782235606848,18.325497680353585,18.53932838021804,18.4061834885617
88.56088440808018,39718514221.397896,39339543427.52301,18.498716412033122,18.322212497378686,18.538355682592574,18.40423274814806
89.62898415665175,39694903828.6806,39332376180.11605,18.487719979567917,18.318874384666383,18.53728551392508,18.40224976164322
90.70996585734608,39714516804.21944,39325091979.57524,18.496854633257797,18.315481801566683,18.536220074466307,18.400234020654818
91.80398487457624,39606164511.10402,39317701597.31726,18.44639004810834,18.31203976481765,18.534686055230292,18.39818507047819
92.91119844654749,39701025315.95795,39310198051.15401,18.490571034280894,18.30854502249711,18.533120665231117,18.39610248750014
94.03176570785615,39765753855.880974,39302562285.56886,18.520718055821696,18.304988699585305,18.532471847393126,18.393985714089887
95.16584771236167,39663440799.34704,39294805861.45154,18.473066217499657,18.30137618051377,18.531625516784025,18.39183416549126
96.31360745633391,39661919644.130135,39286935216.447495,18.47235774641186,18.297710463586444,18.5302296993911,18.38964736993361
97.47520990187972,39745304624.593994,39278937253.34921,18.51119391984034,18.293985448838807,18.529321416083963,18.38742482943539
98.65082200065248,39732701435.79853,39270809724.6418,18.505324042278584,18.290200089501067,18.528821992501335,18.385165973512454
99.84061271784705,39762129612.47046,39262546595.15318,18.5190300810227,18.286351574719426,18.528428617512034,18.382870199374214
101.04475305648423,39765665684.85339,39254143986.2804,18.520676990568703,18.28243809805229,18.528225575418883,18.380536863886576
102.26341608198875,39618921393.755264,39245615968.83382,18.452331507880768,18.27846621291525,18.52723226956843,18.378165395978197
103.49677694706244,39765440584.63117,39236953037.21765,18.520572151169326,18.274431492120534,18.52627095346588,18.375755262514826
104.74501291685849,39703164623.0085,39228145156.04155,18.491567406759128,18.270329261730964,18.525790291966043,18.373305835164622
106.00830339445916,39769150424.37172,39219187597.96964,18.5222999920677,18.266157320011473,18.52534572774398,18.3708164192091
107.28682994666,39674961537.24287,39210080074.36102,18.4784319485037,18.261915532528874,18.52475079767351,18.36828630886168
108.58077633006585,39619583386.14679,39200834352.13136,18.452639827810597,18.257609379670345,18.52334605907848,18.365714878783443
109.89032851750162,39665529330.86025,39191444038.93222,18.474038941503512,18.25323588422883,18.5219259130291,18.363101547502723
111.21567472474072,39710711944.34343,39181896275.81958,18.495082537165747,18.248789057209937,18.52104215941304,18.36044564089743
112.5570054375567,39744510643.66467,39172182444.4404,18.510824126852462,18.244264884655138,18.520614720466895,18.357746382462928
113.91451343910114,39661633105.82688,39162305574.27545,18.472224292507125,18.239664777531257,18.519922773368272,18.355002983641818
115.28839383761098,39646250652.62565,39152268671.883865,18.465059985254722,18.23499013612946,18.51870733464142,18.35221470786015
116.67884409445062,39605763841.26918,39142076648.26256,18.44620343796456,18.230243247724108,18.517211621302252,18.349380879740202
118.08606405249265,39662874390.013435,39131723653.63029,18.472802414942063,18.225421387806335,18.51584628772488,18.346500834369877
119.51025596483952,39807228409.70273,39121192467.74711,18.540034639649267,18.220516536128113,18.515627701115243,18.34357379493274
120.95162452389278,39716834413.949425,39110481573.71941,18.497934049393802,18.215527986203178,18.515704236599703,18.340598900159865
122.410376890773,39854032251.09448,39099579826.336945,18.56183331479793,18.210450547200807,18.516044710291023,18.33757523900993
123.88672272509324,39607457135.77774,39088500679.31121,18.446992082140458,18.20529048512563,18.515760972664065,18.334501935575695
125.38087421509283,39691756538.41304,39077243949.758865,18.486254143514696,18.20004771480056,18.514599596667082,18.331378207468216
126.89304610813464,39691198378.52855,39065787438.86739,18.485994183100313,18.19471189723016,18.513924944224947,18.328203166622977
128.42345574156886,39582505561.38428,39054144812.92209,18.435371000441236,18.189289397424325,18.512659943035747,18.324975900126006
129.97232307397022,39625684961.43366,39042312166.9948,18.455481608605048,18.183778396680623,18.51106848577982,18.32169556996585
131.53987071675215,39638513799.46713,39030270088.21149,18.46145658126778,18.178169853541718,18.50982273632572,18.318361228823903
133.12632396616075,39618404768.16237,39018016360.87868,18.452090891872803,18.17246273605851,18.508565245548606,18.314971833065414
134.731910835656,39481198689.793846,39005568894.79749,18.388187788156525,18.16666538563899,18.5064657400557,18.311526451033885
136.3568620886835,39567184668.747986,38992919348.1772,18.428235364740512,18.160773917132254,18.504140766687602,18.308024225065612
138.00141127184006,39648052402.74076,38980040571.18328,18.46589914213353,18.15477568562701,18.502791267369357,18.304464121381084
139.66579474844085,39571263707.052475,38966939296.95276,18.43013515818213,18.148673827051038,18.50149103102764,18.30084501917102
141.35025173249107,39542470173.15831,38953620406.2315,18.416724701410274,18.14247061458941,18.499640671594577,18.297165888194613
143.05502432306622,39597825379.772385,38940072129.225334,18.442506135815783,18.13616056651431,18.49798347865949,18.293425684060626
144.78035753910876,39524235564.25339,38926289960.04556,18.40823201567847,18.129741584228665,18.49626067980758,18.289623297565793
146.5264993546428,39613350364.14935,38912263216.659,18.449736826311653,18.12320869262436,18.49466973192292,18.28575756178723
148.2937007344144,39449814020.848816,38898001576.65234,18.373570522080975,18.116566398993157,18.492697524643347,18.281827332580175
150.0822156699622,39535644862.461464,38883503469.14816,18.413545844157426,18.10981397170607,18.490351574695534,18.277831537260813
151.8923012161215,39571833443.53314,38868740151.038086,18.430400510343258,18.102938023791793,18.488732764859254,18.273768960413033
153.72421752796987,39536483022.6209,38853709085.994026,18.413936213419753,18.095937373967104,18.487154565943506,18.269638243708805
155.57822789821867,39403573049.981476,38838424084.398865,18.352034001305704,18.088818454354698,18.484682209576015,18.2654381237428
157.45459879505376,39428608154.72636,38822886148.57604,18.363693986884208,18.081581731782133,18.481678486996515,18.2611674483427
159.35359990043426,39455713099.182724,38807081893.29641,18.376317990845365,18.074220972140125,18.47903366202108,18.256825023838765
161.2755041488532,39553042859.62323,38790987557.5454,18.421648881794706,18.06672510884478,18.477140347672904,18.252409479556132
163.22058776656405,39523160913.69513,38774598554.02528,18.407731502094087,18.05909200538314,18.4756598034855,18.247919321525245
165.189130311282,39362837636.4833,38757937973.561806,18.33306166870461,18.05133241620174,18.473160627416526,18.243353194173842
167.1814147123639,39506928196.39132,38740978927.137085,18.40017118822318,18.043433817863423,18.470641169840643,18.238709751437458
169.1977273114714,39464924891.63307,38723700583.42791,18.3806083410643,18.03538650827465,18.468738481328028,18.23398741606131
171.23835790372596,39286853441.44591,38706135143.08568,18.297672377253317,18.02720548474159,18.465662180878194,18.229184712638965
173.30359977936027,39378220854.70813,38688268764.38884,18.340226332263253,18.018884300545714,18.462189313029544,18.22430030048571
175.3937497658705,39473581134.49643,38670064351.25795,18.384639946602974,18.010405678357618,18.459829064372457,18.219332588878423
177.5091082706783,39331406690.34221,38651535649.57005,18.31842284923657,18.00177602025669,18.457258596987675,18.214279897635393
179.64997932430765,39340134503.8387,38632689261.03847,18.322487788470415,17.992998400960722,18.454017771106173,18.20914069840629
181.81667062408056,39396452838.41023,38613502477.35424,18.348717795318848,17.984062244178645,18.451214170797336,18.20391340921798
184.00949357834142,39393065349.404625,38593962800.185524,18.347140087801534,17.97496172886954,18.448767046823527,18.1985962916737
186.22876335121506,39372451956.03766,38574068232.93363,18.33753949408195,17.965695925126695,18.44624491293952,18.19318756893868
188.4747989079024,39301808709.63756,38553820705.67389,18.30463772504053,17.95626573187387,18.443277399868474,18.187685506037404
190.74792306052458,39348176787.22654,38533206183.466995,18.32623344519029,17.946664612402248,18.44025013188954,18.182088341786436
193.04846251451977,39319499898.973236,38512216785.57965,18.31287731559238,17.93688889629633,18.437389708830977,18.176394236018936
195.37674791559772,39284053157.76687,38490854771.88466,18.296368157932246,17.92693963608154,18.434243049374768,18.17060136148901
197.73311389726268,39368640741.87308,38469093637.76079,18.335764438509045,17.91680448735171,18.431446028002952,18.164707799527793
200.11789912890913,39314535378.10323,38446918777.52274,18.310565112694157,17.90647664757569,18.428878862015267,18.158711450504025
202.53144636449608,39180066834.92926,38424350284.985,18.247937003479176,17.895965475355712,18.425329464539182,18.152610295956958
204.97410249181,39180175437.686584,38401387328.79168,18.247987584716885,17.88527058349157,18.421127322400675,18.146402470829056
207.44621858232193,39302190854.90748,38377996883.333084,18.304815707452885,17.874376590456542,18.41770254724297,18.140085966389968
209.94814994164432,39293742193.759056,38354163574.523224,18.300880782148912,17.863276335840357,18.414981163840686,18.1336585550541
212.48025616059775,39249152804.20737,38329890761.05023,18.280113477820645,17.851971383936664,18.41203043966094,18.12711799633984
215.04290116689413,39233049034.76608,38305168890.14563,18.272613220827182,17.840457285587217,18.408815710900555,18.12046206824579
217.63645327744084,39222698603.85026,38279984222.83554,18.26779255494862,17.828727641927742,18.4055313827284,18.11368847277079
220.26128525127794,39160379409.582855,38254330548.007256,18.238767675131793,17.816779560160896,18.401922216740104,18.106794856538325
222.91777434315375,39151901558.42638,38228204893.100685,18.234819154715016,17.804611655830403,18.398009739497997,18.09977887136679
225.60630235774448,39107117103.820854,38201593426.155876,18.213960999729732,17.79221748676415,18.393894897884138,18.092638131634676
228.32725570452996,39220406852.209015,38174475240.2099,18.266725182099226,17.77958731563975,18.390260727328474,18.085370116345523
231.08102545333108,39022488046.43031,38146860130.23157,18.174545403160366,17.766725704419127,18.386235451832746,18.077972303938367
233.86800739051486,39221116408.39868,38118721713.93027,18.26705565465059,17.753620365671058,18.382322571210928,18.07044213988102
236.68860207588085,39137165595.8956,38090038600.4859,18.22795594753673,17.74026133671887,18.379125744299515,18.062776866755375
239.54321490022994,39045118653.02751,38060832027.24667,18.18508550471956,17.726658508760398,18.37503337841017,18.054973793034506
242.4322561436301,39162664112.19159,38031072722.43191,18.23983176492652,17.712798248597622,18.371185579076194,18.047030244960858
245.35614103438468,39152366136.67186,38000737100.62761,18.235035529908874,17.698669571431793,18.368016415855276,18.038943320688826
248.31528980870976,39101170358.582634,37969824731.55682,18.211191330322585,17.684272276863396,18.364581711679502,18.03071005538981
251.31012777113347,39100415621.78998,37938317684.95862,18.21083981511194,17.669598013955373,18.360943430025873,18.022327452600315
254.3410853556237,39042224697.777275,37906200014.81348,18.183737658292454,17.654639355922033,18.35706423299912,18.013792400012818
257.408598187451,38952523960.74449,37873471894.20901,18.141959950116608,17.63939638337814,18.352459955393517,18.005101772567023
260.5131071457995,38913985932.935455,37840125693.3658,18.12401103985414,17.62386554278882,18.347258938112862,17.99625247784302
263.6550584271334,38963469366.65793,37806140141.989784,18.147057722880177,17.608036927611852,18.34224444086525,17.987241336788095
266.8349036093247,38944512251.43288,37771494599.939766,18.138228533132956,17.591900924795837,18.337514901577492,17.978065014460775
270.05309971655794,38996652739.153496,37736165596.480125,18.162512726911007,17.57544660295296,18.333082843152315,17.968720011469436
273.31010928501604,38858969148.98862,37700154230.11604,18.098387224258683,17.558674473706997,18.328277554522685,17.959202788710403
276.6064004293574,38846468341.7377,37663454963.75159,18.092565030433224,17.541581958180824,18.322761658618745,17.94950986621978
279.9424469099964,38920532825.02927,37626036908.61461,18.127060224915507,17.524154670070036,18.31771896430179,17.939637644674097
283.3187282011958,38825114293.93238,37587890307.91677,18.08261948029513,17.50638806519507,18.31267232155059,17.929582386474628
286.7357295599775,38928843824.75865,37548980532.93897,18.13093103504293,17.488266015388316,18.307797682003557,17.91934019686806
290.1939420958668,38788557675.622406,37509292007.40688,18.06559340244817,17.469781266071227,18.302828772458522,17.908906997015272
293.69386284147885,38610231487.895676,37468839012.06816,17.982538795792752,17.450940468436727,18.29621848838351,17.898278798551907
297.2359948239523,38687034052.253586,37427588966.97577,18.01830923901362,17.431728448523437,18.289213127861046,17.887451605095567
300.8208471372484,38571637549.80928,37385515877.96772,17.964563845574215,17.412133099669255,18.282154451310912,17.876421191999682
304.44893501532135,38586798178.04437,37342612905.78401,17.971624838862784,17.3921512365201,18.27471430657778,17.86518325419299
308.1207799061689,38461563100.046555,37298874487.12149,17.913297173839698,17.37178026799296,18.266838489578888,17.853733520214185
311.836909546778,38633699674.58823,37254254418.75314,17.993468996452076,17.350998675146094,18.259417862708545,17.842067532851722
315.5978580389755,38587372062.039536,37208711423.13243,17.97189212270983,17.329787233150913,18.252859928583266,17.830180458009863
319.4041659261899,38360108691.319885,37162272296.681885,17.866045246808294,17.308158422318698,18.244941931607073,17.81806749847763
323.2563802711419,38365342968.796074,37114918518.40261,17.868483087612567,17.286103616578895,18.235994242480313,17.80572401485684
327.15505473447257,38495850283.62146,37066604043.40471,17.929266272834287,17.263601370734538,18.228011592640836,17.793145120533634
331.100749654316,38312761959.27678,37017335481.33795,17.843993722820773,17.240654763199792,18.21991759674912,17.780325828837118
335.0940321268354,38584773186.283806,36967055716.91416,17.970681708208236,17.217237192790314,18.21252101552949,17.767260990483884
339.13547608772984,38527743865.76482,36915692219.954285,17.944120562905287,17.1933148789068,18.206474882936384,17.75394486240018
343.2256623947215,38150922085.25369,36863298624.242836,17.768617541400086,17.168912801239184,18.19816778735041,17.74037173749369
347.36517891104063,37900984251.35683,36809891735.08151,17.65221013793772,17.144038786779905,18.186603757663562,17.726536431289855
351.5546205899174,38392718860.51982,36755366651.99812,17.88123328402478,17.118643978613623,18.17667226252641,17.71243339208257
355.79458956008955,37940293892.280235,36699725042.23142,17.670518423480516,17.092729153249167,18.16716171615759,17.698056633664393
360.08569521234466,38188770992.52392,36642953933.07269,17.78624549692215,17.06628826870676,18.156774455732304,17.68340024879349
364.428554287106,38198434772.64731,36584986673.40382,17.790746358333386,17.039290282532857,18.148049597824006,17.66845802910767
368.82379096307136,37987966487.38652,36525839167.261925,17.69272171669992,17.01174260196004,18.138416294588627,17.65322363608178
373.2720369469261,38218994763.81385,36465467086.44062,17.80032208022227,16.983624581328847,18.12913925520855,17.637690722548715
377.7739315641329,38064406223.35547,36403837352.91472,17.728323174257426,16.95492081470027,18.120490983947874,17.62185266502575
382.3301218508199,38205850249.777336,36340923154.91202,17.794200082904343,16.925618814613987,18.111984875222486,17.60570266673726
386.94126264677766,38095712978.78671,36276675658.16349,17.74290415247014,16.89569583673246,18.103844696167517,17.589233673854892
391.60801668957356,38101774298.37943,36211062384.426155,17.74572718435908,16.865136754462505,18.095327010446514,17.57243835159401
396.33105470980524,37786220215.54532,36144075338.50666,17.598759312941002,16.833937844079372,18.085292963229083,17.555309316454913
401.11105552750286,37788706851.41064,36075693321.91679,17.59991745222678,16.80208923248409,18.07377991165826,17.537839198363027
405.94870614969005,37717160988.44637,36005860432.86418,17.566595293647218,16.76956488367244,18.062156164975587,17.520020375330915
410.84470186912574,37751840943.85901,35934539389.42623,17.58274732432954,16.73634743375942,18.050607923103193,17.501844892454912
415.7997463642362,37541037261.11206,35861720699.50168,17.48456647285028,16.70243246184226,18.03835345660695,17.483304726155993
420.81455180024926,37704732826.09631,35787350331.14119,17.560806933852213,16.667794802787583,18.026141801801757,17.464391691002017
425.88983893155137,37712880674.794846,35711358396.55186,17.564601757132916,16.63240190667536,18.015162408430037,17.44509711127757
431.02633720527984,37487205654.346924,35633737337.54589,17.459494648108763,16.596250253314178,18.003235269127156,17.425412091589006
436.22478486616023,37467120176.765976,35554456137.76936,17.45013992875297,16.559325396979002,17.990241601329558,17.40532773369232
441.48592906261183,37403604376.04976,35473454946.88696,17.420557734953295,16.52159946264979,17.97709309791935,17.384834847878196
446.81052595413337,37389214767.28878,35390680394.98537,17.41385584045982,16.4830475935334,17.963827913235995,17.363923837716758
452.1993408199794,37152690174.38525,35306113535.15278,17.303695592666944,16.44366096519229,17.949485321670352,17.342584936288816
457.65314816915196,37100897458.211006,35219712067.17274,17.27957337189666,16.403419876494038,17.933897944995728,17.320808269387744
463.17273185171797,37200074090.939285,35131400451.84341,17.32576443517043,16.362289145400734,17.91894627904709,17.298583545505057
468.7588851714661,36902941058.64116,35041141697.74131,17.187376083821444,16.320251543326016,17.903243579143595,17.275900097380564
474.41241099992544,37118488137.05394,34949038987.19613,17.287766150146037,16.277355126968203,17.88747973537863,17.252747880302813
480.1341218917604,36811786599.80902,34855050881.83233,17.144921311363728,16.233580596593335,17.871569179311084,17.229117423406795
485.9248402015522,40663936462.879265,34758620757.54541,18.939042498686447,16.188668707069535,17.875733955646286,17.20499616355839
491.7853982019932,36892323160.96628,34659891864.60185,17.18243084652267,16.142686176553504,17.87999227070381,17.18036957775775
497.7166382035078,36328100434.85672,34559207785.19177,16.91964669137162,16.095793026879484,17.86033421921489,17.155226179644124
503.71941267531,36816560968.86888,34456241015.54838,17.14714495192572,16.047836724665387,17.840758722275144,17.129554821503252
509.79458436792675,36354208319.25517,34350915849.889275,16.9318063191692,15.998782010289176,17.821759601373852,17.103342403481157
515.9430264371982,36070667401.35593,34243268391.94682,16.79974843296056,15.948645698899135,17.79910129444476,17.076575921289177
522.1656225697697,36134386398.17797,34133215904.51899,16.829425264417544,15.897389256021686,17.77577849232317,17.049242417518517
528.4632671101007,36448269739.09034,34020611399.44048,16.97561499542393,15.84494422259084,17.755099819095054,17.02132797218553
534.8368651890073,36212631462.23527,33905398109.006905,16.86586754527853,15.791284159307816,17.735324578933884,16.9928178739235
541.2873328537482,35813305908.67726,33787594193.179268,16.679883494360332,15.736417524091426,17.71250923204156,16.963697549376686
547.8155971996863,36056562109.958755,33667092443.426094,16.793178957979425,15.680294385058273,17.689394610906774,16.933952275016
554.4225965035367,36169628156.41744,33543754941.439247,16.845838952197994,15.622850507386886,17.668789201936846,16.903566322716685
561.1092803582181,35783128206.00791,33417540383.86734,16.665828367309626,15.564066654230185,17.647146869200604,16.872523351379957
567.8766098093348,35695334133.60675,33288391036.470615,16.624938679468997,15.503915936129959,17.62341039909848,16.840806860106145
574.7255574933044,35429279394.15642,33156203718.779587,16.501024900928975,15.442350297254265,17.598278148680446,16.808399849634455
581.6571077771479,35451213215.56517,33020890684.610928,16.511240477972237,15.379328870219384,17.572403993334223,16.775284670582373
588.6722568999686,34840396332.75029,32882450222.70712,16.226755307356587,15.314850858014946,17.543872948651362,16.74144360100604
595.7720131161401,35317013322.73829,32740727306.470585,16.448737491428187,15.248844057711887,17.51531341402845,16.7068584690063
602.9573968402125,35667944320.47438,32595518753.173653,16.612181999224365,15.181213837883714,17.491992073451456,16.671509555313992
610.229440793577,34466012928.535995,32446872512.037704,16.052387948463775,15.11198253066107,17.464476787662967,16.635376759700026
617.5891901528903,35115785581.016815,32294669194.42168,16.355016590701897,15.041094531330204,17.43462827125044,16.59844005846821
625.0377027002941,34662085922.20511,32138749611.626728,16.143708048851348,14.968475698482411,17.4065321951696,16.56067836404435
632.5760489754474,34681925045.95291,31979025586.821148,16.152948030035642,14.89408496416146,17.376723742808203,16.522069726047057
640.2053124293863,34507790007.01836,31815364004.02864,16.071845431768928,14.817860330209971,17.346763814135528,16.482591491742227
647.9265895802449,33922859983.056934,31647684837.14971,15.799416947313771,14.739764524837971,17.313312212399865,16.44222037089393
655.7409901708554,34188213599.086357,31475814216.169365,15.923004180825927,14.659716568880883,17.278918100760922,16.40093222116173
663.6496373282415,33310733474.374016,31299688659.930603,15.514321824437477,14.577686896280058,17.241923845840095,16.358702166324004
671.6536677250424,33372779327.6196,31119230431.922573,15.543219396923064,14.493639301610967,17.201338231304106,16.315505139927836
679.7542317428836,33751405963.102757,30934192326.38259,15.719563021379988,14.407458649919825,17.164155897867015,16.271314871022724
687.9524936377117,33655510532.45072,30744365517.01893,15.674900162972106,14.319047681315977,17.129398664133756,16.22610319632623
696.249631707129,33301501963.761127,30549698837.710297,15.51002229057449,14.228382565412359,17.092974157978187,16.179841190585748
704.6468384597479,32289548539.682053,30350151975.761864,15.038709609796022,14.135444526755654,17.049854608328083,16.13250010949428
713.145320786579,34144296547.67764,30145380929.83183,15.90255001491393,14.040073348293635,17.01250128440329,16.084049759379287
721.746300134495,32567016421.743805,29935221291.687233,15.167939007328284,13.942192457643452,16.97745026537659,16.03445786286688
730.451012681785,33531762848.5754,29719525950.769787,15.617265244961446,13.841733338735148,16.939934281281325,15.983691189161409
739.2607095158205,32289450874.85265,29498079074.137886,15.038664122848235,13.73859546836292,16.901702752014373,15.931715290070052
748.176656812871,32678529444.203396,29270831728.778454,15.219875687719448,13.632756056199643,16.85972351262611,15.878495078299704
757.2001360200866,32083093074.634956,29037951593.13186,14.942553920831124,13.524293197712321,16.81756776646091,15.82399696014043
766.3324440396711,35565210793.99492,28798862989.06807,16.564334328947517,13.412938773443798,16.792471929332926,15.768185862189753
775.5748934152812,47890866574.82231,28552259602.683144,22.30495215797561,13.298084373665567,16.855477316723082,15.711017134561512
784.9288125206746,32038028532.20841,28298671677.818005,14.921565316223713,13.179976957022351,16.896598038015842,15.652442964230206
794.3955457506266,31064466211.03911,28038509647.093094,14.4681331161076,13.058807680630688,16.844402471077,15.592421856857516
803.9764537141556,31110324793.278885,27771035258.230583,14.4894915411278,12.934232706867348,16.788358923109893,15.53091145455505
813.6729134300795,29735583536.971886,27496014983.286705,13.849212086096104,12.806143271160176,16.726264493176814,15.467865058182195
823.4863185249237,30849034643.016975,27213085344.9339,14.367796848219358,12.674370085605617,16.664281895505567,15.403233776906632
833.4180794332223,29094307363.342785,26921970410.67235,13.550540640038651,12.538784635903403,16.600134892864077,15.33696635336894
843.4696236002361,30416094344.39784,26622268361.11941,14.166156883470082,12.399199776513115,16.535220784617177,15.269009001151765
853.6423956871075,28788956393.382877,26313643282.42051,13.408324821794764,12.255459057092734,16.47006241070437,15.199305140113115
863.9378577784973,28795083285.610306,25995857393.590622,13.411178393838535,12.107451732235578,16.397558372878716,15.127796368668388
874.3574895927261,28988554577.0745,25668397013.063595,13.501286763318726,11.954938557100682,16.32787949851042,15.054421513799074
884.9027886944416,28900592731.807846,25330793449.676254,13.46031893603302,11.797701240921576,16.2604242478595,14.97911543335412
895.5752707098593,28881316925.7245,24982574514.63317,13.451341317475551,11.635519863925559,16.19397775583356,14.901809337404952
906.3764695445994,27844806029.396477,24623290335.534607,12.968591106269903,11.468184900099198,16.123246903104928,14.822430979347875
917.307937604142,27990525064.34897,24252497418.56477,13.036459080595314,11.295489794225366,16.049316236831334,14.740904895586961
928.3712460169497,26724420895.81181,23869654698.889458,12.446776852521337,11.117182547831199,15.970909073359218,14.657151975188368
939.5679848602816,29403504518.12838,23473830884.756874,13.69454780128097,10.932829416041006,15.902285636458302,14.571086845349049
950.8997633887208,25960878332.470314,23064531009.35934,12.09116039443737,10.742199870327024,15.830872966294468,14.482618301417194
962.368210265473,25854201296.946056,22641293829.051216,12.041476052851992,10.545079088570022,15.74168039851693,14.391652025080687
973.9749737964391,26294253664.60495,22203033743.940994,12.246428431241315,10.34096145758372,15.656458331965098,14.298087377748153
985.7217221671224,25713000730.667778,21748904681.008045,11.975712534653892,10.129452922726866,15.572442525550068,14.201815455687367
997.6101436823909,24514444057.15018,21278223364.628407,11.417490243569121,9.910235251501426,15.480577274535191,14.10272150299566
1009.6419470091245,22901135343.641457,20789875855.989166,10.66609908603731,9.682789631998032,15.375361216231664,14.000683552760607
1021.8188614217956,24461473359.388897,20282312908.68849,11.392819383260212,9.446394509787934,15.272450621428995,13.895567820038957
1034.1426370510137,22262182220.019398,19754402794.85395,10.36850958990003,9.200522787788621,15.168328614798993,13.787228911905268
1046.6150451350566,20492001154.607815,19205005401.878956,9.544055851664325,8.944643463765985,15.044787377356908,13.675512345642144
1059.2378782744452,21101038574.423225,18632315495.87886,9.827712245523388,8.677915758291487,14.917845507195482,13.560251026526693
1072.0129506895892,19341363852.689487,18034644410.7949,9.008151788822344,8.399553182868564,14.787484518615084,13.44126254601921
1084.9420984815295,19554026663.926228,17410044682.336136,9.107198520896095,8.108648714907202,14.651742112171982,13.318348747451717
1098.027179895836,20614483416.56196,16755837200.037539,9.601101405200499,7.803954570956769,14.526267742413065,13.19129061904028
1111.270075589688,20297984369.213043,16069147767.821615,9.453693420879876,7.4841321073345295,14.407825090143353,13.05984369278638
1124.6726889021647,19305194373.124107,15346763329.695555,8.991306019075743,7.147684857901402,14.28494261871627,12.923735696956527
1138.2369461278074,17305789381.270428,14584839873.02908,8.060092285074118,6.7928224913490345,14.148429710743102,12.78266185449844
1151.9647967934795,16058803744.488281,13778875637.29577,7.479314425758221,6.417448333293564,13.997265027492867,12.636278542260388
1165.8582139385567,13846867335.545135,12923446216.434143,6.449115155906226,6.019035991411354,13.830566328609232,12.484195483263033
1179.919194398505,14862952892.3616,12010954735.186142,6.922352358615694,5.594047255782645,13.661326059553865,12.32595973440087
1194.1497590918812,12929616505.863918,11032658133.540218,6.021909775503713,5.1384100861789035,13.490937225465299,12.161038895472272
1208.5519533107824,10447545363.367298,9977482270.921303,4.8658964885112255,4.646966752256461,13.300206500541671,11.988803767806127
1223.1278470148095,16383777059.68943,8828832334.95153,7.630669261588047,4.111988296019106,13.133330124094318,11.808487222644692
1237.879535128577,8991108664.371525,7565889416.750542,4.187567754545501,3.523778405836478,12.961931138800786,11.619133748275921
1252.8091378427982,15755002642.970592,6158480701.101363,7.337820451655551,2.868284230966469,12.79159201548569,11.4195288313468
1267.918800919016,10633832661.74643,4405705788.886943,4.952658946056095,2.0519373290042426,12.633958671652215,11.207206215863298
1283.210695998004,7310273192.157194,2178686189.4167604,3.404726317867904,1.014713132122173,12.433528372515056,10.977941011014218
1298.6870209118815,0.0,0.0,0.0,0.0,12.179046104419763,10.729802073645283
1314.35,0.0,0.0,0.0,0.0,11.890502703423195,10.475593857681135
