R_kpc,Sigma_bar,Sigma_eff,kappa_bar,kappa_eff,kappa_bar_mean,kappa_eff_mean
1.0,39625486921.47069,39628569783.71684,18.89421669662477,18.89568666638035,0.0,0.0
1.0120606264911474,39625531510.19401,39628613246.20276,18.894237957410848,18.895707390154136,0.4476380649013123,0.4476728847163391
1.0242667116936537,39625580610.813156,39628657771.3566,18.894261369558183,18.895728620629026,0.8846713121794494,0.8847400945437274
1.0366200099307066,39625619176.34126,39628703385.27237,18.89427975836553,18.89575037024716,1.3113509544144333,1.3114529090558824
1.0491222966837304,39625666283.925674,39628750114.83784,18.894302220194447,18.89577265182916,1.7279222764297633,1.728056654862952
1.0617753688475675,39625714621.109604,39628797987.56224,18.89432526832076,18.895795478491973,2.134624817370137,2.1347908466558585
1.0745810449887383,39625764316.81134,39628847031.69424,18.894348964215258,18.895818863705117,2.5316924009459316,2.5318893249087733
1.0875411656068144,39625814844.46308,39628897276.20218,18.89437305679999,18.895842821281278,2.919353308897053,2.919580390319693
1.1006575933989453,39625865843.24486,39628948750.660774,18.89439737402885,18.895867365322264,3.2978304095537245,3.298086935065149
1.113932213527575,39625920606.20778,39629001485.36703,18.894423486093803,18.895892510274283,3.667341307782513,3.6676265709452576
1.127366933891388,39625973255.2474,39629055511.43605,18.894448590198273,18.895918270973638,4.028098438089413,4.02841175449401
1.1409636853995222,39626027282.43896,39629110860.773125,18.894474351432876,18.8959446626334,4.380309188866849,4.380649909125834
1.1547244222490889,39626084649.88922,39629167566.12202,18.894501705368963,18.895971700866443,4.724176065860388,4.724543544388385
1.1686511222060412,39626144358.48786,39629225661.01763,18.894530175610946,18.895999401662873,5.059896782431124,5.060290372390072
1.1827457868894284,39626200933.043915,39629285179.78019,18.894557151479376,18.896027781387254,5.387664331036031,5.388083421468872
1.19701044205908,39626262394.61887,39629346157.6703,18.894586457575173,18.896056856852542,5.707667146632278,5.70811114716899
1.2114471379067577,39626325515.32093,39629408630.88881,18.89461655477562,18.896086645320015,6.020089226508314,6.020557540589161
1.2260579493508208,39626390953.60426,39629472636.526306,18.894647757044705,18.8961171644752,6.325110194345965,6.325602234163672
1.2408449763344431,39626455118.3587,39629538212.56701,18.89467835207,18.896148432429726,6.622905401511962,6.623420604937
1.2558103441274293,39626524037.568794,39629605397.90971,18.89471121411388,18.89618046773131,6.913646059075323,6.914183875391832
1.2709562036316695,39626590396.16889,39629674232.48703,18.89474285520822,18.896213289420608,7.19749931408675,7.198059211889094
1.2862847316902777,39626661616.37685,39629744757.291504,18.89477681441344,18.89624691704368,7.474628354688331,7.475209820776529
1.3017981314004599,39626735561.947235,39629817014.35355,18.894812073125426,18.896281370641457,7.745192532336432,7.745795042220379
1.3174986324301545,39626807994.480606,39629891046.73573,18.894846610391404,18.896316670747026,8.009347387088745,8.00997044181381
1.3333884913384921,39626885641.40006,39629966898.56191,18.89488363397991,18.896352838399515,8.267244788410776,8.267887900015143
1.34946999190012,39626960691.85407,39630044615.10261,18.89491941952228,18.896389895184804,8.519033001096746,8.519695699467771
1.3657454454334392,39627041074.41095,39630124242.83048,18.89495774751687,18.896427863261977,8.76485677848033,8.7655386102521
1.3822171911327976,39627124745.246574,39630205829.410805,18.894997643427867,18.89646676535878,9.004857477331145,9.005557973117972
1.3988875964046932,39627206134.83496,39630289423.70641,18.89503645159502,18.896506624773984,9.239173062301626,9.23989178074516
1.415759057208029,39627293127.89099,39630375075.80147,18.89507793160648,18.896547465388707,9.467938242947197,9.468674757078782
1.4328339983984741,39627378428.231606,39630462837.03539,18.895118604497718,18.896589311682597,9.691284540123055,9.69203843478549
1.4501148740769754,39627468998.273766,39630552760.13433,18.895161790086988,18.89663218879653,9.909340357317467,9.910111230875483
1.467604167942475,39627562086.29485,39630644899.23752,18.895206176298462,18.896676122545163,10.12223107936484,10.123018520533794
1.4853043936488803,39627656374.9362,39630739309.824875,18.89525113498945,18.89672113938242,10.33007909757338,10.330882709202141
1.5032180951663396,39627755929.476234,39630836048.7394,18.895298604565188,18.89676726641217,10.533003919285612,10.533823302952715
1.5213478471468749,39627851661.58541,39630935174.337036,18.89534425153021,18.89681453145968,10.731122191683873,10.731956977195704
1.5396962552944244,39627954624.783104,39631036746.53934,18.895393346421407,18.89686296309673,10.92454781015202,10.925397643760123
1.5582659567393489,39628058569.27669,39631140826.77876,18.895442909213912,18.896912590615543,11.113391998235736,11.11425651638536
1.5770596204174525,39628164557.97738,39631247478.07103,18.89549344672484,18.89696344406325,11.29776331534605,11.298642174661257
1.5960799474535783,39628273473.048805,39631356765.08321,18.89554537958727,18.897015554274397,11.477767759907596,11.478660626454078
1.615329671549826,39628385738.02868,39631468754.17029,18.895598909752373,18.89706895288835,11.653508826412155,11.654415368854103
1.6348115593784562,39628500453.72279,39631583513.4218,18.895653608466546,18.897123672371553,11.82508755465029,11.826007447679766
1.65452841097953,39628618999.733,39631701112.688354,18.89571013355127,18.897179746030158,11.992602593389742,11.99353551557239
1.6744830601633456,39628745472.14637,39631821623.628555,18.89577043810195,18.897237208032404,12.156150285253004,12.157095888715
1.6946783749177292,39628861434.63432,39631945119.84775,18.895825731312108,18.89729609347478,12.315824608571706,12.316782602208434
1.7151172578202367,39628989459.09052,39632071676.92591,18.89588677590754,18.89735643839531,12.471717339910173,12.472687464136392
1.7358026464553273,39629118705.26616,39632201372.36686,18.89594840304299,18.897418279749353,12.623918146614923,12.624900108349484
1.7567375138365704,39629251834.39522,39632334285.69393,18.896011881647507,18.89748165545521,12.772514525911676,12.773508045998986
1.7779248688339402,39629387660.62478,39632470498.561584,18.89607664628294,18.897546604447342,12.917591910263495,12.918596715850821
1.7993677566062685,39629526965.02088,39632610094.80353,18.896143069377047,18.897613166699323,13.059233705865685,13.060249533408454
1.8210692590389104,39629669769.66889,39632753160.48309,18.89621116146056,18.89768138324785,13.197521347382295,13.198547938872458
1.8430324951866892,39629816847.99441,39632899783.95761,18.896281291318125,18.89775129622345,13.3325343446632,13.333571443964578
1.8652606217221832,39629967296.389404,39633050055.933105,18.89635302809154,18.897822948876556,13.46435032303551,13.465397677643033
1.88775683338942,39630122561.024536,39633204069.53518,18.896427061343605,18.89789638561129,13.593045071887557,13.59410243073552
1.9105243634630407,39630278519.04608,39633361920.39254,18.89650142521604,18.89797165202532,13.718692569713983,13.719759699515595
1.9335664842130058,39630439860.82207,39633523706.71829,18.896578356169186,18.898048794948593,13.841365045830402,13.84244172824764
1.9568865073748998,39630607691.16384,39633689529.38148,18.896658380998964,18.898127862477473,13.96113305092251,13.962219050724679
1.9804877846259143,39630776005.83589,39633859491.971466,18.896738636767004,18.898208904005415,14.07806543628959,14.079160530822872
2.0043737080665673,39630952979.26084,39634033700.88512,18.896823021199864,18.898291970264548,14.192229434758447,14.193333402096075
2.0285477107082346,39631129077.51206,39634212265.390755,18.896906988332557,18.89837711335618,14.303690678011375,14.304803306433168
2.0530132669665586,39631310659.71762,39634395297.72918,18.896993570323257,18.89846438679894,14.41251322540433,14.413634331800456
2.0777738931608125,39631499638.47295,39634582913.25799,18.89708367913533,18.898553845597615,14.518759665183573,14.519889049091267
2.102833148019282,39631691289.74232,39634775230.50178,18.897175062255005,18.898645546267083,14.622491086663068,14.623628548103648
2.1281946331907466,39631892247.059494,39634972371.21983,18.897270882682527,18.89873954686458,14.723767143011662,14.72491247266629
2.153861993762124,39632091571.548065,39635174460.53289,18.89736592454504,18.898835907050145,14.822646049194779,14.82379905493341
2.1798389187823672,39632305787.389046,39635381626.985275,18.89746806689921,18.898934688116267,14.919184673438753,14.920345148868186
2.206129141792668,39632508547.855156,39635594002.674934,18.897564747103843,18.899035953049854,15.013438479727096,15.014606262933958
2.232736441363065,39632727402.42487,39635811723.48585,18.897669101295715,18.899139766643085,15.105461626620622,15.106636592013
2.2596646416355184,39632952654.174255,39636034929.13791,18.89777650578951,18.899246195517165,15.195307089143459,15.19648904857067
2.2869176128735367,39633182350.29024,39636263763.15861,18.89788602944529,18.899355308108845,15.283026521706908,15.284215293081322
2.314499272018431,39633414787.61272,39636498373.04361,18.8979968601626,18.89946717474698,15.368670334295013,15.369865763734145
2.3424135832522777,39633652118.13849,39636738910.471954,18.89811002405612,18.899581867755142,15.452287745254804,15.453489705437338
2.3706645585676736,39633899645.79426,39636985531.53918,18.898228050143114,18.899699461562765,15.53392684908299,15.535135198137652
2.399256258344359,39634153684.87834,39637238396.872345,18.898349181008044,18.899820032760022,15.613634609667534,15.614849184470962
2.4281927919327986,39634414983.272064,39637497671.6875,18.898473773255535,18.899943660125185,15.691456861794082,15.692677496758714
2.4574783182447963,39634681829.32024,39637763525.8198,18.898601010734502,18.90007042463903,15.767438348813153,15.768664883365261
2.4871170463512398,39634952838.69346,39638036133.926926,18.898730233369285,18.90020040958179,15.841622736549064,15.842855034432102
2.5171132360870474,39635231260.98266,39638315675.80014,18.89886299062917,18.900333700681497,15.914052666997154,15.915290607005305
2.547471198663417,39635519006.95907,39638602336.486885,18.899000193607716,18.900470386172444,15.984769800989822,15.986013249570094
2.578195297287452,39635815079.310135,39638896306.42897,18.899141366766546,18.900610556861047,16.053814817400838,16.055063626005605
2.6092899477892684,39636117998.366684,39639197781.64928,18.899285804570106,18.9007543062149,16.121227417341455,16.122481438973974
2.6407596192566607,39636423375.02881,39639506963.96675,18.899431414208664,18.900901730465275,16.187046328085117,16.188305452757564
2.6726088346774195,39636741130.71492,39639824061.17819,18.899582926410947,18.901052928693797,16.251309391119875,16.252573515557362
2.7048421715894047,39637064538.70736,39640149287.269516,18.899737133744793,18.90120800293319,16.314053568882354,16.31532258126532
2.7374642627384485,39637399832.088394,39640482862.64981,18.89989700826724,18.90136705827887,16.375314945753445,16.37658873072338
2.770479796744201,39637741013.59155,39640825014.3433,18.900059690362887,18.901530202980474,16.435128752128357,16.436407192481244
2.803893518774003,39638091361.54256,39641175976.251175,18.900226743202357,18.901697548566734,16.49352936868768,16.494812363064934
2.837710231224885,39638453778.97059,39641535989.41848,18.90039955100743,18.90186920997269,16.550550396473927,16.5518378267681
2.8719347944137956,39638823772.899345,39641905302.2492,18.90057597143805,18.902045305642286,16.606224631229793,16.607516374977195
2.9065721272761507,39639201031.84764,39642284170.77582,18.90075585597383,18.902225957656878,16.660584064712396,16.66188002504155
2.941627208072808,39639589954.02555,39642672858.92464,18.900941301768405,18.902411291861746,16.71365995397963,16.714960038699346
2.977105075105571,39639985174.20882,39643071638.89501,18.901129750576626,18.90260143804694,16.765482809761142,16.766786940070737
3.013010827441318,39640396328.58952,39643480791.51619,18.90132579712566,18.9027965301174,16.81608244456464,16.817390533228853
3.0493496256448713,39640815383.44215,39643900606.45964,18.901525610776126,18.90299670619422,16.865487973039226,16.866799919357664
3.086126692520694,39641247907.74064,39644331382.53064,18.90173184692506,18.90320210875367,16.91372780659458,16.915043513506244
3.123347313863546,39641688776.13066,39644773428.07068,18.901942061702034,18.903412884819083,16.9608296856669,16.96214906095
3.161016839218183,39642143258.57272,39645227061.385124,18.902158767928565,18.903629186164753,17.006820694640535,17.008143653168958
3.1991406826482205,39642607441.47215,39645692611.148125,18.902380099525224,18.903851169509025,17.051727283572582,17.053053743452228
3.237724323514275,39643086306.13349,39646170416.78428,18.90260843167664,18.904078996696263,17.09557528220294,17.096905162137183
3.2767733072614837,39643578139.77419,39646660828.87587,18.902842947694182,18.904312834891048,17.138389926553863,17.13972313149203
3.3162932462165258,39644080400.69566,39647164209.65118,18.903082435645647,18.90455285681099,17.180195830702147,17.181532280250924
3.356289820394258,39644595674.61192,39647680933.47342,18.903328128450664,18.90479924095989,17.221017025995316,17.222356657810153
3.396768778314074,39645126954.44373,39648211387.33364,18.903581453193112,18.90505217186273,17.260877005959124,17.2622197480936
3.4377359378261105,39645672504.60487,39648755971.3889,18.90384158231112,18.905311840322327,17.299798714457456,17.301144483095484
3.4791971869474256,39646229194.30586,39649315099.558914,18.904107022982274,18.90557844370379,17.337804524238727,17.33915325610873
3.521158484708249,39646804211.04529,39649889200.1147,18.904381202348205,18.905852186215224,17.374916301263973,17.376267934646513
3.56362586200845,39647391710.22447,39650478716.27653,18.90466133358855,18.906133279192826,17.411155400594446,17.41250987306451
3.606605422484327,39648001387.57131,39651084106.93714,18.904952039818333,18.906421941445746,17.44654269363046,17.447899924891466
3.6501033433858567,39648620922.13049,39651705847.354485,18.905247446162118,18.906718399586374,17.481098541717863,17.482458454875673
3.6941258764645224,39649260374.00844,39652344429.87087,18.90555234947783,18.907022888373284,17.51484281179346,17.51620535075403
3.7386793488718437,39649918939.88577,39653000364.72521,18.90586636672688,18.907335651098478,17.547794952028585,17.54916003475088
3.7837701640687524,39650591851.43653,39653674180.90862,18.906187224277044,18.9076569399954,17.579973918227704,17.581341474813893
3.8294048027459335,39651280882.07729,39654366427.074196,18.906515767728457,18.90798701667271,17.611398200403507,17.612768195593688
3.875589823755259,39651993797.14111,39655077672.48109,18.906855699745666,18.908326152564438,17.642085904588345,17.643458289173836
3.922331865052462,39652722216.2312,39655808508.01129,18.90720302438956,18.908674629414822,17.672054703829474,17.673429425557675
3.9696376446511854,39653472210.17197,39656559547.260445,18.90756063634941,18.909032739798405,17.70132183991204,17.702698862918623
4.017513961588521,39654250175.55142,39657331427.70674,18.907931585645024,18.909400787677416,17.729904216563867,17.73128345762041
4.06596769690221,39655041534.60701,39658124811.95255,18.908308921310596,18.909779088993783,17.75781829011287,17.759199674013516
4.115005814619619,39655852638.41521,39658940389.02796,18.908695671665132,18.91016797229069,17.785080081248434,17.78646359401386
4.164635362758645,39656692538.94329,39659778875.80189,18.909096152865846,18.91056777938543,17.811705318194488,17.81309092646998
4.214863474340702,39657553267.05443,39660641018.5116,18.90950656507052,18.91097886609871,17.837709362085093,17.839097016324807
4.265697368415905,39658440553.43357,39661527594.39495,18.909929640783197,18.911401603032928,17.86310719794182,17.86449685357827
4.317144351100639,39659354493.14043,39662439413.43394,18.91036542533023,18.911836376403535,17.887913488479338,17.88930508205669
4.369211816627631,39660289431.580666,39663377320.24937,18.910811222489084,18.91228358894245,17.912142517429473,17.91353600799489
4.421907248408684,39661255341.33723,39664342196.13144,18.911271787384756,18.912743660866294,17.935808255035486,17.937203608437166
4.4752382201102385,39662249379.942986,39665334961.168915,18.911745764672634,18.913217030891605,17.958924380400138,17.960321539462786
4.529212396741896,39663264730.212616,39666356576.66023,18.912229903783793,18.913704157384508,17.981504193848032,17.982903144242183
4.583837535758073,39664318978.19888,39667408047.799034,18.91273259009637,18.914205519641232,18.003560742247902,18.004961460931156
4.639121488172954,39665403989.10479,39668490426.324196,18.91324994477809,18.9147216191517,18.025106815878033,18.026509230408095
4.695072199688863,39666514737.11148,39669604813.432434,18.91377957141903,18.915252980988303,18.046154827761562,18.047558903859432
4.75169771183828,39667663266.65591,39670752363.17509,18.914327213045187,18.915800155425575,18.06671693705645,18.068122650220914
4.8090061631396015,39668853134.914116,39671934286.03646,18.914894565788526,18.916363719646395,18.086805102684618,18.08821236348209
4.867005790266854,39670062321.181335,39673151852.805626,18.915471129741032,18.91694427958815,18.106430895085097,18.10783966985976
4.925704929233514,39671316923.31029,39674406398.83387,18.916069348875585,18.917542471972776,18.12560563523087,18.127015934847442
4.9851120165906035,39672608317.40429,39675699328.68794,18.91668511114751,18.918158966525507,18.144340473404352,18.145752270148147
5.0452355906392325,39673943103.93355,39677032121.31119,18.917321563791674,18.91879446843581,18.162646284804246,18.16405954049836
5.106084292657776,39675316458.74617,39678406335.670975,18.91797640655695,18.919449721050192,18.180533696622806,18.181948370391442
5.1676668681438365,39676733698.3898,39679823616.937515,18.918652174478513,18.92012550881838,18.19801308739963,18.199429150708497
5.229992168071196,39678255423.91279,39681285703.36966,18.919377763336033,18.920822660576615,18.215094963986058,18.216512045266054
5.293069150161929,39679709179.14012,39682794433.9619,18.920070942610867,18.92154205319387,18.231788944618934,18.233206997290637
5.356906880173848,39681261219.24564,39684351756.92377,18.92081098606153,18.922284615615034,18.248104396104203,18.24952373583111
5.4215145332034815,39682870241.47655,39685959739.129776,18.921578199717747,18.92305133336679,18.264051162079994,18.26547178212043
5.486901395004776,39684526672.69734,39687620576.67308,18.922368018918977,18.923843253589833,18.279638566680113,18.281060455899592
5.5530768633236836,39686244214.700554,39689336606.71137,18.92318697695118,18.924661490687228,18.294875737241107,18.296298881718492
5.620050449248863,39688018709.06271,39691110320.75513,18.92403309099571,18.925507232660493,18.309771638156224,18.31119599522936
5.687831778578659,39689848953.19957,39692944379.69477,18.924905787636586,18.926381748274867,18.324334991255405,18.32576054949115
5.756430593204574,39691750636.93175,39694841630.85014,18.925812548090924,18.927286395188823,18.338574394133843,18.340001121305864
5.825856752511429,39693708703.30973,39696805127.32689,18.926746192907082,18.92822262918358,18.352498243227977,18.353926117610367
5.896120234794399,39695742005.93167,39698838150.097145,18.92771571185394,18.929192014691612,18.366114758640595,18.367543781950996
5.967231138693149,39697846464.02486,39700944233.30748,18.928719159138268,18.930196236863974,18.379432048391227,18.38086220107252
6.039199684643272,39700031413.473816,39703127193.45619,18.929760986294653,18.931237115482617,18.392458058542935,18.39388931165889
6.11203621634521,39702295362.336395,39705391163.15406,18.930840481935537,18.93231662105818,18.405200590841087,18.406632907269895
6.1857512022509145,39704640225.07167,39707740630.38997,18.93195855891291,18.93343689355262,18.4176672646956,18.419100645526225
6.2603552370684294,39707083113.9451,39710180484.4705,18.933123376693747,18.934600264284114,18.429865626983233,18.431300055605718
6.335859043284609,39709612852.97834,39712716070.075516,18.934329606350296,18.935809281701843,18.441803078354244,18.443238546127137
6.412273472706223,39712247696.09034,39715353251.31216,18.935585951712522,18.93706674192819,18.453486885099366,18.45492341351465
6.489609508019627,39714996409.2317,39718098488.09063,18.936896592559222,18.93837572517624,18.464924293654562,18.466361850957682
6.567878264369249,39717852605.08584,39720958927.8469,18.938258483291396,18.93973963948497,18.47612239169707,18.47756095810855
6.647090990955133,39720835637.29847,39723942516.759895,18.939680852110488,18.941162273749818,18.487088173094353,18.48852775169729
6.727259072649714,39723946631.44021,39727058135.74699,18.941164235710858,18.942647862568016,18.497828581073406,18.499269177292135
6.808394031634124,39727208934.32136,39730315768.29048,18.94271976631389,18.94420116626159,18.50835053334486,18.509792122498574
6.89050752905422,39730614716.223114,39733726709.86516,18.944343710554644,18.945827570736547,18.518660870316914,18.520103431977965
6.973611366696582,39734190786.00538,39737303832.50929,18.9460488514283,18.94753321363559,18.52876637870999,18.530209924789506
7.057717488684729,39737942065.820435,39741061923.47651,18.947837535914523,18.94932514581401,18.538673862942034,18.540118414731094
7.142837983195795,39741896956.29783,39745018125.15691,18.949723305995768,18.951211541102815,18.548390155236024,18.549835734599334
7.228985084197899,39746061386.90204,39749192516.44864,18.9517089889581,18.95320197351816,18.557922119095196,18.55936876564818
7.3161711732084855,39750477969.074165,39753608895.75157,18.95381490278028,18.95530779060829,18.567276730832415,18.568724474062975
7.404408781073854,39755161381.03793,39758295858.83967,18.956048046329993,18.957542627404397,18.57646112412597,18.577909957091098
7.493710589770156,39760144778.03623,39763288321.569916,18.958424228683484,18.959923132478366,18.585482534450623,18.58693250278377
7.58408943422613,39765476731.22835,39768629736.378876,18.960966609531138,18.96247002481226,18.594348488001646,18.595799669466405
7.67555830416779,39771213079.46797,39774375436.49347,18.96370181394393,18.965209688384192,18.60306692265639,18.604519394773117
7.768130345985381,39777414514.00687,39780597907.68475,18.966658780712315,18.968176685844934,18.611646246597648,18.613100150829343
7.861818864622859,39784191378.01094,39787395564.62321,18.969890123642443,18.971417943257848,18.620095636547855,18.621551175225363
7.956637325490131,39791674276.5794,39794908425.10279,18.973458117831424,18.975000223879256,18.628425413464374,18.62988283485668
8.052599356398389,39800062860.10517,39803348875.0379,18.977457960539418,18.979024797518115,18.63664752152129,18.638107243960718
8.149718749518765,39809689660.85419,39813070786.86973,18.98204820973453,18.983660397560584,18.644776632370597,18.64623943298675
8.24800946336461,39821168453.006836,39824761918.7339,18.987521525097883,18.98923496070244,18.65283242466554,18.65429997109184
8.3474856247977,39835956831.546234,39836472714.23682,18.99457291677589,18.99481889985656,18.660845839239215,18.662301723733524
8.448161531058608,39860722529.756424,39842706779.51633,19.006381692010727,18.997791425608114,18.66889315503841,18.67021507409063
8.550051651821585,39865901785.02644,39843424406.28953,19.008851263465907,18.998133604261643,18.676918292175422,18.677980021882973
8.653170631274223,39855759950.75486,39842896564.22891,19.004015436090253,18.997881918716562,18.684724750301672,18.68556203396772
8.757533290222188,39875805897.03685,39842379626.597916,19.013573740160847,18.99763543261942,18.692403223498733,18.692958513695707
8.863154628219347,39878686478.3201,39841876832.82484,19.014947258348418,18.99739569059376,18.70002869596913,18.700173998251895
8.970049825723585,39866610635.80052,39841357293.27878,19.0091892575493,18.997147963852,18.7074210628453,18.707212759993475
9.078234246278617,39872023243.11687,39840830791.087524,19.01177009588023,18.99689691718316,18.714601247095946,18.71407885221785
9.187723438722127,39872182894.97994,39840304886.66916,19.011846221049442,18.99664615554427,18.721642616190284,18.720776330079836
9.298533139420517,39858614241.7628,39839769812.85014,19.005376418554043,18.996391021753606,18.728440959016012,18.727309139609172
9.410679274530622,39859357166.37548,39839222310.547554,19.005730659718296,18.996129961815907,18.73500627718502,18.733681059990484
9.524177962288718,39878412186.08538,39838669231.71703,19.01481647038028,18.99586624287928,18.741528497073823,18.73989580150891
9.639045515327101,39854682801.833115,39838112673.1378,19.003501830158232,18.995600864729578,18.747868342858958,18.745957036930946
9.755298443018628,39866800874.12139,39837549263.02405,19.009279966947158,18.99533221963256,18.753993615206344,18.75186834462182
9.872953453849549,39857779555.92093,39836979029.21792,19.004978423818955,18.995060320863917,18.75999054474137,18.757633199396224
9.992027457820912,39868815473.81012,39836400746.43501,19.010240567965166,18.99478458418379,18.76585745454251,18.76325498693824
10.112537568878977,39865205263.65068,39835813383.503006,19.00851914828374,18.994504517908798,18.7716268139227,18.768736999980337
10.234501107374921,39885125601.32629,39835218513.39287,19.018017559683923,18.99422087206264,18.77735240895792,18.7740824563927
10.357935602554209,39878536259.60843,39834617786.224174,19.014875631092558,18.993934433455,18.78301675508286,18.779294516016197
10.48285879507597,39868803557.58152,39834009999.96336,19.010234886071444,18.993644628932476,18.788454603550477,18.784376266263784
10.60928863956282,39871744232.85919,39833394894.343315,19.011637058265336,18.993351334394557,18.793725684946466,18.78933071317437
10.737243307181362,39867408035.48091,39832770859.58833,19.009569473504374,18.993053782268316,18.798863756207847,18.79416078096006
10.866741188253847,39878577869.35098,39832138407.58036,19.014895471441626,18.992752216629196,18.80391922117545,18.798869318423677
10.997800894901342,39852170421.274025,39831499072.5353,19.002303877365833,18.99244736902172,18.80876757337962,18.80345911846652
11.130441263718758,39874600203.7813,39830852286.20057,19.012998841745464,18.9921389684918,18.81348024565768,18.807932913205967
11.264681358482123,39862008556.84738,39830195336.71671,19.00699489518934,18.991825721971164,18.818135649871376,18.81229335143083
11.400540472888565,39859382929.817825,39829529733.874985,19.00574294423769,18.99150834935817,18.822595144048705,18.816543012528605
11.538038133329287,39892429886.232635,39828858581.339,19.021500387342495,18.991188330541075,18.827122023136635,18.820684440888865
11.677194101695985,39857550744.48654,39828179740.361984,19.004869321996875,18.990864645723075,18.83152900373213,18.82472012589276
11.818028378221166,39860647089.58217,39827489507.644196,19.006345720642027,18.990535529097535,18.835653340223438,18.828652464892595
11.960561204352672,39850004103.939575,39826789332.926735,19.001270934370535,18.99020167192971,18.83963687250436,18.83248378588869
12.104813065662881,39832978422.604904,39826082016.29494,18.99315275242409,18.989864409355732,18.8433695291601,18.836216385777107
12.250804694792999,39861944589.49135,39825366295.82296,19.00696439428751,18.98952313966437,18.847082753781617,18.83985251558688
12.39855707443289,39844828544.82382,39824639482.9711,18.998803125314886,18.98917658090667,18.850773378974907,18.84339435065421
12.548091440336803,39854805514.2425,39823902665.46699,19.00356034186457,18.988825251732692,18.854337159897767,18.84684400586357
12.699429284375467,39888985532.30334,39823157927.73035,19.01985805119533,18.988470146035034,18.858066742358936,18.850203563945193
12.852592357625056,39872721175.45537,39822403710.92266,19.012102883837372,18.98811052052863,18.861807450485834,18.853475061131046
13.007602673493352,39877776429.32037,39821639850.88286,19.014513328967574,18.987746296938226,18.865396943346113,18.856660475726205
13.164482510883603,39869639734.418335,39820866402.188225,19.010633591742437,18.987377501287362,18.868883542973705,18.859761738554607
13.32325441739661,39866483184.88,39820082913.916534,19.009128486427034,18.987003918567382,18.872223919150386,18.862780732439674
13.483941212571365,39868890369.46178,39819289283.489334,19.01027627969471,18.986625499866857,18.875481111528092,18.865719292482844
13.646565991164776,39852539598.05329,39818485641.22208,19.0024799081634,18.98624230732277,18.878581741737158,18.86857921047322
13.811152126471006,39854347468.80974,39817672047.39334,19.003341936733534,18.985854369677142,18.88152738376942,18.87136223682342
13.977723273680795,39855076061.73188,39816847743.23443,19.003689344263993,18.985461325134036,18.884417528581306,18.874070076502587
14.146303373281274,39862509802.501465,39816012393.373055,19.00723389904121,18.985063013781303,18.8872855314837,18.876704387920327
14.316916654496875,39870816926.83703,39815166814.3438,19.011194900394532,18.984659824958804,18.890174525863646,18.87926679295234
14.489587638771654,39859029618.884964,39814310430.59595,19.005574478589807,18.98425148423256,18.892974737134434,18.88175887636322
14.664341143293623,39859953578.57678,39813442986.28226,19.006015040864053,18.983837869609534,18.89564767668434,18.884182180686427
14.84120228456165,39848628004.95426,39812565039.59474,19.00061478312939,18.98341924724674,18.89819812274598,18.88653821364537
15.020196481995317,39849150524.889275,39811674324.49124,19.00086393097961,18.982994536650402,18.90062752581223,18.888828437500624
15.201349461588306,39859244410.81706,39810771598.57751,19.00567689563563,18.98256409906195,18.903059661284,18.891054271451367
15.384687259605924,39872027482.9499,39809858391.562744,19.011772117516564,18.982128663877017,18.90556348339317,18.89321711401913
15.570236226327143,39851754284.9012,39808933335.60475,19.002105455304317,18.981687578881353,18.90796455937561,18.89531833140815
15.758023029831811,39860964959.4012,39807996394.06962,19.006497287265145,18.981240826607195,18.910247262726703,18.897359249566904
15.948074659833509,39835271982.78794,39807047010.35059,18.994246367328834,18.980788141653417,18.912381605079602,18.89934115966137
16.14041843155869,39871307779.62776,39806085227.813385,19.011428948723392,18.980329544697646,18.914525890948497,18.90126531938881
16.335081989672556,39857729045.15773,39805111477.233475,19.004954339287018,18.979865241142164,18.916744540549114,18.903132959340642
16.532093312252265,39863284447.754944,39804125124.24022,19.007603265235023,18.97939492850649,18.918865955553176,18.90494527976733
16.731480714808132,39846013875.97382,39803125645.94826,18.999368314675205,18.97891835746853,18.920870166154685,18.906703445950406
16.933272854353273,39848926993.96667,39802113351.96396,19.000757347010094,18.978435675654726,18.922746480754892,18.90840859438734
17.13749873352231,39851677378.85681,39801088210.84845,19.002068784979713,18.977946868074408,18.924610326081694,18.91006183620957
17.34418770473983,39855311757.726166,39800048980.50069,19.003801728780537,18.9774513424692,18.926466106932804,18.911664248989442
17.553369474439055,39866649646.23982,39798996027.09317,19.009207858499114,18.97694927343741,18.928362750548,18.913216879876604
17.765074107331372,39852206262.609825,39797929864.53141,19.002320967224353,18.976440906019345,18.93019604545388,18.91472075618781
17.979332030727445,39867388555.2033,39796849827.53176,19.009560184922325,18.975925922994602,18.931991082986155,18.916176880005892
18.196174038910378,39856126353.31,39795755575.12742,19.00419014408283,18.975404161783455,18.93376483960272,18.917586223999894
18.415631297561585,39866593850.16515,39794646986.15973,19.00918125382602,18.974875564615058,18.935492819678938,18.91894973519175
18.637735348240156,39857880373.05295,39793523943.41312,19.00502649542355,18.974340075598708,18.937189118730455,18.920268336820474
18.862518112916142,39861425197.304955,39792386141.60202,19.006716737809757,18.973797549168196,18.938816450055207,18.921542927859083
19.090011898558522,39844486985.22858,39791233565.69067,18.998640262937446,18.97324797815418,18.940328882851023,18.92277438418285
19.320249401778593,39865860416.03998,39790065926.9158,19.00883153791411,18.972691224868612,18.941831832231426,18.923963559190785
19.553263713529255,39857375657.31663,39788882770.565254,19.004785836967763,18.972127072495734,18.943370962960667,18.92511128185829
19.789088323861044,39874064791.38223,39787684015.18017,19.012743546513125,18.971555482194347,18.944920822488307,18.92621835850501
20.027757126735455,39869453601.96936,39786469658.97945,19.010544840105588,18.97097645311519,18.946501462446587,18.92728557587997
20.269304424896426,39935050348.53391,39785239418.759796,19.04182266759678,18.970389850221324,18.94839149947185,18.928313700473485
20.513764934800466,39848784331.24461,39783992818.88667,19.000689322599683,18.96979544672078,18.950114869065178,18.929303476323625
20.76117379160629,39844580542.95644,39782729735.936104,18.99868487311441,18.96919318376257,18.951289181564118,18.93025562646911
21.011566554224647,39855546624.92234,39781449982.98725,19.003913718109736,18.968582972219135,18.95247438195776,18.93117085506348
21.264979210429043,39866389304.59516,39780153272.827,19.00908372244852,18.967964675141573,18.95375468233128,18.932049846896152
21.52144818202804,39858088603.0234,39778839517.89494,19.00512578359614,18.96733825077935,18.955018359956625,18.932893268422553
21.78101033010006,39879882959.694855,39777508426.64015,19.015517764356655,18.96670356011521,18.956329334715864,18.933701768160336
22.043702960291224,39855361990.2489,39776159655.62833,19.003825680641917,18.966060439392884,18.95759228114662,18.934475975674214
22.309563828177094,39856051091.94504,39774792976.159904,19.00415425797394,18.965408779563887,18.95869154875556,18.935216502385664
22.578631144689147,39876433741.122574,39773408277.85543,19.013873108651406,18.96474852799711,18.959884460292084,18.935923943319278
22.85094358160664,39837197822.42174,39772005032.37622,18.995164645795317,18.96407943277021,18.96094060110042,18.936598875780543
23.126540277114675,39844595280.40513,39770582993.53517,18.998691900221726,18.9634013764963,18.961793463917967,18.93724185903234
23.405460841429427,39862374569.806915,39769142174.05455,19.007169417415017,18.962714365241613,18.962768679651816,18.937853437777683
23.687745362491093,39828102619.49336,39767682100.214386,18.990827872966026,18.96201817312708,18.963625872029915,18.938434141194232
23.9734344117255,39862077609.912544,39766202507.35267,19.007027821057967,18.961312673956623,18.964463389300658,18.938984481758922
24.26256904987534,39867952764.44152,39764703228.33487,19.009829211057706,18.960597788037187,18.965505200761186,18.939504957371547
24.555190832901552,39874235222.41792,39763183922.777466,19.012824811405252,18.959873353067167,18.966591014172234,18.93999605126326
24.851341817956033,39859485839.5908,39761644279.90485,19.00579201365492,18.9591392208626,18.967602566424763,18.940458231539626
25.15106456942623,39834848505.798965,39760083942.99747,18.994044445116202,18.958395221332545,18.968367348169814,18.940891951444144
25.454402165052805,39865776942.81042,39758502654.414406,19.008791736225593,18.95764123162871,18.969151426565947,18.941297650015393
25.76139820212097,39837589471.7745,39756900328.32639,18.995351391960856,18.956877210826,18.96993040919772,18.94167575395611
26.072096803726463,39876269718.03401,39755276610.40512,19.01379489919534,18.956102989973658,18.970752467232806,18.94202667736443
26.38654262511724,39804463946.47286,39753630586.545944,18.979556485655248,18.9553181332085,18.97136420369462,18.942350817344245
26.70478086011153,39872471324.148254,39751962299.74484,19.01198374978741,18.954522661031852,18.971944726020048,18.94264855670341
27.02685724759327,39839916571.52307,39750271941.99193,18.996460999194486,18.953716664988406,18.97270833907221,18.94292027051272
27.35281807808605,39825500511.95639,39748558664.09186,18.989587136574094,18.952899740165005,18.97318916696274,18.943166321209468
27.68271020040616,39840148566.58591,39746821897.47326,18.99657161903364,18.952071615455562,18.973660897600276,18.943387054645637
28.016581028395926,39847680501.05989,39745061661.373535,19.000162994513225,18.951232300032856,18.97424649166476,18.943582805396407
28.354478547738374,39826056467.886894,39743277737.28807,18.989852227368953,18.95038168970956,18.974737627610818,18.943753898976684
28.696451322853907,39841312586.95528,39741469608.2541,18.997126646991827,18.949519537987587,18.975182408072012,18.94390064902507
29.042548503880234,39861358783.21644,39739636944.986115,19.006685070257443,18.948645687857095,18.975816213154786,18.94402335697595
29.39281983373656,39842500932.737946,39737779366.42528,18.997693273788688,18.947759957621678,18.976440397280367,18.944122313108146
29.747315655272857,39870350075.657196,39735896485.414986,19.010972296508946,18.946862162677405,18.977102160766258,18.9441977964839
30.10608691850536,39850198319.81648,39733987933.60013,19.001363540345864,18.94595212738527,18.977790098306972,18.9442500752872
30.469185187939466,40030155437.55142,39732053369.2104,19.08717065699587,18.94502968878242,18.979371150273135,18.944279407338154
30.8366626499808,39884543969.31947,39730092404.283905,19.017740226027527,18.944094661880943,18.981097717947478,18.94428604022526
31.208572120435743,39818285345.9209,39728104534.81386,18.986146802557585,18.943146806360424,18.981589348842874,18.944270210629153
31.58496705210235,39836455722.45355,39726089528.7192,18.994810797837886,18.942186011560025,18.981800571054304,18.944232145474587
31.965901542452947,39876759727.07015,39724047031.34096,19.014028545205303,18.94121210837132,18.982337822609892,18.944172062991786
32.35143034140928,39807629198.51152,39721976173.818344,18.981065740495104,18.940224682504287,18.982695818063213,18.944090169312425
32.74160885921138,39850119005.39106,39719876750.478836,19.0013257216575,18.93922363589019,18.982898634801785,18.94398665963767
33.13649317438156,39846949438.48467,39717748619.78979,18.99981440940328,18.938208901043467,18.983317195312488,18.943861722585044
33.53614004178425,39828189394.95057,39715591156.47579,18.99086924922206,18.93718017982042,18.983601445251924,18.94371553795579
33.94060690078302,39844552135.68994,39713403911.94844,18.998671327967315,18.936137258325218,18.98386660913786,18.943548275231777
34.34995188349621,39844054841.28139,39711186446.628075,18.998434208147543,18.935079926957574,18.984214533691834,18.943360094863138
34.764233823151955,39852299224.45701,39708938300.09497,19.002365293273613,18.934007966180246,18.984598269583955,18.943151148414447
35.1835122625439,39812853146.20799,39706658993.77852,18.983556622184068,18.9329211478013,18.984795061100627,18.942921578555065
35.60784746258914,39866421944.9879,39704348058.47018,19.00909928603401,18.931819248092804,18.985070109667465,18.942671519221186
36.03730041098919,39836636871.533714,39702005012.53998,18.99489717330582,18.930702037404064,18.98547015869027,18.94240109580472
36.4719328309954,39840138912.359055,39699629361.31996,18.99656701570714,18.929569279867593,18.985713400886453,18.94211042521189
36.91180719028024,39831381344.880486,39697220603.714836,18.992391234145053,18.92842073655124,18.98592078007171,18.94179961595457
37.356986709915475,39838445446.522125,39694778254.66417,18.9957595376677,18.927256176168587,18.986114216450193,18.94146876840417
37.807535373458514,39826927397.69813,39692301793.96769,18.990267503946214,18.926075350677845,18.98627728335038,18.941117974874864
38.26351793614863,39836099898.33343,39689790703.02011,18.99464113385256,18.924878012797745,18.98642393893369,18.940747319626237
38.724999934213855,41174476584.46768,39687244459.88643,19.632805635897565,18.923663913659343,18.99422356230717,18.94035687904416
39.19204769429011,39771019213.58895,39684662445.38623,18.963609374854524,18.92243275802516,19.00137796887862,18.939946721256078
39.66472834295417,39799893917.68033,39682044109.35072,18.977377405446415,18.921184283563825,19.000647235545955,18.939516906172802
40.143109816371364,39865859455.06746,39679388956.687744,19.008831079703388,18.91991825420559,19.00047076194956,18.9390674863836
40.62726087005974,39814309672.64189,39676696400.72305,18.984251122825057,18.91863439021256,19.000375915923403,18.938598507118506
41.11725108877194,39817963303.58975,39673965862.198494,18.985993246398078,18.917332415382983,19.00001465142828,18.938110005950637
41.61315089649633,39812298375.344986,39671196763.18871,18.983292096452853,18.916012054150606,18.99965026990975,18.937602013026765
42.11503156657874,39818035538.34157,39668388462.679306,18.986027689357897,18.91467300086707,18.999295315292095,18.937074550892316
42.62296523196612,39815203907.72414,39665540357.29205,18.984677511816948,18.913314967829688,18.99896489155417,18.93652763453106
43.13702489557402,39843031256.69608,39662651841.54718,18.997946142751644,18.911937666333724,18.99878451891966,18.935961271743643
43.65728444077888,39834432231.343544,39659722262.26844,18.993845957214173,18.91054078493181,18.998715794781724,18.935375463034948
44.18381864203688,39807927243.91077,39656750974.20285,18.98120785444237,18.909124015954546,18.998449812591375,18.934770201564177
44.71670317563108,39815141083.00012,39653737324.585144,18.984647555744694,18.907687048150528,18.998082310322705,18.934145473320672
45.25601463054789,39753553420.647156,39650680633.71251,18.955281338980175,18.906229557424002,18.99741406263672,18.933501257098545
45.80183051948482,39833068466.96459,39647580225.00908,18.99319568735755,18.904751221170194,18.996867684545194,18.932837524533667
46.35422928999115,39816312631.170715,39644435435.22342,18.985206173107542,18.903251723137696,18.99668547810753,18.932154240366547
46.91329033574276,39792721486.65671,39641245539.280685,18.973957448329664,18.90173071759646,18.99627946288397,18.93145136232919
47.479094007952895,39768787559.04202,39638009754.17609,18.962545277782727,18.900187831194305,18.99561461669705,18.930728840634877
48.05172162692088,39827471053.91929,39634727395.90693,18.99052672999614,18.898622737785196,18.99516459707007,18.929986618393585
48.631255493719785,39839960297.08766,39631397766.195984,18.996481848409392,18.897035104416734,18.995125684255704,18.92922463225504
49.21777890202509,39832381757.05413,39628020066.056076,18.99286825047629,18.89542455011601,18.995114751322316,18.928442811909346
49.811376150086275,39790587810.52816,39624593522.76681,18.972940069307594,18.893790706434643,18.99482404553033,18.927641079835684
50.41213255284251,39793853176.24247,39621117360.802216,18.97449706033012,18.892133203586496,18.99432412947255,18.92681935160472
51.02013445418457,39806263946.307106,39617590773.0975,18.980414761213844,18.890451656747096,18.99392491137364,18.925977535847295
51.6354692393646,39838032636.78677,39614012935.87723,18.99556270181279,18.888745673124003,18.993785348246533,18.925115534146794
52.2582253475557,39849707588.999,39610383037.94691,19.001129550176262,18.887014865923625,18.993893796515653,18.92423324118382
52.8884922845628,39910826146.1405,39606700238.99342,19.03027208828829,18.885258834468033,18.994412513218165,18.923330544804887
53.526360635686835,39769732739.4374,39602963648.77763,18.96299595850857,18.883477154273578,18.994460367743685,18.922407325737144
54.171922078744295,39786968700.89533,39599172389.351746,18.971214406181055,18.88166940671737,18.99381285800094,18.921463457546615
54.825269397243595,39862305945.549866,39595325559.58514,19.007136696010587,18.879835162122486,18.993705542607938,18.920498806745098
55.48649649372027,39856250736.354324,39591422256.93198,19.004249452380986,18.877973990137207,18.99398934367486,18.91951323281911
56.15569840323338,39816725966.50796,39587461598.75015,18.985403259579833,18.876085469900296,18.994007835796708,18.918506588501494
56.83297130702432,39814385522.045425,39583442637.25588,18.98428728932238,18.87416914948968,18.99379067907785,18.91747871967299
57.51841254634043,39848630119.949684,39579364399.24702,19.00061579160108,18.872224564863313,18.99376011191316,18.916429465014435
58.21212063642555,39815856641.89234,39575225899.428894,18.984988748391626,18.870251246213183,18.99373630930575,18.915358655965903
58.91419528067912,39788546021.86758,39571026124.09231,18.9719665040495,18.868248710182677,18.993373879131596,18.91426611666891
59.6247373849859,39806462120.425804,39566764072.7567,18.980509254557226,18.866216479722855,18.992968503213458,18.913151664054954
60.34384907221895,39765556700.868835,39562438723.6354,18.961004740639016,18.864154067625602,18.992440887947225,18.912015107969548
61.07163369691718,39772877809.038666,39558049016.86261,18.96449558996269,18.86206096852592,18.991737709457688,18.910856251004088
61.808195860139854,39847628964.73204,39553593872.48601,19.00013842097175,18.859936667481165,18.991517046982793,18.909674888339815
62.553641424500675,39976245335.36076,39549072200.94865,19.06146525292232,18.857780644969008,18.992452128560707,18.908470807755986
63.308077529382736,39793781349.87462,39544482896.2437,18.974462812095858,18.855592373623498,18.99305037350943,18.907243789657866
64.07161260633724,39771184889.087524,39539824816.89341,18.963688372212403,18.853371309165443,18.99248160297487,18.905993606957527
64.84435639466776,39799057553.18412,39535096796.35845,18.97697861029571,18.85111689536579,18.99195781825639,18.904720024909807
65.62641995720267,39759638520.79989,39530297648.301575,18.958182835209968,18.84882856655546,18.991378946614507,18.903422801040488
66.41791569625771,39791017894.12823,39525426201.72414,18.973145141683194,18.84650576437911,18.99077077564687,18.902101685305485
67.21895736979077,39797375451.98022,39520481237.67528,18.9761765511383,18.844147907616836,18.990389317837824,18.900756420083777
68.02966010775216,39731968499.686386,39515461482.39989,18.94498922131306,18.841754388916986,18.989680935627735,18.899386739776283
68.85014042863149,39791228470.05449,39510365667.07529,18.973245548453963,18.83932460327978,18.988958836782444,18.897992370715237
69.68051625620426,39804355536.77002,39505192488.02637,18.979504793762565,18.836857929087124,18.98866115166528,18.896573031184985
70.52090693648064,39785824780.6891,39499940615.71723,18.97066896237861,18.83435373238997,18.98833892542837,18.89512843127002
71.37143325485853,39788151280.36893,39494608736.22483,18.971778283487584,18.8318113866838,18.987933512047018,18.893658272992784
72.23221745348323,39775299322.01892,39489195495.86745,18.965650215294446,18.82923024650637,18.98747773818367,18.892162250366408
73.10338324881701,39849001002.95088,39483699473.701645,19.000792635959048,18.826609634323713,18.987379393853104,18.890640048979055
73.98505584942022,39899704690.541046,39478119242.84442,19.02496915806829,18.823948869769765,18.987985286791673,18.88909134578212
74.87736197394675,39873760245.53362,39472453361.540985,19.0125983330229,18.821247265387296,18.98871407899836,18.887515809177
75.78042986935695,39775789654.37912,39466700338.24724,18.965884015471723,18.81850410997855,18.98872324981893,18.88591309885126
76.69438932934987,39669833091.990204,39460858647.63431,18.91536182872426,18.81571867623652,18.987580079570503,18.884282865513548
77.61937171301778,39749612685.89993,39454926769.41177,18.953402318631337,18.81289023925664,18.986322424707126,18.88262475094527
78.55550996372601,39745609391.04919,39448903140.71659,18.951493468386534,18.81001805383486,18.98551974089206,18.880938387998487
79.50293862822011,39844628434.25959,39442786141.44159,18.998707708635937,18.807101347472006,18.98527624503029,18.879223400243163
80.4617938759637,39754290047.515335,39436574153.59801,18.955632577255162,18.80413934867901,18.98508113835883,18.8774794018777
81.43221351870939,39806788257.20573,39430265518.33602,18.980664763030973,18.80113126648342,18.984681755322125,18.87570599773071
82.41433703030589,39742013082.384,39423858520.976166,18.949778677212798,18.79807628329213,18.984218519151845,18.87390278293631
83.40830556674398,39700519002.61769,39417351439.63444,18.929993478452076,18.79497357807675,18.983166799395033,18.872069342809453
84.41426198644395,39750747628.24529,39410742523.60345,18.95394348161197,18.79182231606534,18.982192438070438,18.870205252874303
85.4323508707883,39768667256.42301,39404029970.68649,18.96248791511215,18.788621637934824,18.98162499290008,18.868310078641798
86.46271854490156,39743449805.89522,39397211941.25612,18.95046373542818,18.785370666514417,18.98102831031333,18.866383375345123
87.50551309868081,39716594597.69237,39390286567.107185,18.937658640459297,18.782068511006916,18.980151583776443,18.864424687810622
88.56088440808018,39718514221.397896,39383251938.44263,18.938573955048117,18.778714260783268,18.979155757606375,18.862433550307642
89.62898415665175,39694903828.6806,39376106075.18682,18.927316052345823,18.775306971704218,18.978060142753847,18.86040948616572
90.70996585734608,39714516804.21944,39368846976.5053,18.93666790739383,18.771845689732274,18.976969369559903,18.858352007521308
91.80398487457624,39606164511.10402,39361472671.45047,18.885003388803657,18.7683294750806,18.975398874823803,18.856260615636128
92.91119844654749,39701025315.95795,39353981130.45218,18.930234898677046,18.764757360009966,18.973796263398903,18.85413480098961
94.03176570785615,39765753855.880974,39346370220.30489,18.961098748052212,18.76112832736574,18.973132018143477,18.851974042616266
95.16584771236167,39663440799.34704,39338637766.37202,18.912313857033023,18.757441340238138,18.972265563710977,18.84977780755959
96.31360745633391,39661919644.130135,39330781574.69455,18.911588540108735,18.75369535250407,18.97083655694451,18.847545550813717
97.47520990187972,39745304624.593994,39322799415.91861,18.951348149706725,18.749889301163467,18.969906676719244,18.845276715299306
98.65082200065248,39732701435.79853,39314689011.37751,18.945338699762505,18.74602209970294,18.969395377975925,18.842970731670633
99.84061271784705,39762129612.47046,39306448022.346794,18.95937063703883,18.742092632972362,18.96899264942109,18.840627017988098
101.04475305648423,39765665684.85339,39298074070.52397,18.96105670636059,18.73809976695002,18.968784779447223,18.838244979454476
102.26341608198875,39618921393.755264,39289564737.79699,18.891086123021253,18.73404234863221,18.96776785503529,18.83582400827117
103.49677694706244,39765440584.63117,39280917549.25637,18.96094937411795,18.729919197933096,18.966783681014952,18.833363483399935
104.74501291685849,39703164623.0085,39272129981.37229,18.931254962634213,18.725729111583693,18.966291590474224,18.830862770281446
106.00830339445916,39769150424.37172,39263199457.23563,18.962718299156183,18.721470860862713,18.965836455522705,18.828321220579294
107.28682994666,39674961537.24287,39254123338.21862,18.917807172957197,18.7171431876202,18.96522737936376,18.82573817185602
108.58077633006585,39619583386.14679,39244898931.3394,18.89140177410011,18.712744807789075,18.963789239269232,18.823112947251822
109.89032851750162,39665529330.86025,39235523510.29195,18.913309710208697,18.708274421412657,18.962335325366013,18.8204448553317
111.21567472474072,39710711944.34343,39225994283.03171,18.934853674873732,18.70373069718882,18.96143055809227,18.817733189870196
112.5570054375567,39744510643.66467,39216308386.29868,18.95096956387985,18.699112269858514,18.96099295561692,18.81497722942793
113.91451343910114,39661633105.82688,39206462909.3743,18.911451912972662,18.694417751533486,18.960284555584806,18.812176237042674
115.28839383761098,39646250652.62565,39196454880.6191,18.904117254733993,18.689645725277217,18.95904021648021,18.809329459984404
116.67884409445062,39605763841.26918,39186281252.66096,18.88481234149367,18.684794738042335,18.95750893846835,18.806436129356516
118.08606405249265,39662874390.013435,39175938922.14594,18.912043781848602,18.67986331008825,18.956111140353475,18.80349545973558
119.51025596483952,39807228409.70273,39165424748.47176,18.980874636455983,18.674849943913607,18.95588735624976,18.80050664903687
120.95162452389278,39716834413.949425,39154735492.51259,18.93777298959871,18.669753095039077,18.955965711574546,18.797468878140187
122.410376890773,39854032251.09448,39143867831.7879,19.003191634686004,18.664571179240173,18.956314280958455,18.79438131026661
123.88672272509324,39607457135.77774,39132818429.72928,18.885619737840354,18.65930260557501,18.95602379669391,18.791243090848866
125.38087421509283,39691756538.41304,39121583856.26656,18.925815362034044,18.653945738518225,18.95483480580835,18.78805334734234
126.89304610813464,39691198378.52855,39110160579.07061,18.925549220350288,18.648498893785344,18.954144111660455,18.78481118854498
128.42345574156886,39582505561.38428,39098545021.965805,18.873722333161233,18.642960366185036,18.952849031610505,18.781515704216066
129.97232307397022,39625684961.43366,39086733523.03323,18.894311126000048,18.63732840964186,18.95121973310858,18.778165964793835
131.53987071675215,39638513799.46713,39074722332.793594,18.900428169968507,18.63160123632985,18.94994436255635,18.774761020874333
133.12632396616075,39618404768.16237,39062507632.105225,18.890839785710053,18.625777025206645,18.948656971499066,18.771299902794055
134.731910835656,39481198689.793846,39050085529.70462,18.825417211044243,18.619853920840765,18.946507544524735,18.76778162030898
136.3568620886835,39567184668.747986,39037452049.7551,18.86641702821875,18.613830027474563,18.944127288560246,18.7642051621967
138.00141127184006,39648052402.74076,39024603119.605,18.90497636486116,18.6077034031871,18.94274570120728,18.760569495728443
139.66579474844085,39571263707.052475,39011534580.46267,18.868361994441916,18.601472064984165,18.941414548192764,18.756873566145604
141.35025173249107,39542470173.15831,38998242184.37242,18.854632667407117,18.595133987356395,18.93952019140681,18.753116296191347
143.05502432306622,39597825379.772385,38984721596.726906,18.881027125880916,18.588687103477177,18.937823594180283,18.749296585650676
144.78035753910876,39524235564.25339,38970968398.61105,18.845938044860002,18.582129306320326,18.936059831076953,18.74541331092877
146.5264993546428,39613350364.14935,38956978061.861176,18.888429745806103,18.575458436767736,18.93443105405799,18.7414653245108
148.2937007344144,39449814020.848816,38942745957.12736,18.810452379516132,18.56867228745372,18.932411952159946,18.737451454340256
150.0822156699622,39535644862.461464,38928267369.10865,18.851378224134695,18.561768610029418,18.93001022084022,18.733370503343938
151.8923012161215,39571833443.53314,38913537473.96183,18.86863365607593,18.554745104390886,18.928352919375588,18.729221248925267
153.72421752796987,39536483022.6209,38898551337.66304,18.851777875493184,18.547599417897857,18.926737194467115,18.725002442333516
155.57822789821867,39403573049.981476,38883303926.6442,18.788403769096245,18.540329150445412,18.92420605106959,18.720712808099222
157.45459879505376,39428608154.72636,38867790097.06057,18.800341002700716,18.532931849346536,18.92113090677605,18.716351043481655
159.35359990043426,39455713099.182724,38852004585.9933,18.813265176859723,18.525405005137326,18.91842319385804,18.71191581781922
161.2755041488532,39553042859.62323,38835942013.303665,18.859673933638863,18.517746052461117,18.91648486078647,18.7074057718563
163.22058776656405,39523160913.69513,38819596886.782936,18.84542563019716,18.50995237252405,18.91496911261442,18.702819517125786
165.189130311282,39362837636.4833,38802963593.08233,18.768980317432764,18.502021288770287,18.912410511803703,18.698155635323577
167.1814147123639,39506928196.39132,38786036388.910706,18.837685549200273,18.493950062684902,18.909831147237824,18.693412677596985
169.1977273114714,39464924891.63307,38768809411.852325,18.81765754188141,18.485735898952,18.907883217105432,18.688589163862016
171.23835790372596,39286853441.44591,38751276678.91736,18.732749548851917,18.477375944763583,18.904733769204324,18.68368358218935
173.30359977936027,39378220854.70813,38733432063.89734,18.776315340449827,18.468867279022156,18.901178324430596,18.678694388068067
175.3937497658705,39473581134.49643,38715269289.69623,18.82178500986087,18.46020690868405,18.898761954410705,18.673620003516053
177.5091082706783,39331406690.34221,38696781954.614456,18.75399342002134,18.45139178129217,18.896130367138298,18.668458816317834
179.64997932430765,39340134503.8387,38677963524.942474,18.75815501429568,18.442418781444438,18.892812481763706,18.66320917938593
181.81667062408056,39396452838.41023,38658807305.27377,18.785008711248263,18.433284716638475,18.88994221819478,18.657869409927056
184.00949357834142,39393065349.404625,38639306446.66205,18.783393489422565,18.42398632116108,18.887436907160062,18.652437788507786
186.22876335121506,39372451956.03766,38619453953.008125,18.773564615347148,18.414520259133653,18.884854802649517,18.64691255822438
188.4747989079024,39301808709.63756,38599242676.07666,18.739880516820314,18.40488312213606,18.881816728844463,18.641291923899907
190.74792306052458,39348176787.22654,38578665305.01127,18.761989734241627,18.395071424207227,18.878717479295265,18.635574051212757
193.04846251451977,39319499898.973236,38557714350.09372,18.748316026157823,18.38508159410122,18.875789041860433,18.629757065694704
195.37674791559772,39284053157.76687,38536382153.31117,18.73141431815182,18.37490998032589,18.872567561975263,18.623839051721536
197.73311389726268,39368640741.87308,38514660905.89514,18.771747352976455,18.364552859505828,18.86970403377557,18.617818051686584
200.11789912890913,39314535378.10323,38492542609.98522,18.74594884431603,18.35400641810284,18.8670758264,18.611692065074497
202.53144636449608,39180066834.92926,38470019073.83894,18.681831580630572,18.343266750131935,18.863442032297783,18.605459047314508
204.97410249181,39180175437.686584,38447081936.46304,18.68188336457546,18.332329868905987,18.85913997274472,18.599116908773876
207.44621858232193,39302190854.90748,38423722632.64343,18.740062731250987,18.32119169036134,18.85563376419712,18.592663513714825
209.94814994164432,39293742193.759056,38399932391.38541,18.736034242343052,18.309848032314058,18.85284767246641,18.586096679070966
212.48025616059775,39249152804.20737,38375702255.30246,18.714773138593603,18.298294623704916,18.84982678675443,18.579414173354113
215.04290116689413,39233049034.76608,38351023059.3777,18.707094542490566,18.286527094472408,18.84653561903134,18.5726137155752
217.63645327744084,39222698603.85026,38325885435.0905,18.702159252104998,18.274540977520406,18.84317319698023,18.56569297409493
220.26128525127794,39160379409.582855,38300279791.47156,18.67244422644031,18.262331699684864,18.839478213206064,18.558649565417227
222.91777434315375,39151901558.42638,38274196298.259995,18.668401819158607,18.24989457370277,18.83547270612402,18.55148105280914
225.60630235774448,39107117103.820854,38247624907.14566,18.64704770452946,18.237224808340898,18.83126002290419,18.544184944979644
228.32725570452996,39220406852.209015,38220555335.80003,18.701066499548787,18.22431750078143,18.827539440010725,18.536758694818214
231.08102545333108,39022488046.43031,38192977059.284805,18.606694894421743,18.211167632525406,18.82341845258828,18.529199698024847
233.86800739051486,39221116408.39868,38164879320.331726,18.7014048299883,18.197770074294343,18.819412532535075,18.521505291782688
236.68860207588085,39137165595.8956,38136251099.312515,18.661375420471277,18.1841195717113,18.816139692326338,18.51367275334923
239.54321490022994,39045118653.02751,38107081106.90626,18.6174856157035,18.170210741804553,18.8119500192528,18.50569929847053
242.4322561436301,39162664112.19159,38077357789.501144,18.673533617878256,18.156038075583247,18.808010727972935,18.497582079822635
245.35614103438468,39152366136.67186,38047069308.93228,18.66862333926409,18.141595928375978,18.804766209234547,18.48931818540504
248.31528980870976,39101170358.582634,38016203563.500465,18.64421217866215,18.126878529852966,18.801249835579327,18.480904636977918
251.31012777113347,39100415621.78998,37984748190.12938,18.64385230521662,18.111879985054657,18.797525043835304,18.472338388666635
254.3410853556237,39042224697.777275,37952690508.90789,18.616105720543683,18.096594247948374,18.7935536082967,18.463616325296314
257.408598187451,38952523960.74449,37920017518.87913,18.573334633169964,18.081015119420474,18.788839851406706,18.45473526043054
260.5131071457995,38913985932.935455,37886715914.43011,18.554958938508406,18.06513625509126,18.783515165724886,18.44569193452609
263.6550584271334,38963469366.65793,37852772070.41585,18.578553619414116,18.048951158221843,18.77838143509969,18.436483013138783
266.8349036093247,38944512251.43288,37818172039.02283,18.56951449154889,18.032453178218585,18.773539438088683,18.42710508507053
270.05309971655794,38996652739.153496,37782901527.68019,18.594376108407086,18.015635500100732,18.769001995360835,18.417554660417196
273.31010928501604,38858969148.98862,37746945895.07608,18.52872584666267,17.99849114260091,18.764082447860318,18.407828168516016
276.6064004293574,38846468341.7377,37710290155.34445,18.52276521426591,17.981012960161486,18.75843539645533,18.39792195594304
279.9424469099964,38920532825.02927,37672918950.39285,18.55808062627858,17.96319362973991,18.753272798298394,18.387832284424366
283.3187282011958,38825114293.93238,37634816541.4725,18.512583181490303,17.94502564678916,18.748106157822402,18.377555328593544
286.7357295599775,38928843824.75865,37595966802.50532,18.562043475496402,17.926501322075925,18.743115610396874,18.367087173716836
290.1939420958668,38788557675.622406,37556353207.557755,18.495152262107197,17.907612775707904,18.738028551446483,18.356423813363815
293.69386284147885,38610231487.895676,37515958831.5044,18.410122805175373,17.888351937450206,18.73126108980049,18.345561147066505
297.2359948239523,38687034052.253586,37474766330.60476,18.446743788450874,17.868710537463976,18.724089157684695,18.33449497792739
300.8208471372484,38571637549.80928,37432757917.7174,18.391720451386618,17.848680094488017,18.716862641806948,18.32322101003417
304.44893501532135,38586798178.04437,37389915365.53041,18.39894933908959,17.828251917379138,18.709245587297534,18.311734845815018
308.1207799061689,38461563100.046555,37346219995.327126,18.339234774410578,17.807417099755412,18.701182501223467,18.300031983410722
311.836909546778,38633699674.58823,37301652643.38139,18.421312901229577,17.7861665039728,18.693585428667372,18.28810781385512
315.5978580389755,38587372062.039536,37256193665.357605,18.39922297834063,17.764490763223147,18.686871561734254,18.27595761815865
319.4041659261899,38360108691.319885,37209822938.33775,18.29085930366599,17.742380282500744,18.678765292738643,18.263576564497168
323.2563802711419,38365342968.796074,37162519827.98905,18.29335511079844,17.71982522294718,18.66960484784725,18.2509597052923
327.15505473447257,38495850283.62146,37114263148.72337,18.35558358238018,17.696815482854593,18.66143238868982,18.238101973950133
331.100749654316,38312761959.27678,37065031179.62211,18.26828344442488,17.67334070525894,18.653145935923433,18.224998181544013
335.0940321268354,38584773186.283806,37014801649.87437,18.39798378292598,17.649390270996665,18.64557348076912,18.211643013582655
339.13547608772984,38527743865.76482,36963551692.271835,18.37079107379707,17.624953276530096,18.639383584848446,18.1980310265087
343.2256623947215,38150922085.25369,36911257851.83844,18.191114988274258,17.600018538062265,18.63087896536013,18.184156644068295
347.36517891104063,37900984251.35683,36857896091.826836,18.071939680632205,17.574574594396147,18.6190399692609,18.17001415384907
351.5546205899174,38392718860.51982,36803441731.648476,18.306408477978934,17.54860967733847,18.6088723256823,18.155597703581243
355.79458956008955,37940293892.280235,36747869429.45553,18.09068329570362,17.522111703394458,18.59913564007953,18.140901297078788
360.08569521234466,38188770992.52392,36691153192.37388,18.20916209661923,17.49506827864711,18.588501394147382,18.125918790237158
364.428554287106,38198434772.64731,36633266320.72247,18.213769978312186,17.46746667215988,18.579569078895705,18.11064388686635
368.82379096307136,37987966487.38652,36574181404.1377,18.113414532904912,17.439293814128707,18.569706717546357,18.095070134287432
373.2720369469261,38218994763.81385,36513870319.422485,18.22357338916115,17.410536294856424,18.560209091199205,18.079190918999476
377.7739315641329,38064406223.35547,36452304175.54338,18.14986251242103,17.38118033852628,18.55135518365202,18.06299946212449
382.3301218508199,38205850249.777336,36389453287.53515,18.217305824624468,17.351211790759127,18.542646818942963,18.046488814503174
386.94126264677766,38095712978.78671,36325287175.86122,18.164790193243185,17.32061611830847,18.53431308488239,18.029651851756753
391.60801668957356,38101774298.37943,36259774528.127945,18.16768035043114,17.28937839080508,18.525592867903004,18.01248126924466
396.33105470980524,37786220215.54532,36192883176.31781,18.017217916180474,17.257483269901314,18.51532023378812,17.994969576797313
401.11105552750286,37788706851.41064,36124580075.852066,18.018403593393174,17.22491499928779,18.503533427948962,17.977109093326924
405.94870614969005,37717160988.44637,36054831253.962776,17.98428910941793,17.19165738007614,18.491633294919115,17.958891941155112
410.84470186912574,37751840943.85901,35983601785.18146,18.00082519877613,17.15769375911151,18.479810462032784,17.94031004004567
415.7997463642362,37541037261.11206,35910855785.61871,17.900309829207025,17.123007026244984,18.467264612101932,17.92135510120864
420.81455180024926,37704732826.09631,35836556338.29746,17.97836311554817,17.08757957873098,18.454762591827098,17.902018620990084
425.88983893155137,37712880674.794846,35760665462.95758,17.982248171124308,17.051393306829517,18.44352213336931,17.882291874120476
431.02633720527984,37487205654.346924,35683144145.6482,17.87464185330647,17.014429607916394,18.431311393730486,17.862165907121735
436.22478486616023,37467120176.765976,35603952241.48876,17.865064699929864,16.976669340117738,18.41800876596697,17.84163153148406
441.48592906261183,37403604376.04976,35523048423.79139,17.83477910861915,16.938092798050565,18.404547620950957,17.82067931616936
446.81052595413337,37389214767.28878,35440390160.885704,17.827917858266606,16.898679701772362,18.390967020245622,17.79929957987494
452.1993408199794,37152690174.38525,35355933673.8685,17.715138249494686,16.858409176635316,18.37628339436462,17.777482383110332
457.65314816915196,37100897458.211006,35269633935.27567,17.69044245699522,16.81725975265306,18.36032538520646,17.755217520217013
463.17273185171797,37200074090.939285,35181444554.13925,17.73773183904681,16.775209309693583,18.3450182025343,17.732494510916652
468.7588851714661,36902941058.64116,35091317757.0878,17.596052926404248,16.73223506846754,18.328942128022295,17.709302591306837
474.41241099992544,37118488137.05394,34999204355.06471,17.69883004093981,16.688313574658853,18.312803455786398,17.685630704774933
480.1341218917604,36811786599.80902,34905053631.87571,17.55258867569482,16.64342064578198,18.296514582761933,17.66146749230695
485.9248402015522,40663936462.879265,34808813300.85281,19.38936999790201,16.597531350518427,18.300778388037585,17.63680128215418
491.7853982019932,36892323160.96628,34710429502.4365,17.590990102572473,16.550620007563857,18.30513795617434,17.61162007948744
497.7166382035078,36328100434.85672,34609846746.446655,17.32195753589635,16.502660158101765,18.285012480782285,17.585911555954922
503.71941267531,36816560968.86888,34507007752.31737,17.55486518938878,16.453624489624243,18.264971522899444,17.559663038255472
509.79458436792675,36354208319.25517,34401853411.798134,17.33440629207927,16.40348481814718,18.24552064597071,17.53286149587363
515.9430264371982,36070667401.35593,34294322800.02483,17.199208368688062,16.35221209348914,18.22232357586515,17.505493528958723
522.1656225697697,36134386398.17797,34184353051.75815,17.229590847925053,16.299776340259363,18.198446210377707,17.47754535585015
528.4632671101007,36448269739.09034,34071879221.193466,17.37925663934894,16.24614659101237,18.177275845175057,17.44900279940661
534.8368651890073,36212631462.23527,33956834212.753162,17.266899643616817,16.19129085324834,18.157030394629768,17.419851272478976
541.2873328537482,35813305908.67726,33839148745.49105,17.076493313560178,16.135176092440464,18.13367255050663,17.390075763136476
547.8155971996863,36056562109.958755,33718751266.822227,17.192482686483693,16.077768190899615,18.110008316077952,17.359660819552854
554.4225965035367,36169628156.41744,33595567777.690285,17.246394815994044,16.01903186441061,18.088912957191475,17.328590533772765
561.1092803582181,35783128206.00791,33469521797.43265,17.06210398744865,15.958930645479324,18.066756018842042,17.29684852468157
567.8766098093348,35695334133.60675,33340534212.622486,17.02024203552074,15.89742681125749,18.042455149287196,17.264417920322426
574.7255574933044,35429279394.15642,33208523025.93205,16.893381868217286,15.834481263795809,18.016725310924514,17.2312813383566
581.6571077771479,35451213215.56517,33073403452.75283,16.903840348525762,15.770053576114316,17.990235926816215,17.197420866125757
588.6722568999686,34840396332.75029,32935087975.123085,16.61259076542959,15.70410201791611,17.961026478565543,17.162818042035475
595.7720131161401,35317013322.73829,32793485726.590633,16.839851182644725,15.63658326227776,17.931787862948628,17.127453834187293
602.9573968402125,35667944320.47438,32648502403.991302,17.00718203033699,15.567452343583506,17.907911993758,17.091308615561996
610.229440793577,34466012928.535995,32500040408.032345,16.43407734600175,15.49666272455823,17.879742456845662,17.05436214009432
617.5891901528903,35115785581.016815,32347998413.83484,16.74390181134759,15.424166091493563,17.849184210374062,17.01659351766364
625.0377027002941,34662085922.20511,32192271311.02061,16.527568831370296,15.349912325680142,17.820420073292773,16.97798118692543
632.5760489754474,34681925045.95291,32032750038.45178,16.537028518361776,15.273849424608162,17.78990284350462,16.93850288751098
640.2053124293863,34507790007.01836,31869321268.238083,16.453997484153287,15.195923351295804,17.75923053564188,16.89813563016247
647.9265895802449,33922859983.056934,31701867250.169815,16.175091267884163,15.116077960111777,17.724983530645705,16.856855664917326
655.7409901708554,34188213599.086357,31530265450.181816,16.301617125659206,15.034254824387801,17.689771604997254,16.81463844711871
663.6496373282415,33310733474.374016,31354388409.868324,15.88321722924524,14.950393169432502,17.651897710553733,16.771458601403147
671.6536677250424,33372779327.6196,31174103668.317623,15.912801920498936,14.86442983526062,17.610347062104367,16.72728988530839
679.7542317428836,33751405963.102757,30989273052.242058,16.093338596606163,14.776298938112951,17.572280617063807,16.682105149271067
687.9524936377117,33655510532.45072,30799752402.55584,16.047613756668007,14.685931740083234,17.53669693510077,16.635876292032787
696.249631707129,33301501963.761127,30605391594.171383,15.878815462213261,14.593256658557427,17.499406336756625,16.588574215680126
704.6468384597479,32289548539.682053,30406033972.801052,15.396296034266964,14.498198997669638,17.455261501960106,16.54016877866075
713.145320786579,34144296547.67764,30201515917.07056,16.280676606047734,14.400680739509117,17.417020000665648,16.490628744262416
721.746300134495,32567016421.743805,29991666353.33083,15.52859821393274,14.300620312772953,17.381135547860847,16.439921725097125
730.451012681785,33531762848.5754,29776306221.198116,15.988608410955049,14.197932337925016,17.342727518705786,16.38801412313958
739.2607095158205,32289450874.85265,29555248072.0299,15.39624946574267,14.092527435741317,17.30358693033687,16.334871065903894
748.176656812871,32678529444.203396,29328295543.66451,15.581769830852492,13.984311976855457,17.260609519795338,16.280456338893497
757.2001360200866,32083093074.634956,29095242687.688038,15.297853980986133,13.87318776098618,17.217451405545827,16.224732312879638
766.3324440396711,35565210793.99492,28855873123.92886,16.958196650923025,13.75905161378361,17.191758846298686,16.16765986432143
775.5748934152812,47890866574.82231,28609959792.3362,22.835313358977224,13.64179526852005,17.2562623589791,16.109198291514325
784.9288125206746,32038028532.20841,28357263758.39243,15.276366314938551,13.521304796486906,17.29836083781092,16.049305224544156
794.3955457506266,31064466211.03911,28097533270.51037,14.812152524952925,13.397460157543057,17.244924178608237,15.987936525311527
803.9764537141556,31110324793.278885,27830502778.44212,14.834018804904398,13.270134732072762,17.187548042111114,15.925046179054858
813.6729134300795,29735583536.971886,27555891838.53453,14.178514955830419,13.139194798989784,17.123977147391134,15.86058617671177
823.4863185249237,30849034643.016975,27273404425.353344,14.709430488058576,13.004499207506155,17.060520744050663,15.794506390009621
833.4180794332223,29094307363.342785,26982726935.73186,13.872741779820172,12.865898425423062,16.994848471096077,15.72675443430902
843.4696236002361,30416094344.39784,26683526587.939568,14.502995982029097,12.723233775822758,16.928390852503675,15.657275514394271
853.6423956871075,28788956393.382877,26375450027.133457,13.727144391796129,12.576336772120133,16.861683160161537,15.586012257005432
863.9378577784973,28795083285.610306,26058122551.47183,13.730065815314566,12.425028749058464,16.787455140670005,15.512904535110748
874.3574895927261,28988554577.0745,25731144366.85101,13.822316757561527,12.269119076893723,16.716119460618707,15.437889270716154
884.9027886944416,28900592731.807846,25394087857.85853,13.780374808209666,12.108403860131022,16.64706027701623,15.360900205811674
895.5752707098593,28881316925.7245,25046496528.899467,13.771183722233546,11.942665432632689,16.579033838032164,15.281867657405595
906.3764695445994,27844806029.396477,24687880995.337708,13.276954805313336,11.771670446115053,16.506621165959764,15.20071824963799
917.307937604142,27990525064.34897,24317715524.93134,13.346436526223712,11.595168221036367,16.430932596029706,15.117374610081027
928.3712460169497,26724420895.81181,23935434355.081497,12.742732991469694,11.412888990588135,16.350661087945163,15.03175503289007
939.5679848602816,29403504518.12838,23540426131.00454,14.0201731049185,11.2245412487055,16.28040594127173,14.94377309765505
950.8997633887208,25960878332.470314,23132029215.891804,12.378660780131044,11.029809513858549,16.20729523969108,14.853337239406455
962.368210265473,25854201296.946056,22709525727.837803,12.327795057528233,10.828351485741633,16.115981874835306,14.760350268593937
973.9749737964391,26294253664.60495,22272133551.761444,12.53762073888547,10.619794236399239,16.028733420723967,14.664708823567997
985.7217221671224,25713000730.667778,21818995403.72149,12.260467831941451,10.403728995875088,15.942719908881111,14.566302729045269
997.6101436823909,24514444057.15018,21349168914.646763,11.688972280164222,10.179706423938379,15.848670310439102,14.465014252028165
1009.6419470091245,22901135343.641457,20861624507.023457,10.919714744174923,9.947235597646248,15.740952452775,14.360717307613179
1021.8188614217956,24461473359.388897,20355221673.421837,11.663714802721572,9.705772700475654,15.635594877307732,14.25327653690306
1034.1426370510137,22262182220.019398,19828683407.31995,10.615049244401366,9.45470883043388,15.528997085385933,14.142546128291194
1046.6150451350566,20492001154.607815,19280583636.4929,9.770991865158763,9.193364008049745,15.402518317363242,14.028368451707582
1059.2378782744452,21101038574.423225,18709320667.909466,10.061392965065766,8.920974514374548,15.272558057283765,13.910572503774903
1072.0129506895892,19341363852.689487,18113086125.60704,9.22234521850053,8.636678079945854,15.139097379899843,13.788972064206312
1084.9420984815295,19554026663.926228,17489815172.229115,9.323747057341865,8.339490149431022,15.000127326735146,13.663363438631357
1098.027179895836,20614483416.56196,16837123466.707245,9.829393832646018,8.0282738218018,14.871669460891193,13.533522617197157
1111.270075589688,20297984369.213043,16152257785.108982,9.67848082060564,7.701716305376992,14.750410510838698,13.399201865953364
1124.6726889021647,19305194373.124107,15431981129.135687,9.205098894535686,7.3582741352795,14.62460617279354,13.260125468916055
1138.2369461278074,17305789381.270428,14672436784.42162,8.251743008833559,6.996108353741874,14.484847297318982,13.11598415350133
1151.9647967934795,16058803744.488281,13868991758.878313,7.657155568542086,6.613009858409187,14.330088260564207,12.966427995168875
1165.8582139385567,13846867335.545135,13015975875.748188,6.602460495329477,6.206274996741394,14.15942584449709,12.811057128622615
1179.919194398505,14862952892.3616,12106301130.429306,7.086950205975747,5.772524067811131,13.986161425480837,12.649409051321383
1194.1497590918812,12929616505.863918,11130879438.93197,6.165097139378757,5.307423693240013,13.811721131158487,12.480940782192858
1208.5519533107824,10447545363.367298,10077758865.07969,4.981596476895803,4.805274953226491,13.616455261948428,12.30500326584608
1223.1278470148095,16383777059.68943,8930640284.004059,7.812109279273754,4.258306102332096,13.445610943547889,12.120803104905361
1237.879535128577,8991108664.371525,7666155292.47807,4.287138623285618,3.655374623234575,13.27013647891475,11.927341403283576
1252.8091378427982,15755002642.970592,6248466432.290079,7.512297188476646,2.979392506324131,13.09574707737538,11.723308092506782
1267.918800919016,10633832661.74643,4615022167.133732,5.070421949006203,2.200533940651834,12.934365569951984,11.506867501315204
1283.210695998004,7310273192.157194,2642842805.4622135,3.485682991804573,1.2601597744521924,12.729169492640786,11.275177456205698
1298.6870209118815,0.0,0.0,0.0,0.0,12.46863621307572,11.022886562324747
1314.35,0.0,0.0,0.0,0.0,12.173231904079449,10.76173465024369
