R_kpc,Sigma_bar,Sigma_eff,kappa_bar,kappa_eff,kappa_bar_mean,kappa_eff_mean
1.0,40445504725.87253,40448564366.91227,18.83730891580991,18.83873392963599,0.0,0.0
1.0120606264911474,40445551300.650696,40448608694.046646,18.83733060779991,18.83875457479617,0.4462898228554838,0.4463235715086307
1.0242667116936537,40445605797.04506,40448654105.3092,18.837355989246436,18.83877572488409,0.882006798900344,0.8820734338896525
1.0366200099307066,40445638362.935074,40448700627.24593,18.837371156660826,18.838797392263434,1.307401339522765,1.3075001093477332
1.0491222966837304,40445686788.26279,40448748287.34655,18.837393710535814,18.8388195897374,1.722717969448246,1.7228481850662678
1.0617753688475675,40445736551.43354,40448797113.68561,18.837416887505086,18.838842330381592,2.1281955468193425,2.128356453827072
1.0745810449887383,40445787880.88386,40448847135.14144,18.8374407939619,18.838865627645955,2.524067192431692,2.524258051297808
1.0875411656068144,40445839705.03094,40448898381.33949,18.83746493082147,18.83888949532841,2.910560499337249,2.910780590067687
1.1006575933989453,40445891280.14931,40448950882.41012,18.837488951697058,18.83891394746203,3.287897658496686,3.2881462905059875
1.113932213527575,40445949104.69797,40449004669.19974,18.83751588321623,18.838938998413386,3.6562956287584734,3.656572108520132
1.127366933891388,40446001496.84495,40449059773.44301,18.83754028461916,18.838964662962763,4.015966199628853,4.0162698602890865
1.1409636853995222,40446055348.07927,40449116227.68868,18.837565365585345,18.838990956269587,4.367116117126685,4.367446344042108
1.1547244222490889,40446114516.331856,40449174065.37434,18.83759292292848,18.839017893907254,4.709947288293651,4.710303458952337
1.1686511222060412,40446176988.85768,40449233320.71292,18.83762201922177,18.839045491810296,5.0446568466183015,5.045038321213404
1.1827457868894284,40446231879.37102,40449294028.66176,18.837647584227405,18.83907376625992,5.371437183684377,5.371843377365151
1.19701044205908,40446295053.748436,40449356225.20763,18.837677007404864,18.839102734016805,5.690476161332615,5.690906514935876
1.2114471379067577,40446360078.7307,40449419947.343864,18.837707292493068,18.83913241231043,6.001957241924429,6.002411170464732
1.2260579493508208,40446428223.903595,40449485232.948906,18.8377390307958,18.839162818782505,6.306059513035376,6.306536434964033
1.2408449763344431,40446492334.2363,40449552120.770676,18.837768889890153,18.83919397147969,6.602957786586183,6.603457156882251
1.2558103441274293,40446564321.258575,40449620650.44398,18.837802417516667,18.839225888861726,6.892822759763259,6.893344042627639
1.2709562036316695,40446629646.239296,40449690862.70306,18.83783284232778,18.839258589900393,7.1758210702617,7.176363754711556
1.2862847316902777,40446702982.50711,40449762799.40773,18.837866998359235,18.83929209409171,7.452115409539997,7.452679007567876
1.3017981314004599,40446780055.090096,40449836503.473076,18.837902894562397,18.839326421423184,7.721864671347685,7.7224486611020575
1.3174986324301545,40446852420.98604,40449912018.83289,18.837936598647588,18.839361592356774,7.985223914651887,7.98582781202325
1.3333884913384921,40446933373.18026,40449989390.46915,18.837974301761943,18.83939762784263,8.242344552272275,8.242967883012565
1.34946999190012,40447007385.025734,40450068664.55384,18.838008772440602,18.839434549385146,8.49337439651123,8.494016709779716
1.3657454454334392,40447090128.2868,40450149888.5293,18.838047309736154,18.839472379080373,8.738457759565533,8.739118626058389
1.3822171911327976,40447177505.77378,40450233111.05879,18.838088005401243,18.839511139593007,8.977735597822846,8.978414546588047
1.3988875964046932,40447258430.288574,40450318382.00728,18.838125695624033,18.83955085414742,9.211345444155688,9.21204204812939
1.415759057208029,40447348483.1478,40450405752.45597,18.83816763733151,18.839591546534454,9.439421598713436,9.440135448560403
1.4328339983984741,40447433152.039696,40450495274.7374,18.83820707148082,18.839633241127746,9.662095184737206,9.66282588409871
1.4501148740769754,40447526187.5452,40450587002.662254,18.83825040234216,18.839675962989382,9.879494215655923,9.880241384695896
1.467604167942475,40447622083.050934,40450680991.53691,18.838295065235542,18.839719737878053,10.091743716877783,10.092506947646891
1.4853043936488803,40447718173.87655,40450777297.98468,18.83833981909826,18.839764592165803,10.298965706746843,10.299744609454576
1.5032180951663396,40447822463.71705,40450875979.953255,18.838388391614675,18.83981055284151,10.501279342583263,10.502073515990787
1.5213478471468749,40447916881.064514,40450977096.97536,18.838432366062598,18.839857647632265,10.69880090224883,10.699609990996624
1.5396962552944244,40448023279.21246,40451080710.233086,18.83848192051357,18.839905905033348,10.891643930959784,10.892467602961608
1.5582659567393489,40448129210.40637,40451186882.409,18.83853125748283,18.839955354238878,11.079919334600554,11.080757230417914
1.5770596204174525,40448236720.9913,40451295677.78982,18.838581330046242,18.8400060251901,11.263735334589642,11.264587125687385
1.5960799474535783,40448347497.44762,40451407162.357895,18.83863292367432,18.840057948617993,11.443197608969182,11.444062977119385
1.615329671549826,40448462315.5216,40451521403.81993,18.83868639966735,18.840111156056643,11.61840934563374,11.619287969854755
1.6348115593784562,40448579327.3031,40451638471.65493,18.83874089736962,18.840165679865578,11.7894712817699,11.790362845150591
1.65452841097953,40448701200.32105,40451758437.118835,18.83879765917055,18.840221553231927,11.95648177259129,11.957385958299824
1.6744830601633456,40448835985.10648,40451881373.2888,18.83886043456815,18.840278810191048,12.119536902411886,12.120453335178816
1.6946783749177292,40448947065.415215,40452007355.29292,18.838912169714103,18.840337485733496,12.278730320057182,12.279658727456795
1.7151172578202367,40449079111.84262,40452136460.31118,18.83897366973397,18.840397615805504,12.434153502769831,12.435093666498512
1.7358026464553273,40449210561.72594,40452268767.420616,18.839034891916157,18.840459237236836,12.58589588583292,12.586847515989017
1.7567375138365704,40449346613.79811,40452404357.73312,18.839098257546766,18.840522387804988,12.73404469625002,12.735007523311584
1.7779248688339402,40449484838.86469,40452543314.55941,18.839162635239582,18.840587106311546,12.878685109488615,12.879658869710017
1.7993677566062685,40449626704.58057,40452685723.446526,18.839228708548163,18.840653432599648,13.019900277880806,13.0208847192637
1.8210692590389104,40449772171.96522,40452831672.217636,18.839296459317513,18.840721407572538,13.157771391563534,13.158766266702704
1.8430324951866892,40449922689.18018,40452981251.037674,18.839366562022242,18.84079107322412,13.292377724957955,13.293382784090687
1.8652606217221832,40450076377.811874,40453134552.4576,18.839438141799814,18.840862472659584,13.423796671848494,13.424811666402386
1.88775683338942,40450236014.9692,40453291671.48871,18.839512492076004,18.84093565013,13.55210379753454,13.553128476021964
1.9105243634630407,40450393336.138374,40453452705.70099,18.8395857636913,18.841010651078147,13.677372846398164,13.67840698618803
1.9335664842130058,40450557544.37317,40453617755.31271,18.83966224292592,18.841087522180228,13.79967582144079,13.800719223410455
1.9568865073748998,40450730732.697334,40453786923.258385,18.83974290459611,18.841166311377517,13.919083081871124,13.920135508883098
1.9804877846259143,40450900899.57739,40453960315.242355,18.839822159042523,18.841247067901328,14.035663264829223,14.036724498916046
2.0043737080665673,40451084146.47707,40454138039.83205,18.839907505448277,18.84132984231645,14.14948340486785,14.150553224410787
2.0285477107082346,40451261469.637344,40454320208.505295,18.83999009289948,18.84141468654317,14.260608931197812,14.26168712940091
2.0530132669665586,40451445366.50087,40454506935.76704,18.84007574202292,18.84150165391164,14.369103688040113,14.370190108680593
2.0777738931608125,40451639517.40257,40454698339.34688,18.84016616691776,18.841590799253886,14.475030095995859,14.476124544543351
2.102833148019282,40451834444.1491,40454894540.21009,18.840256953158782,18.84168217890893,14.578449064387469,14.579551342651552
2.1281946331907466,40452043178.99719,40455095662.598785,18.84035417045998,18.841775850741964,14.6794200798393,14.680529967056364
2.153861993762124,40452243917.9975,40455301834.1869,18.840447663731627,18.841871874216544,14.778001170084103,14.779118474389122
2.1798389187823672,40452469292.618034,40455513186.10204,18.840552630930766,18.841970310404758,14.87424904961131,14.875373547243637
2.206129141792668,40452666949.87576,40455729853.08451,18.840644688894894,18.842071222061275,14.968218977625066,14.969350526768554
2.232736441363065,40452891369.20106,40455951973.83786,18.840749211169644,18.842174673786648,15.059964919405097,15.061103444490435
2.2596646416355184,40453123194.552444,40456179691.012794,18.840857182767184,18.842280732019788,15.149539753037006,15.150685053384674
2.2869176128735367,40453358416.91365,40456413151.040245,18.840966736506516,18.84238946496023,15.236994975428427,15.2381468582093
2.314499272018431,40453593518.256744,40456652504.330154,18.841076233882216,18.84250094266072,15.322380821921316,15.323539145120288
2.3424135832522777,40453832618.44147,40456897905.57313,18.841187593700127,18.842615237167703,15.405746341265464,15.406911010588004
2.3706645585676736,40454086081.11182,40457149514.07159,18.84130564278005,18.842732422675546,15.487139500272445,15.488310389632073
2.399256258344359,40454346445.91293,40457407493.834335,18.841426906495826,18.842852575570603,15.566607144762719,15.56778408338961
2.4281927919327986,40454615036.56237,40457672013.55136,18.841552001362846,18.842975774419468,15.644194977129011,15.645377786030744
2.4574783182447963,40454888296.79348,40457943246.5088,18.841679271066184,18.84310209992936,15.719947604513834,15.721136111035827
2.4871170463512398,40455163314.47291,40458221370.84244,18.841807359293043,18.843231635066214,15.793908541570667,15.795102616851013
2.5171132360870474,40455446358.20698,40458506569.99692,18.841939185618156,18.84336446526853,15.866120290834832,15.867319831939984
2.547471198663417,40455741037.69239,40458799032.80427,18.84207643124126,18.843500678483963,15.936624402292868,15.937829279245095
2.578195297287452,40456045192.86681,40459098953.58778,18.8422180901232,18.843640365217695,16.005461449344832,16.006671500069988
2.6092899477892684,40456355702.13876,40459406532.35664,18.84236270839701,18.843783618623092,16.072671014962726,16.073886077398036
2.6407596192566607,40456663671.12663,40459721975.048874,18.84250614354513,18.843930534614845,16.138291677842005,16.139511658660787
2.6726088346774195,40456988566.77459,40460045493.69742,18.842657462207796,18.844081211946328,16.20236116194835,16.203585977969162
2.7048421715894047,40457316849.244576,40460377306.64859,18.842810358267336,18.844235752311345,16.26491632910847,16.266145877820147
2.7374642627384485,40457660662.14835,40460717638.81703,18.842970487555416,18.844394260462852,16.325993160972587,16.327227330291795
2.770479796744201,40458007899.063644,40461066721.8488,18.8431322115612,18.84455684428895,16.385626786124423,16.386865457738395
2.803893518774003,40458364833.537674,40461424794.41283,18.843298452160635,18.84472361494859,16.443851469315558,16.44509455299783
2.837710231224885,40458736988.33918,40461792102.48932,18.843471781558005,18.844894687005947,16.50070072856173,16.501948099123414
2.8719347944137956,40459115218.38306,40462168899.54927,18.843647940471733,18.845070178513964,16.5562072673069,16.557458788650813
2.9065721272761507,40459498660.01405,40462555446.82905,18.843826526658336,18.84525021114229,16.610402959245818,16.61165854241098
2.941627208072808,40459895777.75327,40462952013.582954,18.84401148242982,18.845434910294884,16.66331896517214,16.664578527900318
2.977105075105571,40460295674.60628,40463358877.55094,18.844197732560843,18.845624405327857,16.71498569356387,16.716249177219616
3.013010827441318,40460717181.98195,40463776325.36574,18.844394047694,18.845818829739095,16.76543287722641,16.766700204592738
3.0493496256448713,40461144096.50661,40464204652.66117,18.844592881182077,18.8460183212187,16.81468955788248,16.81596062347319
3.086126692520694,40461587169.95755,40464644164.32303,18.844799240616194,18.846223021765834,16.86278406001843,16.864058763247282
3.123347313863546,40462035946.04541,40465095174.942024,18.845008256027384,18.846433077899686,16.909744037991747,16.911022285545556
3.161016839218183,40462500565.07649,40465558009.30035,18.845224650216945,18.84664864088607,16.95559648991647,16.956878200172866
3.1991406826482205,40462972953.28551,40466033002.79486,18.845444662865614,18.846869866934547,17.00036778507213,17.001652880666136
3.237724323514275,40463462658.52024,40466520501.79386,18.845672740839838,18.847096917364563,17.044083676718348,17.045372079487755
3.2767733072614837,40463965948.495964,40467020864.02388,18.84590714584507,18.847329958785622,17.086769339620197,17.08806094286319
3.3162932462165258,40464477436.61141,40467534459.098656,18.8461453690964,18.847569163343625,17.128449301742343,17.12974402527205
3.356289820394258,40465001888.43827,40468061669.02226,18.84638963013705,18.847814708955227,17.169147506847484,17.17044530360161
3.396768778314074,40465544864.58567,40468602888.67383,18.846642518795306,18.848066779533575,17.208887388425328,17.210188190970392
3.4377359378261105,40466102539.895905,40469158526.35827,18.846902253521446,18.848325565244817,17.247691834048638,17.248995550229953
3.4791971869474256,40466668310.35262,40469729004.44509,18.84716575852505,18.848591262805623,17.285583131411208,17.286889707153463
3.521158484708249,40467256011.616646,40470314759.95714,18.847439477701897,18.84886407575738,17.322583080745613,17.323892463318412
3.56362586200845,40467853632.02872,40470916245.146576,18.847717816676596,18.84914421473447,17.358712975006465,17.360025108690717
3.606605422484327,40468479949.75886,40471533928.28232,18.848009521295985,18.849431897830993,17.393993641030402,17.395308433918096
3.6501033433858567,40469110084.601776,40472168294.34365,18.8483030037182,18.849727350923843,17.428445377119235,17.42976274234038
3.6941258764645224,40469763504.8493,40472819845.72148,18.848607331211152,18.85003080799928,17.462087972279868,17.463407861723027
3.7386793488718437,40470438127.51444,40473489103.05756,18.848921533633177,18.850342511543822,17.494940841887193,17.49626315572108
3.7837701640687524,40471123991.9349,40474176606.13074,18.849240971851344,18.850662712957003,17.527022874623707,17.52834753508109
3.8294048027459335,40471824085.950645,40474882914.794525,18.849567037438465,18.850991672988034,17.558352473623202,17.55967946858771
3.875589823755259,40472553255.08939,40475608609.92386,18.849906644631194,18.85132966217676,17.588947704798162,17.590276993761297
3.922331865052462,40473294319.15567,40476354294.45454,18.850251791832036,18.851676961337773,17.61882619210739,17.620157727313103
3.9696376446511854,40474058722.10716,40477120594.50017,18.85060780901197,18.852033862080628,17.648005111265384,17.649338875364588
4.017513961588521,40474858530.70033,40477908160.54873,18.850980316207643,18.85240066736712,17.676501360796458,17.67783724343744
4.06596769690221,40475664211.070946,40478717668.74121,18.851355558156815,18.85277769210683,17.704331341123844,17.705669246220555
4.115005814619619,40476487690.21588,40479549822.18363,18.851739089803758,18.85316526376817,17.731510968346434,17.73285091711989
4.164635362758645,40477346222.21412,40480405352.37486,18.852138947156867,18.85356372304339,17.75805594265541,17.759397917597216
4.214863474340702,40478223292.770195,40481285020.78188,18.85254743875854,18.853973424582257,17.783981595241105,17.785325546304193
4.265697368415905,40479129514.3186,40482189620.50815,18.852969507301612,18.854394737769084,17.80930286240601,17.810648748017908
4.317144351100639,40480064296.58037,40483119978.064316,18.853404877866353,18.854828047547425,17.83403438150838,17.835382122383734
4.369211816627631,40481015618.719635,40484076955.316765,18.853847951803427,18.85527375532761,17.858190373165524,17.859539932471538
4.421907248408684,40482002401.69786,40485061451.556366,18.854307541464127,18.855732279950246,17.881784760175336,17.88313611315139
4.4752382201102385,40483018126.45997,40486074405.61384,18.85478061062835,18.85620405867145,17.904831203061818,17.906184279293875
4.529212396741896,40484048355.44284,40487116798.37004,18.855260435067084,18.856689548332003,17.92734292282358,17.92869773380169
4.583837535758073,40485126982.42602,40488189655.60918,18.855762800653192,18.857189226686202,17.949332936171775,17.950689475480573
4.639121488172954,40486236871.20743,40489294050.60315,18.856279726278903,18.85770359360553,17.970814042195162,17.97217220675369
4.695072199688863,40487367000.74385,40490431106.99715,18.856806078943723,18.8582331724226,17.991798581603085,17.993158341223523
4.75169771183828,40488540136.79965,40491602002.38316,18.857352461698323,18.858778511595492,18.01229866864638,18.013660011090185
4.8090061631396015,40489762167.03696,40492807971.95686,18.857921616694426,18.859340186410947,18.032326288095298,18.033689074433916
4.867005790266854,40490988219.330215,40494050312.45867,18.8584926449447,18.859918800819887,18.051892924016794,18.053257122366983
4.925704929233514,40492268742.71478,40495330386.50912,18.859089042856716,18.86051498945659,18.071009822320843,18.07237548606178
4.9851120165906035,40493585292.398506,40496649627.33733,18.85970221985286,18.861129419840978,18.089688136776193,18.091055243662463
5.0452355906392325,40494949530.71543,40498009544.08512,18.860337607611893,18.861762794848943,18.10793872047454,18.109307227088195
5.106084292657776,40496350396.652565,40499411727.58757,18.860990054517583,18.862415855404652,18.12577217194453,18.127142028736404
5.1676668681438365,40497796847.81635,40500857856.613434,18.861663732534176,18.86308938338698,18.14319882767385,18.144570008093527
5.229992168071196,40499407340.29653,40502349704.87004,18.86241381204391,18.86378420489201,18.16022948584472,18.161601298262273
5.293069150161929,40500838254.89211,40503889148.908226,18.863080253974893,18.86450119391471,18.1768734312664,18.178245812416506
5.356906880173848,40502417279.35721,40505478176.74135,18.86381567740047,18.865241276363207,18.193139663078547,18.194513250194408
5.4215145332034815,40504060555.03392,40507118897.44289,18.864581025534108,18.86600543452884,18.209038298851848,18.210413104040722
5.486901395004776,40505746995.347694,40508813551.961006,18.86536647740012,18.86679471212297,18.22457863952869,18.225954665511335
5.5530768633236836,40507501515.11377,40510564525.19843,18.86618363695979,18.86761021990314,18.239769788337878,18.24114703155493
5.620050449248863,40509313477.47597,40512374359.54593,18.867027550145984,18.868453141976214,18.25462071043464,18.25599911078713
5.687831778578659,40511177942.20159,40514245770.22043,18.867895916067916,18.86932474294208,18.269140072820573,18.270519629775333
5.756430593204574,40513123275.174065,40516181662.68352,18.868801946006098,18.870226376006176,18.28333646750526,18.284717139355486
5.825856752511429,40515116696.914,40518185152.40385,18.869730373067874,18.871159492183793,18.297218256565532,18.29860002100438
5.896120234794399,40517192428.61986,40520259587.37793,18.87069713561997,18.87212565078899,18.31079361413561,18.312176493294338
5.967231138693149,40519338986.854706,40522408573.93376,18.871696885304136,18.873126531452552,18.324070644626484,18.32545461846175
6.039199684643272,40521571212.571884,40524636006.51438,18.87273653422654,18.87416394799352,18.33705727983573,18.338442309126766
6.11203621634521,40523882180.07691,40526946102.13483,18.873812856776638,18.87523986446736,18.349761306592395,18.351147335208367
6.1857512022509145,40526271375.292404,40529343440.44907,18.874925613525242,18.87635641382698,18.3621902864072,18.36357733108697
6.2603552370684294,40528768025.36133,40531833010.622986,18.876088416880567,18.87751591975357,18.374351761043584,18.37573980307722
6.335859043284609,40531344846.55656,40534420266.496925,18.877288559571436,18.878720922348343,18.386253102440413,18.387642137286957
6.412273472706223,40534032395.06578,40537111191.967575,18.878540273002574,18.879974208583825,18.397901527849672,18.399291607955394
6.489609508019627,40536841848.93196,40539912378.920746,18.87984876329638,18.881278848600694,18.40930431314778,18.41069538638484
6.567878264369249,40539753690.3455,40542831120.78401,18.88120494012227,18.882638239279498,18.42046851480555,18.421860550607477
6.647090990955133,40542798662.25277,40545875526.03046,18.882623121866967,18.884056157104503,18.431401085706558,18.432794095966123
6.727259072649714,40545970480.91539,40549054656.99535,18.88410038190804,18.885536822816935,18.44210894772925,18.44350294683723
6.808394031634124,40549305856.78061,40552378701.11657,18.88565381796847,18.8870849811694,18.45259902805162,18.453993969787906
6.89050752905422,40552778447.14855,40555859184.61032,18.887271161056223,18.88870600044441,18.46287814484981,18.464273988546182
6.973611366696582,40556429066.84018,40559509242.45799,18.88897142048756,18.890405998199494,18.47295303683132,18.474349801287058
7.057717488684729,40560253319.15549,40563343963.99268,18.890752548519554,18.892192002222554,18.48283048248142,18.484228200907584
7.142837983195795,40564291104.02692,40567380841.774376,18.89263312836333,18.89407215959343,18.49251729703329,18.49391599920829
7.228985084197899,40568534984.0244,40571640364.89719,18.89460969606983,18.896056013014032,18.502020311790737,18.50342005625637
7.3161711732084855,40573046701.60985,40576146818.01371,18.89671100790841,18.898154872950283,18.511346498109763,18.512747316741695
7.404408781073854,40577828080.413445,40580929381.10554,18.8989379132265,18.9003823298452,18.52050301090592,18.521904855957438
7.493710589770156,40582911593.428894,40586023683.35387,18.90130553617245,18.90275497782704,18.52949702581596,18.530899939346963
7.58408943422613,40588352224.83637,40591474064.99462,18.903839485376803,18.905293468157964,18.53833603173365,18.539740101715335
7.67555830416779,40594208212.541916,40597336989.81152,18.90656688487804,18.9080240985871,18.547027964900714,18.548433255908602
7.768130345985381,40600531402.985794,40603686424.64773,18.90951188191868,18.91098131883348,18.55558118067793,18.556987847490277
7.861818864622859,40607448055.45037,40610622795.160034,18.912733281182245,18.914211901687626,18.564004821573334,18.565413084961705
7.956637325490131,40615086517.95701,40618288980.461716,18.916290860172904,18.917782392443332,18.57230921827379,18.573719302416418
8.052599356398389,40623646973.13314,40626901707.08668,18.92027785303418,18.921793730492926,18.580506271649234,18.581918575562995
8.149718749518765,40633469783.675026,40636822080.84949,18.924852782135773,18.92641409921862,18.588610587533765,18.5900258867897
8.24800946336461,40645179387.52553,40648751922.27673,18.93030647659474,18.931970368322066,18.59664175808824,18.59806173913975
8.3474856247977,40660271680.50504,40660701685.28506,18.937335643050442,18.93753591581082,18.604630638364814,18.606038956294185
8.448161531058608,40685542008.80106,40667062634.55234,18.949105182922484,18.940498498850832,18.61265327186486,18.61392801740753
8.550051651821585,40690828156.63758,40667794745.63947,18.951567182109933,18.940839476242573,18.620653759240565,18.62166912002213
8.653170631274223,40680476462.155334,40667256185.22399,18.94674592773109,18.940588644191273,18.62843623610484,18.62922784789035
8.757533290222188,40700937209.78362,40666728576.41389,18.95627542739576,18.94034291280011,18.63609112453509,18.636601614090132
8.863154628219347,40703877397.58171,40666215324.04201,18.957644806420657,18.94010386785441,18.643693182509356,18.643794940435857
8.970049825723585,40691551675.32763,40665684998.557976,18.951904157632015,18.939856871184787,18.651062847664733,18.650812085842876
9.078234246278617,40697076283.18364,40665147567.386536,18.954477218483344,18.939606565073735,18.65822097967351,18.65765709128403
9.187723438722127,40697239238.647705,40664610731.32194,18.954553114245726,18.939356536130976,18.665240724670298,18.66433399939788
9.298533139420517,40683389815.6658,40664064542.04087,18.948102808809214,18.939102150970406,18.672018185355324,18.67084674406199
9.410679274530622,40684148113.268364,40663505675.597885,18.948455982450792,18.938841861479634,18.678563332973063,18.67719909294703
9.524177962288718,40703597429.54667,40662941109.720184,18.957514412588306,18.938578917503197,18.68506552132609,18.683394744960005
9.639045515327101,40679377024.297134,40662372988.23754,18.946233869575085,18.938314317520014,18.691385894088828,18.689437361539547
9.755298443018628,40691745850.160675,40661797875.46496,18.951994593672772,18.938046461375507,18.697492348750092,18.695330510066327
9.872953453849549,40682537858.062035,40661215797.466324,18.94770601345027,18.937775361208807,18.703470855868822,18.701077654706424
9.992027457820912,40693802137.014046,40660625506.630646,18.95295229987372,18.937500435950806,18.709319743375527,18.706682170771995
10.112537568878977,40690117222.47231,40660025951.03368,18.951236067772737,18.937221195672592,18.715071382538664,18.71214734092757
10.234501107374921,40710449762.33434,40659418728.96347,18.960705855256414,18.93693838476951,18.720779397155294,18.717476373167493
10.357935602554209,40703724070.464836,40658805521.84781,18.95757339501696,18.936652786358874,18.72642635516321,18.722672417580497
10.48285879507597,40693789974.20853,40658185111.06913,18.952946635102656,18.93636383287512,18.73184750561734,18.727738552081565
10.60928863956282,40696791499.49782,40657557231.298355,18.95434458178366,18.936071400742446,18.737102398923728,18.732677773508698
10.737243307181362,40692365575.224884,40656920236.76916,18.952283227788143,18.935774723452706,18.742224690116792,18.737492997109957
10.866741188253847,40703766541.21823,40656274646.63199,18.957593175576186,18.935474042797853,18.74726463097267,18.742187062921815
10.997800894901342,40676812656.227776,40655622034.22145,18.945039526870655,18.935170091551285,18.75209809006162,18.746762755274666
11.130441263718758,40699706567.684135,40654961814.99269,18.955702261464218,18.934862597463905,18.75679628479235,18.75122279791708
11.264681358482123,40686854367.71735,40654291223.54736,18.949716408087852,18.934550272564078,18.76143739057022,18.755569831512837
11.400540472888565,40684174409.821526,40653611807.01826,18.948468229950205,18.93423383742183,18.76588318307268,18.759806427584884
11.538038133329287,40717905191.3758,40652926713.369934,18.964178187247466,18.93391475818726,18.77039616364373,18.76393512268879
11.677194101695985,40682304311.94017,40652233766.90426,18.947597240411746,18.93359202153891,18.77478961312033,18.76795839847268
11.818028378221166,40685464728.2498,40651529194.622765,18.94906918985905,18.933263870219992,18.77890127618839,18.771878644917205
11.960561204352672,40674601512.306725,40650814473.78562,18.944009696698416,18.93293099225768,18.78287256515982,18.775698182887737
12.104813065662881,40657223526.549,40650092471.04755,18.93591597928108,18.9325947227833,18.786593740188046,18.779419302276278
12.250804694792999,40686789076.71487,40649361886.56432,18.94968599910195,18.932254456400354,18.790295547263685,18.783044247229718
12.39855707443289,40669318857.778305,40648619983.37466,18.941549324503242,18.931908918381627,18.79397482840701,18.786575186407873
12.548091440336803,40679502275.93675,40647867879.0968,18.946292204953608,18.931558629252713,18.797527652794876,18.79001422828437
12.699429284375467,40714389565.049225,40647107680.80828,18.962540800358735,18.93120457037534,18.801245784209208,18.79336344920326
12.852592357625056,40697788657.50806,40646337801.14976,18.95480900356808,18.930846002444145,18.8049750127788,18.79662487906147
13.007602673493352,40702948517.36568,40645558078.73624,18.95721218470673,18.930482850294812,18.808553486674597,18.79980049006309
13.164482510883603,40694643453.6597,40644768568.117615,18.95334413925507,18.930115139333704,18.812029382193707,18.802892207104875
13.32325441739661,40691421587.12509,40643968810.193184,18.951843569646424,18.929742655736764,18.8153594995823,18.805901907230336
13.483941212571365,40693878582.446236,40643158695.294,18.952987903984265,18.92936534842618,18.81860668840869,18.808831419886065
13.646565991164776,40677189472.20865,40642338362.030396,18.945215027191004,18.928983281959088,18.821697791324425,18.81168253134366
13.811152126471006,40679034752.385086,40641507875.48661,18.94607445799686,18.928596486648168,18.824634377472616,18.81445698667611
13.977723273680795,40679778421.738174,40640666460.02402,18.946420818598124,18.92820460124328,18.827515637886,18.817156485664484
14.146303373281274,40687365985.4122,40639813770.07917,18.9499546916902,18.927807464799827,18.830374827257124,18.81978268164732
14.316916654496875,40695845005.1679,40638950632.651115,18.953903756376715,18.927405462488835,18.833254948890406,18.82233719148758
14.489587638771654,40683813787.991554,40638076463.81177,18.9483002719816,18.926998322348467,18.836046558914294,18.82482159503623
14.664341143293623,40684756866.74708,40637191003.67149,18.948739506600383,18.926585923336315,18.838711284610802,18.827237430069978
14.84120228456165,40673196938.351776,40636294825.33173,18.94335552280038,18.92616853237175,18.84125388972182,18.82958619968843
15.020196481995317,40673730270.54626,40635385622.94352,18.943603919831652,18.92574507551617,18.84367582027992,18.831869361725005
15.201349461588306,40684033024.51216,40634464160.7319,18.94840238038876,18.925315908703883,18.846100478595925,18.83408833107056
15.384687259605924,40697080610.74955,40633531990.787125,18.95447923402738,18.924881754813832,18.848596611019843,18.836244501900246
15.570236226327143,40676387908.94054,40632587722.82604,18.944841702763497,18.924441966327997,18.85099031036607,18.838339236154074
15.758023029831811,40685789175.599625,40631631324.272064,18.949220299728907,18.923996528073978,18.8532659971402,18.840373855700033
15.948074659833509,40659564546.295105,40630662236.075066,18.937006298525066,18.92354517967674,18.855393773267693,18.84234964780716
16.14041843155869,40696346014.94478,40629680491.708664,18.95413709938976,18.923087936726464,18.85753146612733,18.844267866366692
16.335081989672556,40682486302.103355,40628686521.60765,18.947682001498222,18.922624999696186,18.85974330172605,18.846129738135524
16.532093312252265,40688156660.03589,40627679684.7291,18.950322944781345,18.922156070023096,18.861858198781754,18.847936459609098
16.731480714808132,40670528716.42879,40626659451.79984,18.942112810638427,18.921680901200634,18.86385624759657,18.849689192482582
16.933272854353273,40673502114.20331,40625626142.870255,18.943497657058018,18.921199642290798,18.86572678872124,18.851389069802284
17.13749873352231,40676309411.5155,40624579722.616516,18.944805142946667,18.920712276841684,18.867584900971234,18.85303719932976
17.34418770473983,40680018994.878914,40623518921.21156,18.946532864438563,18.92021821343714,18.869434975803337,18.854634655340124
17.553369474439055,40691591492.991615,40622444107.40977,18.95192270252698,18.919717623822823,18.871325792947477,18.856182481739836
17.765074107331372,40676849239.21149,40621355812.08361,18.945056565228068,18.919210755250177,18.873153454912767,18.857681702672068
17.979332030727445,40692345691.85104,40620253354.78559,18.95227396719768,18.91869729080388,18.87494297735878,18.85913331715093
18.196174038910378,40680850446.50637,40619136386.51994,18.946920109232792,18.91817706794075,18.8767112855233,18.860538294853463
18.415631297561585,40691534542.355,40618004783.91641,18.951896178028345,18.91765002920166,18.878433957541098,18.861897579884634
18.637735348240156,40682640761.3556,40616858422.98748,18.94775394018879,18.917116116839985,18.880125046392436,18.863212092617147
18.862518112916142,40686258936.99004,40615696996.05974,18.94943908894882,18.916575187558244,18.88174737768397,18.86448272923082
19.090011898558522,40668970230.45089,40614520495.36661,18.941386952919366,18.916027237739186,18.88325515897301,18.865710362942927
19.320249401778593,40690785931.62213,40613328621.284836,18.951547516002034,18.915472127834658,18.884753487645707,18.866895844577105
19.553263713529255,40682125601.77373,40612120906.95788,18.94751400696876,18.91490964040835,18.886287890800773,18.868040000565124
19.789088323861044,40699160076.247894,40610897284.679054,18.955447735576257,18.914339743926188,18.88783299253889,18.86914363482302
20.027757126735455,40694453469.65941,40609657744.20773,18.95325565507551,18.913762433618647,18.8894087840156,18.870207531792463
20.269304424896426,40761407578.87501,40608401947.22496,18.984439225339383,18.913177551915222,18.891293042193748,18.871232455396417
20.513764934800466,40673356499.42859,40607129441.04431,18.94342983764242,18.912584887979275,18.893011137169726,18.87221914709121
20.76117379160629,40669065724.12484,40605840144.14992,18.941431428661424,18.911984403845167,18.894181831583946,18.873168327831763
21.011566554224647,40680258722.07162,40604533833.921524,18.94664451628257,18.911375995828532,18.89536338295897,18.87408069980963
21.264979210429043,40691325764.21964,40603210211.747116,18.9517989405663,18.910759524852185,18.896639749558354,18.874956945701946
21.52144818202804,40682853300.130974,40601869193.27193,18.94785292915173,18.910134951628283,18.897899545292386,18.875797729906207
21.78101033010006,40705098637.1833,40600510468.182755,18.95821359318179,18.90950213162987,18.89920649737514,18.87660369889422
22.043702960291224,40680070266.83963,40599133698.54739,18.94655674411986,18.90886090746657,18.900465567570677,18.8773754802443
22.309563828177094,40680773627.793335,40597738657.58774,18.946884331268397,18.90821117351751,18.901561453863547,18.878113683554417
22.578631144689147,40701578045.55198,40596325204.75853,18.956573893725075,18.907552864324384,18.902750703509295,18.878818901956315
22.85094358160664,40661530236.42345,40594892826.02154,18.937921809715526,18.90688574047623,18.903803596179205,18.87949171090559
23.126540277114675,40669080766.52863,40593441275.621605,18.94143843459222,18.906209687513716,18.904653824995894,18.88013266804122
23.405460841429427,40687227954.41105,40591970541.300575,18.949890404382465,18.905524699727653,18.90562603952543,18.880742316374963
23.687745362491093,40652246830.73495,40590480168.57519,18.933598105958325,18.904830565444545,18.906480587845294,18.8813211834639
23.9734344117255,40686924849.66513,40588969884.53918,18.9497492347328,18.904127157559547,18.90731552179177,18.881869780359253
24.26256904987534,40692921576.00589,40587439494.06722,18.952542182609953,18.90341438519393,18.90835413568563,18.882388603424847
24.555190832901552,40699334033.932915,40585888645.554436,18.95552875557275,18.902692084589326,18.909436620302582,18.88287813424322
24.851341817956033,40684279449.05807,40584317033.75044,18.9485171514944,18.90196011357677,18.910445068892553,18.88333883936487
25.15106456942623,40659132306.4958,40582724315.07019,18.936804984814668,18.901218312133093,18.911207491939948,18.883771170705902
25.454402165052805,40690700731.120255,40581110212.27918,18.951507834257807,18.900466551137598,18.911989154766196,18.884175566052743
25.76139820212097,40661929989.9922,40579474628.35896,18.938107993112563,18.899704785404378,18.912765738433258,18.884552450760996
26.072096803726463,40701410628.41072,40577817195.52398,18.956495919956936,18.898932843638995,18.913585268913117,18.88490223753551
26.38654262511724,40628119013.76206,40576137016.62338,18.922360685511656,18.898150307997547,18.914195112824174,18.885225322306997
26.70478086011153,40697533636.145256,40574434109.706116,18.95469022853427,18.897357186886246,18.914773837826306,18.88552208680599
27.02685724759327,40664305243.32231,40572708648.629456,18.93921425649179,18.896553561278317,18.91553510293716,18.8857929047831
27.35281807808605,40649590879.00951,40570959815.88441,18.932361108584782,18.89573905042269,18.916014436180728,18.88603813755014
27.68271020040616,40664542038.94997,40569187007.88929,18.93932454297278,18.894913373203952,18.91648470066782,18.886258130025528
28.016581028395926,40672229828.204575,40567390227.80926,18.942905095670792,18.894076531096264,18.917068486504867,18.88645321566338
28.354478547738374,40650158339.07483,40565569281.03061,18.93262540051587,18.893228433459182,18.91755809990842,18.886623718954905
28.696451322853907,40665730145.84584,40563723637.04301,18.9398778983277,18.89236883320994,18.918001498528024,18.886769952691782
29.042548503880234,40686191148.626,40561852936.227615,18.949407516828188,18.89149756285771,18.91863335311708,18.886892217349764
29.39281983373656,40666943081.50935,40559956802.08072,18.94044281756764,18.89061444704761,18.919255616701474,18.886990802223913
29.747315655272857,40695368493.656,40558034886.73802,18.95368182331858,18.889719323763433,18.919915347335593,18.88706598575987
30.10608691850536,40674799747.001495,40556086825.09151,18.944102023601207,18.88881202295779,18.92060117406216,18.88711803587222
30.469185187939466,40858480632.8072,40554112095.95454,19.029650556406096,18.887892301890385,18.92217742466394,18.887147209233184
30.8366626499808,40709856094.88975,40552110335.08105,18.960429357358244,18.886959990915283,18.923898753326945,18.88715375155407
31.208572120435743,40642226412.93384,40550081205.34715,18.928931142179177,18.886014933018572,18.924388867602932,18.887137898856153
31.58496705210235,40660772780.52935,40548024403.40525,18.937569028095815,18.885056986917498,18.924599419050697,18.887099878036466
31.965901542452947,40701910776.97358,40545939498.03868,18.95672886186349,18.884085951774864,18.925135018148715,18.88703990655952
32.35143034140928,40631349762.87371,40543825662.224464,18.92386539213995,18.883101442408506,18.925491902133178,18.886958189782654
32.74160885921138,40674718791.359955,40541682682.8465,18.944064318881278,18.88210335956057,18.925694075814473,18.88685492247964
33.13649317438156,40671483638.09502,40539510375.88025,18.942557561038726,18.881091617522475,18.92611134386855,18.886730292619557
33.53614004178425,40652335401.79591,40537308141.258316,18.93363935752504,18.88006593681557,18.926394706839602,18.886584479378424
33.94060690078302,40669036729.04013,40535075515.84967,18.941417924333283,18.879026101738692,18.926659041993357,18.88641765182596
34.34995188349621,40668529144.352066,40532812026.36064,18.94118151908541,18.87797189185748,18.927005889114334,18.886229969859563
34.764233823151955,40676944124.674484,40530517209.54759,18.945100757698658,18.87690309141833,18.927388440340057,18.886021584421666
35.1835122625439,40636681807.265,40528190611.58551,18.92634876743795,18.87581948905432,18.92758461122566,18.885792637819282
35.60784746258914,40691359080.0247,40525831717.40635,18.95181445725019,18.874720844874854,18.92785880398375,18.88554326364037
36.03730041098919,40660957678.042305,40523440021.2503,18.93765514326715,18.87360692332462,18.928257621141135,18.885273586676153
36.4719328309954,40664532184.95274,40521015043.89272,18.939319953518623,18.872477501206934,18.92850010463982,18.884983723327874
36.91180719028024,40655593401.24574,40518556254.17807,18.935156755873752,18.871332331138518,18.928706833810775,18.884673781662887
37.356986709915475,40662803677.02305,40516063126.42362,18.938514908852827,18.870171168285058,18.92889966278616,18.884343861357642
37.807535373458514,40651047290.62737,40513535641.260925,18.933039425637325,18.868994003625783,18.92906221438294,18.883994056736686
38.26351793614863,40660409593.50792,40510973237.59973,18.937399875401017,18.867800575835474,18.929208404685205,18.883624456669434
38.724999934213855,42026480679.47025,40508373867.11374,19.57364123823329,18.866589930915524,18.936984500746284,18.88323513347406
39.19204769429011,40593982224.73714,40505737656.66649,18.906461632091144,18.865362127952043,18.94411732493657,18.88282614722626
39.66472834295417,40623454419.51129,40503065048.392456,18.920188172065128,18.864117372867142,18.94338877199531,18.882397559728158
40.143109816371364,40690784950.764656,40500354801.07296,18.95154705917215,18.862855087568896,18.943212809016444,18.88194942685327
40.62726087005974,40638168472.91594,40497606352.07854,18.927041175168085,18.861575010015205,18.94311822812135,18.8814817932217
41.11725108877194,40641897706.73207,40494819155.55093,18.928778048768496,18.86027688597508,18.94275803211231,18.880994696281267
41.61315089649633,40636115556.78924,40491992599.86978,18.926085038867672,18.85896043058914,18.942394728951776,18.880488166204376
42.11503156657874,40641971436.20366,40489126039.84395,18.928812387932812,18.857625343362553,18.94204082475097,18.87996222551346
42.62296523196612,40639081211.98452,40486218865.81736,18.927466279216382,18.856271340350794,18.941711377961123,18.879416889275305
43.13702489557402,40667484379.211945,40483270425.984665,18.940694924497897,18.854898117978504,18.941531530533922,18.87885216523867
43.65728444077888,40658707418.26869,40480280044.8822,18.936607095065412,18.853505361651568,18.941462995580068,18.878268053645154
44.18381864203688,40631653975.58636,40477247080.141815,18.924007077820054,18.852092772189955,18.941197797444904,18.877664547461038
44.71670317563108,40639017087.25801,40474170871.66225,18.927436413418178,18.85066004215452,18.94083138558151,18.877041632632704
45.25601463054789,40576155020.349625,40471050790.52675,18.898158693150737,18.849206878630163,18.940165135016148,18.87639928832879
45.80183051948482,40657315434.15431,40467886081.96671,18.935958784828067,18.84773293008686,18.939620387180472,18.87573748657328
46.35422928999115,40640212877.72437,40464676002.78043,18.927993347360925,18.84623785038181,18.939438713935697,18.875056191788758
46.91329033574276,40616133572.74302,40461419897.46555,18.916778521152523,18.844721334217788,18.93903390674008,18.874355361526753
47.479094007952895,40591704391.611374,40458117017.89846,18.9054007417267,18.843183033159644,18.938371048948238,18.873634946597328
48.05172162692088,40651602196.47124,40454766609.66069,18.933297870497167,18.841622595840423,18.937922370685172,18.872894890685977
48.631255493719785,40664349873.679474,40451367893.42092,18.939235042876597,18.840039659290127,18.93788356069515,18.8721351303496
49.21777890202509,40656614514.47838,40447920071.96417,18.93563233469349,18.838433852209526,18.93787264660953,18.8713555949495
49.811376150086275,40613955745.457016,40444422411.16068,18.91576420805074,18.836804832681036,18.93758280310823,18.870556207073914
50.41213255284251,40617288679.84957,40440874144.87517,18.91731650700644,18.835152243880653,18.93708438013238,18.869736882866874
51.02013445418457,40629956260.147,40437274430.18246,18.92321637461585,18.83347569321983,18.936686351975677,18.868897531579073
51.6354692393646,40662382325.20983,40433622429.800896,18.938318666172172,18.83177479073847,18.936547196618978,18.868038055341405
52.2582253475557,40674298861.721825,40429917262.61335,18.943868738572167,18.830049126060295,18.936655305567797,18.867158349121336
52.8884922845628,40736682116.44505,40426157967.97258,18.972923454253422,18.82829825176824,18.93717244688278,18.866258300210774
53.526360635686835,40592669130.18051,40422343804.9002,18.905850064304648,18.826521822755012,18.93722014527571,18.865337789190978
54.171922078744295,40610261747.28927,40418473980.08044,18.91404374529247,18.824719469537417,18.93657457519624,18.864396691005766
54.825269397243595,40687157910.1445,40414547386.23752,18.949857781585553,18.822890676406825,18.936467571840765,18.863434873065476
55.48649649372027,40680977403.35058,40410563071.02051,18.946979238802555,18.82103499981014,18.93675050656628,18.862452194563556
56.15569840323338,40640634766.015495,40406520238.691414,18.928189839903713,18.819152069136038,18.936768932130725,18.861448508390076
56.83297130702432,40638245891.83553,40402417937.15105,18.927077232675938,18.817241440948667,18.93655241925009,18.86042366127213
57.51841254634043,40673199097.1118,40398255085.66963,18.943356528232993,18.81530261190308,18.936521933877607,18.85937749234838
58.21212063642555,40639747452.87413,40394030695.30545,18.927776577864773,18.813335121404187,18.936498192921658,18.858309833152905
58.91419528067912,40611871707.02317,40389743781.20884,18.91479357667806,18.811338510762763,18.936136845108113,18.85722050832141
59.6247373849859,40630158534.98962,40385393272.82179,18.923310583199033,18.809312281371312,18.93573268120275,18.856109335301454
60.34384907221895,40588406678.80827,40380978183.55135,18.90386484706526,18.807255973728672,18.935206646551027,18.854976124518682
61.07163369691718,40595879279.229095,40376497558.03855,18.907345176547746,18.80516914288078,18.934505577966362,18.853820680177066
61.808195860139854,40672177225.4597,40371950157.06755,18.94288059618286,18.80305121166851,18.934285571528235,18.8526427990021
62.553641424500675,40803454994.205666,40367334603.42678,19.004022616795698,18.800901538661883,18.93521782646481,18.851442268095358
63.308077529382736,40617215367.21243,40362649970.7083,18.917282361980867,18.798719692390627,18.935814260052247,18.850218866907824
64.07161260633724,40594151328.48095,40357895269.291,18.90654039138671,18.79650521194324,18.935247195215208,18.848972369542523
64.84435639466776,40622600748.51761,40353069163.213776,18.919790578702663,18.794257475101947,18.934724980824445,18.8477025426123
65.62641995720267,40582366036.62026,40348170480.625694,18.90105144558303,18.791975936082526,18.934147845709795,18.84640914442874
66.41791569625771,40614394728.57491,40343197992.10123,18.91596866243094,18.789660022285663,18.933541499752188,18.84509192577932
67.21895736979077,40620883840.38394,40338150403.16251,18.918990936588834,18.787309130814215,18.93316118392567,18.84375062942884
68.02966010775216,40554123452.762726,40333026545.684875,18.88789759127188,18.784922717619445,18.93245492907948,18.842384990654043
68.85014042863149,40614609661.84986,40327825084.09796,18.91606876662111,18.782500160665577,18.931734999108674,18.840994737184587
69.68051625620426,40628008360.78818,40322544592.54075,18.92230914939496,18.780040795864352,18.931438204045637,18.83957958796243
70.52090693648064,40609094156.47978,40317183761.609665,18.913499945210987,18.77754401336705,18.93111694198535,18.83813925350121
71.37143325485853,40611468797.32418,40311741295.89787,18.914605923327795,18.775009209843848,18.930712743631762,18.83667343680232
72.23221745348323,40598350899.4395,40306215884.7639,18.908496322360897,18.772435774869482,18.93025833671874,18.835181833525038
73.10338324881701,40673577654.62064,40300606016.45311,18.943532839662033,18.769823004351135,18.93016028236261,18.833664130960734
73.98505584942022,40725330529.79114,40294910069.62248,18.96763650466697,18.767170143155713,18.930764343174374,18.83212000651994
74.87736197394675,40698849228.57514,40289126519.656815,18.955302959693817,18.764476481200653,18.931490933039278,18.830549127902326
75.78042986935695,40598851378.01682,40283253997.683624,18.90872941797018,18.761741380939853,18.9315000702758,18.828951154721633
76.69438932934987,40490702306.27415,40277291141.26689,18.858359482245984,18.75896420782497,18.930360339219096,18.82732573958707
77.61937171301778,40572132741.83014,40271236332.92053,18.896285335319487,18.75614420851925,18.92910646868986,18.825672526888972
78.55550996372601,40568046608.68029,40265087870.07515,18.89438223748608,18.753280590058786,18.928306198266245,18.82399115112261
79.50293862822011,40669114606.42023,40258844019.66618,18.94145419536702,18.750372545276676,18.928063430787443,18.82228123648668
80.4617938759637,40576906889.891426,40252503190.140854,18.898508872952405,18.747419332914497,18.927868906803845,18.820542397745523
81.43221351870939,40630491420.36467,40246063674.976364,18.923465623040563,18.74442015816705,18.927470722176558,18.818774240590514
82.41433703030589,40564375883.28991,40239523719.76558,18.892672613917473,18.741374203927236,18.927008876962184,18.816976360958808
83.40830556674398,40522023186.03012,40232881732.74654,18.87294703879836,18.7382807288392,18.925960321703815,18.8151483459045
84.41426198644395,40573291169.004105,40226135829.07552,18.896824867479623,18.7351388550456,18.924988891870644,18.81328977307441
85.4323508707883,40591581599.62681,40219284060.0251,18.905343551921273,18.73194767493554,18.924423152043996,18.811400208969065
86.46271854490156,40565842336.24559,40212324599.00308,18.893355607677194,18.728706337782057,18.923828263020166,18.809479209534327
87.50551309868081,40538431425.83934,40205255588.57343,18.880589101473706,18.725413978492814,18.922954174080257,18.807526320910053
88.56088440808018,40540390771.41612,40198075072.13929,18.88150165771828,18.722069685791762,18.921961344525283,18.80554107894293
89.62898415665175,40516291819.937485,40190780978.10643,18.870277681243593,18.71867249484337,18.920869027108974,18.80352300824822
90.70996585734608,40536310637.56249,40183371241.57335,18.879601354029663,18.7152214439292,18.919781536861404,18.80147162188239
91.80398487457624,40425716261.363205,40175844071.86784,18.828092528934334,18.711715699051855,18.918215770833804,18.799386423175644
92.91119844654749,40522539976.2744,40168197311.56616,18.873187731491956,18.708154255401087,18.91661798499858,18.797266905430757
94.03176570785615,40588607913.45643,40160428489.92123,18.903958571182628,18.70453596223775,18.915955737615295,18.795112548410295
95.16584771236167,40484177740.92321,40152535625.380936,18.855320695763037,18.700859896663,18.91509189051346,18.792922819654244
96.31360745633391,40482625109.156235,40144516628.08937,18.854597564615947,18.697125085336005,18.91366718644534,18.7906971768513
97.47520990187972,40567735535.83605,40136369034.34886,18.89423735673105,18.693330380800834,18.912740104863975,18.788435065403384
98.65082200065248,40554871555.17741,40128090518.8606,18.888246016551314,18.689474700060202,18.912230343434423,18.78613591743468
99.84061271784705,40584908675.28014,40119678630.93768,18.90223566791434,18.685556901717884,18.911828825095053,18.783799152169305
101.04475305648423,40588517917.94721,40111130917.15308,18.903916656185658,18.681575843101466,18.911621578202183,18.781424175534084
102.26341608198875,40438737116.19236,40102445193.92546,18.834156932541784,18.677530507217913,18.910607715074697,18.779010381956223
103.49677694706244,40588288159.831856,40093618813.85822,18.903809647393846,18.67341966105437,18.909626503721302,18.776557153541372
104.74501291685849,40524723551.00045,40084649071.62409,18.874204721437664,18.669242044617025,18.909135893005992,18.7740638575004
106.00830339445916,40592074765.542816,40075533300.40729,18.90557324169198,18.66499641584862,18.90868212658621,18.771529846398316
107.28682994666,40495936872.034424,40066268847.39496,18.86079745731725,18.6606815392137,18.90807488294019,18.76895445879017
108.58077633006585,40439412806.881355,40056853212.493546,18.834471632391036,18.656296250305118,18.906641073852654,18.766337020477433
109.89032851750162,40486309489.43758,40047283549.7462,18.856313547887595,18.651839223631484,18.90519153856018,18.76367684372801
111.21567472474072,40532427045.50906,40037556836.56281,18.87779258878593,18.64730905143527,18.904289495084598,18.760973224719823
112.5570054375567,40566925125.43248,40027670052.01028,18.893859911790653,18.642704326730694,18.903853208649384,18.75822544296245
113.91451343910114,40482332641.65052,40017620327.17247,18.854461349212272,18.638023713333194,18.903146940782655,18.75543276254494
115.28839383761098,40466631886.57382,40007404731.35498,18.8471487943166,18.633265846285237,18.901906348983793,18.75259443299188
116.67884409445062,40425307300.65576,39997020289.775925,18.827902057354542,18.62842934009577,18.900379683042647,18.74970968902498
118.08606405249265,40483599611.14744,39986463787.86042,18.855051434463086,18.623512697591234,18.898986094809885,18.7467777493411
119.51025596483952,40630940680.730446,39975731779.47874,18.92367486400198,18.61851431375246,18.898762982698997,18.743797814391655
120.95162452389278,40538676204.50151,39964820988.25932,18.880703106016522,18.61343266262438,18.89884109956167,18.74076906648723
122.410376890773,40678713012.01778,39953727890.28999,18.94592460889173,18.608266102961004,18.899188616235794,18.737690669784392
123.88672272509324,40427035633.71187,39942449365.412926,18.828707020573766,18.60301318156309,18.898899005134158,18.73456177159925
125.38087421509283,40513079404.27141,39930981968.30063,18.868781513333758,18.59767229378511,18.89771359515686,18.73138150321583
126.89304610813464,40512509694.64671,39919321776.18471,18.868516173680675,18.59224161261562,18.897024980327675,18.72814897583277
128.42345574156886,40401567748.11487,39907465431.483795,18.816845469291994,18.586719574276447,18.895733800992474,18.724863281557766
129.97232307397022,40445640639.19835,39895409192.39509,18.83737221682004,18.581104436040047,18.894109410437633,18.72152349482685
131.53987071675215,40458734938.34864,39883148966.96727,18.843470826784284,18.575394292098796,18.892837881301602,18.718128668772625
133.12632396616075,40438209800.308846,39870680884.43399,18.83391133757984,18.569587339660966,18.89155436793165,18.714677835036262
134.731910835656,40298164581.03735,39858001340.739204,18.768685916968092,18.563681900153927,18.889411416476726,18.711170006970068
136.3568620886835,40385929827.446945,39845106204.11568,18.809562179234938,18.557676049225986,18.887038331690402,18.707604178604477
138.00141127184006,40468470919.457375,39831990929.009445,18.848005315474353,18.55156766980616,18.88566090602356,18.703979319915174
139.66579474844085,40390093271.37422,39818651453.977,18.811501284209477,18.545354870295707,18.884333762751357,18.700294377810717
141.35025173249107,40360703926.41402,39805083596.81472,18.797813331157563,18.539035702852413,18.882445112990673,18.69654827866365
143.05502432306622,40417204572.3057,39791282808.24827,18.824128248669858,18.532608048672547,18.88075362687204,18.69273992609749
144.78035753910876,40342091997.31595,39777244576.722305,18.78914491027085,18.52606980651984,18.878995177323716,18.688868199721984
146.5264993546428,40433050807.888794,39762964177.886856,18.831508560446274,18.51941877604989,18.877371307111346,18.684931954727777
148.2937007344144,40266130483.88632,39748437124.9776,18.753766182674678,18.512652867572726,18.875358288320257,18.680930022616714
150.0822156699622,40353737382.77031,39733658657.79689,18.79456869530541,18.505769864048055,18.87296379321632,18.676861211548296
151.8923012161215,40390674797.144135,39718623454.606575,18.811772127178173,18.49876728690067,18.87131148462846,18.67272430227653
153.72421752796987,40354592886.584045,39703326519.89224,18.794967142295434,18.491642809492564,18.869700627338904,18.668518047530284
155.57822789821867,40218932670.33865,39687763028.677666,18.731784016795572,18.484394184613123,18.867177110251887,18.664241175412823
157.45459879505376,40244485814.74138,39671927831.934204,18.743685276976326,18.477019014125798,18.864111231674972,18.659892389121904
159.35359990043426,40272151629.076065,39655815422.819336,18.756570503519104,18.469514733243862,18.861411677234216,18.655470363776754
161.2755041488532,40371495388.51158,39639420007.35421,18.802839405292698,18.46187864344815,18.85947918410885,18.650973743527327
163.22058776656405,40340995109.51869,39622735994.81113,18.78863403979407,18.4541081408828,18.85796800243433,18.646401141841444
165.189130311282,40177354338.07161,39605758127.83022,18.712419098631567,18.446200776956488,18.855417110837763,18.641751145196622
167.1814147123639,40324426496.223885,39588480197.94246,18.780917283901015,18.438153660103143,18.85284551808825,18.63702231026884
169.1977273114714,40281554036.818726,39570895975.992004,18.76094963193897,18.42996388912192,18.85090345694335,18.632213159307845
171.23835790372596,40099797837.79325,39552999979.47681,18.676297513202616,18.421628910562553,18.847763498889186,18.627322184983363
173.30359977936027,40193055874.00218,39534785829.56157,18.71973201720636,18.41314575351166,18.84421876748098,18.62234785020584
175.3937497658705,40290389399.24786,39516246617.26112,18.7650646615965,18.404511200140988,18.841809678197357,18.61728858097337
177.5091082706783,40145273006.13223,39497376136.12209,18.69747736495143,18.395722359823253,18.839186020254985,18.612142768238098
179.64997932430765,40154181420.17198,39478167930.46859,18.701626418062624,18.386776225856924,18.835878132428235,18.60690877120603
181.81667062408056,40211665123.57535,39458614906.73482,18.728399190116605,18.377669494446163,18.83301651750252,18.601584913181902
184.00949357834142,40208207538.85161,39438709983.688934,18.726788835839038,18.36839886753961,18.830518755333603,18.59616947899001
186.22876335121506,40187167602.22248,39418446101.46722,18.71698958154519,18.358961057038016,18.827944431133556,18.590660716072065
188.4747989079024,40115062568.32172,39397816109.76838,18.683406991658387,18.349352732721247,18.82491551174759,18.585056834988137
190.74792306052458,40162390118.75069,39376812439.00282,18.705449581896822,18.339570369087554,18.82182560099628,18.57935600746728
193.04846251451977,40133119833.12478,39355427437.623726,18.691817080185537,18.329610402463988,18.818905987631123,18.573556364573253
195.37674791559772,40096939609.15997,39333653447.42581,18.674966306284023,18.319469266076446,18.81569421493475,18.56765599718151
197.73311389726268,40183277524.39418,39311482201.70592,18.71517779558146,18.309143109745733,18.812839315240552,18.561652953517484
200.11789912890913,40128052583.75737,39288905433.104965,18.689457031959307,18.298628082987154,18.810219027240624,18.555545236826394
202.53144636449608,39990801546.20977,39265915227.68828,18.62553298871092,18.287920499921807,18.80659618291789,18.54933080839686
204.97410249181,39990912396.23291,39242503169.21707,18.625584616602406,18.277016440724964,18.802307087013908,18.543007587705233
207.44621858232193,40115452621.144135,39218660130.06764,18.683588656977168,18.265911654247613,18.79881144379961,18.536573446703194
209.94814994164432,40106829135.82081,39194377054.74243,18.679572308113002,18.254601922933166,18.79603374731459,18.530026207442674
212.48025616059775,40061317078.98484,39169644994.09457,18.65837527571537,18.243083078757376,18.793021964429528,18.52336364424389
215.04290116689413,40044880081.81009,39144454587.910126,18.650719819428502,18.231350762243412,18.789740714059032,18.516583483127935
217.63645327744084,40034315474.29127,39118796206.16264,18.645799401776276,18.219400488250468,18.786388424106338,18.5096833992092
220.26128525127794,39970706738.222305,39092660112.20972,18.616173923760947,18.20722772198186,18.78270457463831,18.502661015830014
222.91777434315375,39962053458.8758,39066036377.62373,18.6121436984667,18.19482783931782,18.7787111376559,18.49551390413806
225.60630235774448,39916342300.59652,39038914688.44107,18.590853935482098,18.182196036576943,18.77451114888718,18.48823958113142
228.32725570452996,40031976300.51027,39011284386.608215,18.6447099422821,18.169327349819532,18.77080177749288,18.480835506917323
231.08102545333108,39829962053.89079,38983135038.76761,18.550622730495338,18.156216919757007,18.7666932082233,18.473299085420095
233.86800739051486,40032700539.21272,38954455429.599075,18.645047253146664,18.14285952290527,18.762699359577095,18.465627662604444
236.68860207588085,39947012571.9972,38925234152.64418,18.605138474167475,18.129249846758448,18.759436381619025,18.457818522499352
239.54321490022994,39853060944.9956,38895460177.02295,18.561380933423028,18.115382753734632,18.75525933373023,18.44986888970179
242.4322561436301,39973038717.108475,38865121443.26959,18.617260032265754,18.10125262719276,18.751331913111713,18.4417759271356
245.35614103438468,39962527650.42061,38834205691.96051,18.612364551010767,18.086853757362338,18.748097171318197,18.43353673076193
248.31528980870976,39910272502.15361,38802700746.651306,18.588026954607443,18.07218047312006,18.744591393869072,18.425148330529687
251.31012777113347,39909502147.947174,38770593906.92935,18.587668165657732,18.057226859306805,18.74087782642213,18.416607689486387
254.3410853556237,39850107106.4893,38737872183.00424,18.560005196643193,18.04198686598708,18.736918358466276,18.407911700883567
257.408598187451,39758550234.25781,38704522498.872475,18.517363001984492,18.026454403072037,18.732218806192396,18.39905718776488
260.5131071457995,39719214757.14935,38670531356.02259,18.499042683356627,18.010623183691678,18.726910166201996,18.390040901811645
263.6550584271334,39769722128.31229,38635884734.49513,18.522566260564282,17.99448667811398,18.721791905827967,18.380859519822295
266.8349036093247,39750372742.410324,38600568301.26445,18.51355437254269,17.978038210797774,18.716964499926576,18.371509640889222
270.05309971655794,39803592148.74117,38564567337.422844,18.538341067730816,17.961270926479095,18.712440730530833,18.36198778438116
273.31010928501604,39663059536.746124,38527867124.29168,18.47288864618635,17.944177970000656,18.7075360078645,18.35229038971703
276.6064004293574,39650300056.16522,38490452501.85632,18.466945976440066,17.926752280654952,18.701905973672293,18.34241381581178
279.9424469099964,39725897121.0047,38452307571.282074,18.502154963771577,17.908986453632412,18.696758932815722,18.332354336462807
283.3187282011958,39628504139.08349,38413416352.98996,18.456794627706635,17.89087304651718,18.69160786183214,18.322108137866547
286.7357295599775,39734380096.34593,38373762130.8442,18.506105870753974,17.872404273845444,18.686632353244274,18.31167131616305
290.1939420958668,39591191071.84973,38333328050.211426,18.439416237231782,17.853572285648763,18.681560623983476,18.301039874761525
293.69386284147885,39409174864.1205,38292097271.76125,18.354643020630373,17.834369239086005,18.674813556010488,18.2902097258627
297.2359948239523,39487566667.851135,38250051881.16236,18.391153644823348,17.814786790639253,18.667663236468158,18.27917668673715
300.8208471372484,39369782319.809586,38207173609.81393,18.336296123213867,17.794816431791197,18.660458497663814,18.267936474112606
304.44893501532135,39385256659.80037,38163444009.07478,18.343503226318408,17.77444957017156,18.652864397143556,18.256484703613935
308.1207799061689,39257430151.18477,38118844188.771355,18.283968614332686,17.753677407768357,18.644825609204815,18.24481688872046
311.836909546778,39433128666.97197,38073354227.08865,18.365799394795555,17.73249066608734,18.63725143043857,18.232928435038687
315.5978580389755,39385842418.907364,38026953784.60373,18.343776040944498,17.71087987213526,18.630557795721284,18.220814634882558
319.4041659261899,39153876394.05439,37979622947.428604,18.235738925380137,17.68883575110983,18.62247595501976,18.208470670029197
323.2563802711419,39159218981.97466,37931340682.37189,18.238227211278563,17.666348506898323,18.613343115239804,18.195891610458975
327.15505473447257,39292426823.33694,37882085034.2837,18.30026815438847,17.643407913990053,18.605195283859356,18.18307240574872
331.100749654316,39105549938.33458,37831834198.98875,18.213231099569327,17.62000381719007,18.596933802402685,18.170007883706106
335.0940321268354,39383189765.83689,37780565000.92578,18.342540579904423,17.596125422586674,18.589384166899567,18.15669274647104
339.13547608772984,39324980364.38797,37728253468.68347,18.315429817303496,17.571761565604632,18.583212924228988,18.14312156155497
343.2256623947215,38940361187.851105,37674876644.336716,18.136295194247733,17.546901553695285,18.574733933527856,18.129288766291044
347.36517891104063,38685251507.80971,37620410508.882,18.017479027088388,17.521534200117557,18.562930614525882,18.115188670587084
351.5546205899174,39187161350.16121,37564828861.74385,18.251241241513487,17.49564730207321,18.552793611350587,18.100815442017204
355.79458956008955,38725374564.660126,37508106165.76187,18.036166157380386,17.469228965746538,18.54308626744521,18.086163100912124
360.08569521234466,38978993284.77328,37450216061.05614,18.154287916769572,17.44226691414398,18.532484068057776,18.071225522919537
364.428554287106,38988857032.957504,37391130799.94464,18.158881912390925,17.4147482239095,18.52357867050766,18.055996430217434
368.82379096307136,38774033626.374344,37330822932.67612,18.058828892912473,17.386660110446936,18.513746029604302,18.04046938919279
373.2720369469261,39009842462.35958,37269263559.200386,18.168655780192974,17.357989113690053,18.504277024562736,18.024637807716896
377.7739315641329,38852055093.87868,37206423137.06739,18.095167034701163,17.32872147437779,18.495449798449595,18.00849492738187
382.3301218508199,38996425955.07105,37142271405.1127,18.16240710326143,17.298843098511174,18.486767676579944,17.992033819928018
386.94126264677766,38884009665.2882,37076777041.3104,18.11004973024405,17.268339397999824,18.478459056396957,17.975247381438432
391.60801668957356,38890196408.918884,37009908078.47317,18.112931177805255,17.237195484272398,18.4697651179853,17.958128327101942
396.33105470980524,38568112713.73577,36941631958.15715,17.962922169287957,17.205396193382523,18.459523440726638,17.94066918867906
401.11105552750286,38570650804.38852,36871915085.5444,17.964104273405738,17.17292587869733,18.447772154777667,17.922862309853105
405.94870614969005,38497624476.5032,36800722537.28599,17.930092595057634,17.139768274826718,18.43590788315994,17.904699837628836
410.84470186912574,38533022047.93617,36728018639.49455,17.946578852120606,17.105906766820745,18.424120678742963,17.886173715540654
415.7997463642362,38317856303.64428,36653767049.65422,17.846366390419423,17.071324428318796,18.411612636132656,17.867275680646085
420.81455180024926,38484939144.02995,36577929905.43708,17.924184459453496,17.036003625114745,18.399148291100285,17.847997256315463
425.88983893155137,38493255592.3327,36500468100.01267,17.928057807229052,16.999926143381092,18.38794170611273,17.82832974205245
431.02633720527984,38262910784.737236,36421342147.986015,17.820775766190437,16.963073592975654,18.375767763937297,17.808264209871737
436.22478486616023,38242409687.8074,36340511169.15956,17.811227474023045,16.925426934133313,18.36250522409855,17.787791499871094
441.48592906261183,38177579584.4747,36257932791.05418,17.78103314978852,16.886966432065634,18.349084644710864,17.766902209794125
446.81052595413337,38162892218.30165,36173563496.3763,17.774192576141672,16.847671818792097,18.335544969623434,17.74558668623427
452.1993408199794,37921473333.14625,36087358846.79254,17.661752834108395,16.807522397362092,18.320905593383458,17.723835019194706
457.65314816915196,37868608894.634964,35999272913.895065,17.637131463559374,16.76649677682964,18.30499567428516,17.701637034846094
463.17273185171797,37969837742.81861,35909258060.58738,17.68427833679909,16.724572770434847,18.289734620380017,17.67898228412191
468.7588851714661,37666556276.31369,35817265634.183556,17.543026380327927,16.68172771841167,18.273706991731093,17.65586003423188
474.41241099992544,37886563569.128876,35723246808.06225,17.645493771119064,16.63793887998444,18.25761695400319,17.632259268848934
480.1341218917604,37573515601.1008,35627149895.18041,17.49969311121435,16.59318218214917,18.241377168127578,17.60816867799681
485.9248402015522,41505376191.06192,35528916966.43106,19.33093920516202,16.547430644689126,18.245628124077697,17.583576614675316
491.7853982019932,37655718667.471855,35428494829.17341,17.537978813557626,16.50065949337504,18.2499745543064,17.55847109490144
497.7166382035078,37079820745.63387,35325830452.25589,17.26975698937316,16.45284402919053,18.229909727857983,17.53283983256463
503.71941267531,37578388763.93601,35220862951.88681,17.501962764525544,16.40395589578796,18.20992916422449,17.506670203886358
509.79458436792675,37106468868.21541,35113531847.54206,17.282168230634632,16.35396692463973,18.19053690331116,17.479949214593585
515.9430264371982,36817060771.34534,35003775774.789665,17.147377732644113,16.302848535542207,18.167409738556206,17.45266350600212
522.1656225697697,36882098275.425415,34891530389.90371,17.177668652828526,16.250570760699205,18.143604328525047,17.424799342266937
528.4632671101007,37202476656.80931,34776728739.660706,17.326883419240257,16.197102416952987,18.122497761106974,17.396342588495685
534.8368651890073,36961962427.82384,34659302426.80206,17.214865016682182,16.142411648593065,18.10231332107465,17.367278697877353
541.2873328537482,36554373818.23955,34539181421.57361,17.02503248519709,16.0864658395816,18.079025866814046,17.33759270446136
547.8155971996863,36802663605.78173,34416292413.95633,17.140672318604363,16.029230846112394,18.055432945572473,17.307269205928723
554.4225965035367,36918069274.80711,34290559389.782093,17.194421981336998,15.970671264934168,18.03440115844664,17.276292340932386
561.1092803582181,36523571662.550156,34161904556.740032,17.010686522007198,15.910750864633787,18.012310990980907,17.244645775273487
567.8766098093348,36433960908.66551,34030247323.182632,16.96895072307121,15.849432110019873,17.98808335315143,17.21231268781554
574.7255574933044,36162400823.5178,33895503847.83993,16.842472854942176,15.78667595240425,17.9624310527824,17.17927574863284
581.6571077771479,36184788511.185684,33757587570.060604,16.85289981812063,15.722442076559306,17.936021495597586,17.145517098150098
588.6722568999686,35561332281.65349,33616409720.6881,16.562527929556424,15.656689138656212,17.90690007131603,17.111018332519695
595.7720131161401,36047811683.040565,33471877141.58064,16.789103486647804,15.589373750716343,17.877749567567815,17.07576048004486
602.9573968402125,36406004331.00119,33323892867.109562,16.955930074836974,15.520450751441457,17.853945649355623,17.039723969430923
610.229440793577,35179201937.58831,33172358206.494205,16.384552468845808,15.449874176051662,17.82586100259675,17.002888613535227
617.5891901528903,35842420030.2218,33017169635.821533,16.693443263364674,15.377595808757752,17.795394844771145,16.96523358767169
625.0377027002941,35379332177.575615,32858219521.066242,16.47776221315701,15.30356551950453,17.76671738970362,16.926737395397858
632.5760489754474,35399581822.988205,32695396691.14067,16.48719339292984,15.227731530866176,17.736292124959927,16.887377842258168
640.2053124293863,35221843489.523575,32528585353.124146,16.404412576709422,15.150039912819269,17.70571224947885,16.84713200727128
647.9265895802449,34624809783.45018,32357665541.015343,16.126346857646677,15.070434791747157,17.67156844938689,16.805976211634515
655.7409901708554,34895654237.15952,32182511915.26337,16.25249142370504,14.988857791327048,17.636462636479074,16.763885983967924
663.6496373282415,34000016828.577293,32002994697.957188,15.835352395366337,14.905248468090194,17.598702876748185,16.720836024988817
671.6536677250424,34063346567.507122,31818978964.71366,15.864847931739646,14.819543981622006,17.55727744308713,16.676800174221658
679.7542317428836,34449807946.031815,31630323128.050285,16.044840551948994,14.731678388199821,17.51932571302326,16.631751365195687
687.9524936377117,34351928196.29705,31436879760.088585,15.999253506000313,14.641583023963255,17.483849264113527,16.585661577952845
696.249631707129,33990594294.65342,31238496084.36367,15.830963893269585,14.549186733972256,17.44667104269845,16.538501799922347
704.6468384597479,32957700993.913166,31035012728.329235,15.349898560669883,14.454415291192005,17.40265924040165,16.490241983495373
713.145320786579,34850828430.843765,30826261887.360855,16.23161400934977,14.357190541385853,17.36453298163103,16.440850987573377
721.746300134495,33240910388.46903,30612068966.82062,15.481802041397016,14.257431167899414,17.32875666827343,16.390296519546197
730.451012681785,34225619859.75156,30392251376.019592,15.94042597571541,14.155052129954084,17.290464383485013,16.33854508095628
739.2607095158205,32957601308.151344,30166617659.305878,15.349852132482061,14.049964257955303,17.25144174708644,16.285561903013566
748.176656812871,33354730897.4995,29934967941.112686,15.534813423109114,13.942074460771636,17.20859385096364,16.23131088134299
757.2001360200866,32746973442.94665,29697093233.89899,15.251753167219297,13.831285403411306,17.165565795693553,16.175754510877557
766.3324440396711,36301144987.935455,29452771433.756374,16.907092315203958,13.71749364199439,17.139950662142912,16.11885379627326
775.5748934152812,48881849771.68857,29201767174.43121,22.76649805130217,13.600589555764317,17.204259790349685,16.0605681416757
784.9288125206746,32700976401.120678,28943839202.34179,15.230330255279839,13.48046078196838,17.24623140334902,16.00085528323088
794.3955457506266,31707268612.341736,28678732769.940998,14.767515395726333,13.356988673101176,17.19295577801745,15.939671221421678
803.9764537141556,31754076124.673653,28406175233.48088,14.789315780598596,13.230046246583575,17.135752547195743,15.876970088858252
813.6729134300795,30350887993.576637,28125880477.370888,14.13578732368793,13.099500245387354,17.072373226352273,15.81270402161475
823.4863185249237,31487379220.119427,27837546156.27634,14.665102916597307,12.965209853555159,17.009108051864278,15.746823042570874
833.4180794332223,29696342193.439026,27540852261.88032,13.83093560975071,12.827026028676412,16.9436336853923,15.679274924437877
843.4696236002361,31045480291.35089,27235458975.31705,14.459290510813346,12.684790501667973,16.877376339960275,15.610005036250099
853.6423956871075,29384672739.350113,26921005642.958622,13.68577698641082,12.538335299751493,16.81086967438884,15.538956176031457
863.9378577784973,29390926412.479225,26597110146.03657,13.68868960607993,12.387482452857547,16.73686534453424,15.466068398310533
874.3574895927261,29588401114.460484,26263364129.910088,13.780662545705502,12.232041771679107,16.665744637917882,15.391278815786485
884.9027886944416,29498619116.065292,25919331047.22326,13.738846990421626,12.07180993628098,16.596893567420608,15.31452136866972
895.5752707098593,29478944444.78486,25564544927.52195,13.729683602222158,11.906569923054494,16.529072129317537,15.23572658192678
906.3764695445994,28420985515.56261,25198506342.785652,13.236944067752942,11.736089125682401,16.456877676250087,15.15482129913676
917.307937604142,28569719846.028206,24820678810.524452,13.306216402178139,11.560117679897735,16.38141719740065,15.071728380564052
928.3712460169497,27277416778.90686,24430484891.747887,12.704332156865677,11.378386646130643,16.30138759130075,14.98636636700126
939.5679848602816,30011937419.648796,24027300055.783726,13.977922643507899,11.190605152075788,16.2313441618293,14.898649096125348
950.8997633887208,26498074588.110687,23610449216.442245,12.34135709452802,10.99645877942669,16.158453782802663,14.808485275072092
962.368210265473,26389190134.820652,23179200038.690235,12.290644658210185,10.795606446489748,16.067415595097145,14.715778006991169
973.9749737964391,26838348299.33143,22732753745.988632,12.499838019853051,10.587676126743768,15.980430068334222,14.620424241089845
985.7217221671224,26245067771.578194,22270235340.882793,12.223520326434,10.3722602941246,15.894675762283109,14.522314131014406
997.6101436823909,25021709928.048523,21790683274.84501,11.65374700380302,10.1489111118015,15.800909586764545,14.421330297466536
1009.6419470091245,23375017775.466976,21293046476.872284,10.88680766214669,9.917139048260156,15.693516341976805,14.317347035146112
1021.8188614217956,24967643132.53078,20776160348.463844,11.62856564097522,9.676401697073182,15.588476266563541,14.210229388953689
1034.1426370510137,22722843095.118534,20238721626.7877,10.583060286410904,9.426092069534887,15.482199712148057,14.099831980917905
1046.6150451350566,20916032504.774624,19679274989.551136,9.741546514402193,9.165532355940934,15.356102093903655,13.985997652716096
1059.2378782744452,21537672449.715717,19096185352.297573,10.03107247672185,8.893961023181012,15.226533475245828,13.868555913138888
1072.0129506895892,19741585605.88216,18487606941.493607,9.194553240623112,8.610518410670515,15.093474987959043,13.747321098760974
1084.9420984815295,19958648948.736023,17851432212.581543,9.295649500179021,8.314222939167045,14.954923727659299,13.622090125065391
1098.027179895836,21041049234.617775,17185227154.567898,9.799772484770498,8.003940979178294,14.82685297570231,13.492639651633942
1111.270075589688,20718001021.21322,16486181385.749851,9.649314256301182,7.6783636082747755,14.70595944526081,13.358722682722325
1124.6726889021647,19704667688.273117,15750990817.181484,9.177358889279411,7.335951962135688,14.580534224571164,13.220064323447605
1138.2369461278074,17663889948.49553,14975718765.834,8.226875987081694,6.974872548638243,14.441196519117923,13.076356222178118
1151.9647967934795,16391101023.9225,14155636190.33967,7.634080364445627,6.592922838385828,14.286903856087672,12.92724949619343
1165.8582139385567,14133394054.315672,13284955365.312471,6.582563665220077,6.187407224740441,14.116755739338977,12.77234547061283
1179.919194398505,15170504992.074253,12356440920.899609,7.065593342978715,5.754955867272077,13.944013460901932,12.611183017353625
1194.1497590918812,13197162984.255934,11360816174.016247,6.146518324635837,5.291248193245459,13.770098850715774,12.443220765948437
1208.5519533107824,10663731509.997562,10285881307.924976,4.966584197936392,4.790602193790715,13.575421424507255,12.267811585764036
1223.1278470148095,16722798859.22168,9114998355.764572,7.7885671147677,4.245268811908306,13.405091953598806,12.084164428081763
1237.879535128577,9177157450.807037,7824314044.771225,4.274219126243068,3.6441384948617697,13.230146289625157,11.891283349817154
1252.8091378427982,16081013508.975166,6377248347.460033,7.4896585220285585,2.9701742620879448,13.056282418856338,11.68786216179947
1267.918800919016,10853873563.900797,4709827381.26219,5.055141990243298,2.1935805702585887,12.895387242293689,11.472069941722085
1283.210695998004,7461541240.034578,2696634878.031041,3.4751787195938997,1.2559453658671644,12.690809533143165,11.241072215229163
1298.6870209118815,0.0,0.0,0.0,0.0,12.431061383041778,10.989539711358672
1314.35,0.0,0.0,0.0,0.0,12.136547289022683,10.729177845863184
