R_kpc,Sigma_bar,Sigma_eff,kappa_bar,kappa_eff,kappa_bar_mean,kappa_eff_mean
1.0,40445504725.87253,40448561072.39432,19.440690073217773,19.442159148357007,0.0,0.0
1.0120606264911474,40445551300.650696,40448605407.80013,19.440712460027722,19.442180458781728,0.460585010722148,0.4606198029144582
1.0242667116936537,40445605797.04506,40448650827.40665,19.44073865447183,19.442202290342475,0.910258513916571,0.9103272093455163
1.0366200099307066,40445638362.935074,40448697357.75974,19.44075430771634,19.442224655798903,1.3492789419427027,1.3493807659962256
1.0491222966837304,40445686788.26279,40448745026.349075,19.44077758401847,19.442247568364284,1.7778986519405633,1.7780328944431854
1.0617753688475675,40445736551.43354,40448793861.25039,19.44080150337332,19.442271041533616,2.1963641529599136,2.1965300362604427
1.0745810449887383,40445787880.88386,40448843891.34276,19.44082617558206,19.442295089188026,2.6049160329296277,2.6051127947043913
1.0875411656068144,40445839705.03094,40448895146.252235,19.44085108557363,19.442319725567685,3.0037891749747643,3.0040160730427767
1.1006575933989453,40445891280.14931,40448947656.109695,19.440875875866112,19.44234496515541,3.393212887093766,3.3934692096047563
1.113932213527575,40445949104.69797,40449001451.76261,19.440903670033517,19.44237082277847,3.7734110775821645,3.773696109631208
1.127366933891388,40446001496.84495,40449056564.94632,19.440928853042074,19.44239731369089,4.144602319813153,4.144915374003473
1.1409636853995222,40446055348.07927,40449113028.20968,19.440954737381105,19.442424453537726,4.506999982123711,4.50734042492281
1.1547244222490889,40446114516.331856,40449170874.99121,19.440983177418346,19.44245225839167,4.860812438875509,4.861179628612273
1.1686511222060412,40446176988.85768,40449230139.50504,19.441013205700127,19.442480744698205,5.2062431379745675,5.20663641511139
1.1827457868894284,40446231879.37102,40449290856.70879,19.441039589582957,19.442509929260204,5.543490633533308,5.543909395231817
1.19701044205908,40446295053.748436,40449353062.589554,19.441069955219394,19.442539829375352,5.872748804828152,5.873192474743584
1.2114471379067577,40446360078.7307,40449416794.14181,19.44110121037459,19.442570462825564,6.194206990735705,6.194674965857561
1.2260579493508208,40446428223.903595,40449482089.2448,19.44113396529248,19.442601847818015,6.508050015217177,6.508541696065839
1.2408449763344431,40446492334.2363,40449548986.64711,19.44116478080874,19.44263400297775,6.814458289624694,6.814973114402744
1.2558103441274293,40446564321.258575,40449617525.98444,19.44119938236456,19.44266694735622,7.113607978776291,7.114145395188352
1.2709562036316695,40446629646.239296,40449687747.991486,19.441230781718154,19.442700700533102,7.405671057968401,7.406230539315426
1.2862847316902777,40446702982.50711,40449759694.528625,19.441266031807462,19.442735282629183,7.690815429858259,7.691396473138048
1.3017981314004599,40446780055.090096,40449833408.51216,19.441303077808225,19.442770714272765,7.96920507774906,7.969807145017148
1.3174986324301545,40446852420.98604,40449908933.876526,19.4413378614749,19.442807016581543,8.24100002732899,8.241622619578099
1.3333884913384921,40446933373.18026,40449986315.60462,19.441376772264352,19.44284421117717,8.506356541348403,8.506999169735119
1.34946999190012,40447007385.025734,40450065599.868866,19.441412347079385,19.44288232025306,8.76542716671155,8.76608936653646
1.3657454454334392,40447090128.2868,40450146834.1122,19.441452118769835,19.442921366613305,9.018360838104586,9.019042166882242
1.3822171911327976,40447177505.77378,40450230066.99932,19.441494117964933,19.44296137364928,9.265303026914042,9.26600299916427
1.3988875964046932,40447258430.288574,40450315348.39578,19.441533015449885,19.443002365329537,9.506395671352077,9.507113846876509
1.415759057208029,40447348483.1478,40450402729.38367,19.441576300599575,19.443044366207392,9.741777373359797,9.742513330244655
1.4328339983984741,40447433152.039696,40450492262.29606,19.441616997871062,19.44308740143746,9.971583456209926,9.972336785922026
1.4501148740769754,40447526187.5452,40450584000.94431,19.44166171667085,19.443131496884916,10.195946033752069,10.196716344798809
1.467604167942475,40447622083.050934,40450678000.63581,19.441707810169227,19.443176679134012,10.414994136105271,10.41578100796927
1.4853043936488803,40447718173.87655,40450774317.99476,19.4417539975508,19.44322297540196,10.628853690004648,10.629656720898234
1.5032180951663396,40447822463.71705,40450873010.97019,19.44180412590204,19.443270413542756,10.837647669519455,10.838466445829441
1.5213478471468749,40447916881.064514,40450974139.0952,19.441849508903243,19.443319022171806,11.041496077028134,11.04233023247999
1.5396962552944244,40448023279.21246,40451077763.552574,19.441900650641557,19.443368830697462,11.24051609473373,11.2413652870617
1.5582659567393489,40448129210.40637,40451183947.026245,19.441951567931966,19.44341986924962,11.434822180966579,11.435686039666793
1.5770596204174525,40448236720.9913,40451292753.80355,19.442003244378466,19.443472168728878,11.624526023604489,11.625404210056793
1.5960799474535783,40448347497.44762,40451404249.86764,19.442056490611126,19.443525760850942,11.809736685681555,11.810628871893936
1.615329671549826,40448462315.5216,40451518502.92616,19.442111679503096,19.443580678160437,11.990560660321963,11.99146651545143
1.6348115593784562,40448579327.3031,40451635582.45853,19.442167922830865,19.443636954053595,12.167101911442847,12.168021108838515
1.65452841097953,40448701200.32105,40451755559.721825,19.44222650277903,19.44369462278112,12.339461944690994,12.340394157775226
1.6744830601633456,40448835985.10648,40451878507.79575,19.44229128894644,19.443753719469775,12.507739922073954,12.508684763951312
1.6946783749177292,40448947065.415215,40452004501.80818,19.442344681229955,19.44381428023081,12.672032492099232,12.672989682004062
1.7151172578202367,40449079111.84262,40452133618.93919,19.442408151167786,19.4438763421619,12.832434062133146,12.83340337514752
1.7358026464553273,40449210561.72594,40452265938.26765,19.442471334368467,19.443939943273385,12.98903693217607,12.990018069482907
1.7567375138365704,40449346613.79811,40452401540.90629,19.442536729674742,19.44400512255323,13.141931123215082,13.14292380702222
1.7779248688339402,40449484838.86469,40452540510.16685,19.442603169460767,19.444071920046365,13.291204538988056,13.29220849745731
1.7993677566062685,40449626704.58057,40452682931.59722,19.442671359175126,19.444140376872568,13.436942995294082,13.43795796870363
1.8210692590389104,40449772171.96522,40452828893.02153,19.442741280081293,19.444210535245713,13.579230282885662,13.580256016246935
1.8430324951866892,40449922689.18018,40452978484.60567,19.442813628258097,19.444282438505283,13.718148215436893,13.719184451321487
1.8652606217221832,40450076377.811874,40453131798.901726,19.44288750082012,19.44435613113772,13.853776665746128,13.854823147947418
1.88775683338942,40450236014.9692,40453288930.92247,19.442964232623094,19.444431658812217,13.986193619558161,13.987250088854433
1.9105243634630407,40450393336.138374,40453449978.23847,19.443039851214394,19.444509068427422,14.115475183374347,14.11654141031842
1.9335664842130058,40450557544.37317,40453615041.06867,19.44311878016884,19.444588408154946,14.24169566653692,14.242771445936905
1.9568865073748998,40450730732.697334,40453784222.34909,19.44320202552719,19.44466972747241,14.364927681942786,14.366012769368268
1.9804877846259143,40450900899.57739,40453957627.78499,19.443283818586725,19.444753077188505,14.485242065260312,14.48633623605912
2.0043737080665673,40451084146.47707,40454135365.94538,19.44337189873822,19.44483850948843,14.602707998237824,14.603811023983852
2.0285477107082346,40451261469.637344,40454317548.30916,19.443457131562607,19.44492607795605,14.717393005860693,14.718504673419865
2.0530132669665586,40451445366.50087,40454504289.38151,19.443545524128197,19.445015837629867,14.829362977355402,14.830483125781331
2.0777738931608125,40451639517.40257,40454695706.89328,19.44363884543876,19.445107845098835,14.938682332728323,14.939810761534723
2.102833148019282,40451834444.1491,40454891921.81097,19.44373253966985,19.44520215850717,15.045413932299095,15.04655043721727
2.1281946331907466,40452043178.99719,40455093058.377914,19.443832870955532,19.44529883757415,15.149619168118615,15.15076352157863
2.153861993762124,40452243917.9975,40455299244.26923,19.443929358926617,19.445397943668578,15.251357926616157,15.252509930867458
2.1798389187823672,40452469292.618034,40455510610.61533,19.444037688348587,19.445499539820098,15.35068873891294,15.351848163282977
2.206129141792668,40452666949.87576,40455727292.15618,19.444132695037567,19.445603690793334,15.447668634230405,15.44883533261131
2.232736441363065,40452891369.20106,40455949427.59482,19.444240565283696,19.445710463257818,15.542353306419653,15.543527201067862
2.2596646416355184,40453123194.552444,40456177159.585,19.44435199533848,19.445819925782043,15.634797327313555,15.635978211363492
2.2869176128735367,40453358416.91365,40456410634.55959,19.44446505821292,19.44593214875099,15.725053843326252,15.726241518009958
2.314499272018431,40453593518.256744,40456650002.92934,19.444578062918335,19.446047204461657,15.813174698896786,15.814369017883822
2.3424135832522777,40453832618.44147,40456895419.38488,19.44469298972217,19.44616516726824,15.899210513864082,15.900411380069118
2.3706645585676736,40454086081.11182,40457147043.22978,19.44481482005295,19.44628611374219,15.9832107914731,15.984418074996583
2.399256258344359,40454346445.91293,40457405038.47456,19.44493996798815,19.44641012271743,16.06522387807102,16.066437402894998
2.4281927919327986,40454615036.56237,40457669573.81097,19.445069069790875,19.446537275277976,16.14529693995195,16.14651652156879
2.4574783182447963,40454888296.79348,40457940822.52694,19.445200416092483,19.446667654717068,16.22347601307764,16.224701473516962
2.4871170463512398,40455163314.47291,40458218962.75903,19.445332607135878,19.4468013466585,16.29980600592709,16.301037212410424
2.5171132360870474,40455446358.20698,40458504177.9523,19.445468656013215,19.44693843927767,16.374330782441813,16.375567628946172
2.547471198663417,40455741037.69239,40458796656.94009,19.44561029777503,19.447079023339928,16.44709322350328,16.448335576091907
2.578195297287452,40456045192.86681,40459096594.04801,19.44575649415755,19.44722319225057,16.518135202125265,16.51938289373369
2.6092899477892684,40456355702.13876,40459404189.287285,19.445905744724744,19.44737104214774,16.587497569168917,16.588750432741307
2.6407596192566607,40456663671.12663,40459719648.59636,19.446053774269334,19.4475226720186,16.655220139050677,16.656478078465945
2.6726088346774195,40456988566.77459,40460043184.00916,19.446209939846717,19.447678183780184,16.721341844079202,16.72260477368353
2.7048421715894047,40457316849.244576,40460375013.87347,19.446367733346854,19.447837682384357,16.785900726808865,16.787168540996692
2.7374642627384485,40457660662.14835,40460715363.1057,19.446532991764343,19.448001275940314,16.84893392142446,16.850206504708677
2.770479796744201,40458007899.063644,40461064463.35329,19.446699895980224,19.448169075792578,16.91047768171956,16.91175491218139
2.803893518774003,40458364833.537674,40461422553.285736,19.446871461461555,19.448341196660948,16.97056736998602,16.971849154690023
2.837710231224885,40458736988.33918,40461789878.88551,19.44705034280336,19.44851775678029,17.02923757786106,17.030523787786922
2.8719347944137956,40459115218.38306,40462166693.62567,19.44723214429426,19.448698877985926,17.086522056318397,17.08781255118566
2.9065721272761507,40459498660.01405,40462553258.74374,19.44741645080644,19.448884685845275,17.14245370000471,17.143748388176576
2.941627208072808,40459895777.75327,40462949843.49551,19.447607330928797,19.449075309779854,17.197064667830524,17.19836346458533
2.977105075105571,40460295674.60628,40463356725.62162,19.44779954687055,19.449270883289536,17.25038634229315,17.251689187286434
3.013010827441318,40460717181.98195,40463774191.756355,19.448002150208286,19.44947154414904,17.302449408574713,17.30375622228313
3.0493496256448713,40461144096.50661,40464202537.535576,19.448207352566815,19.44967743445983,17.35328383863847,17.354594512361846
3.086126692520694,40461587169.95755,40464642067.846725,19.448420321936286,19.44988870077026,17.402918864237375,17.40423329433042
3.123347313863546,40462035946.04541,40465093097.28216,19.4486360323569,19.450105494293485,17.451383025530507,17.452701115851998
3.161016839218183,40462500565.07649,40465555950.625534,19.448859357906837,19.450327971141256,17.498704185413253,17.500025851885333
3.1991406826482205,40462972953.28551,40466030963.27486,19.449086417819377,19.450556292527253,17.54490955780417,17.54623472074092
3.237724323514275,40463462658.52024,40466518481.600044,19.44932180139934,19.450790624938957,17.590025720870074,17.59135429976103
3.2767733072614837,40463965948.495964,40467018863.330345,19.449563714672554,19.451031140323867,17.634078655753367,17.635410540632577
3.3162932462165258,40464477436.61141,40467532478.08084,19.449809568494775,19.451278016342577,17.677093676078275,17.67842878434239
3.356289820394258,40465001888.43827,40468059707.85631,19.45006165350381,19.451531436610953,17.719095492554366,17.720433775784034
3.396768778314074,40465544864.58567,40468600947.53797,19.450322642483187,19.451791590934107,17.760108289273585,17.761449678024196
3.4377359378261105,40466102539.895905,40469156605.43331,19.450590696818054,19.45205867557066,17.80015568692457,17.801500086236995
3.4791971869474256,40466668310.35262,40469727103.912994,19.45086264219681,19.452332893538912,17.839260687102147,17.84060804131492
3.521158484708249,40467256011.616646,40470312880.0011,19.451145128920786,19.45261445490051,17.877445788325982,17.87879604316427
3.56362586200845,40467853632.02872,40470914385.95126,19.451432383420173,19.45290357703741,17.914732965589074,17.916086063692273
3.606605422484327,40468479949.75886,40471532090.03525,19.45173343168157,19.453200485030894,17.951143712836117,17.952499559494257
3.6501033433858567,40469110084.601776,40472166477.233826,19.452036314690908,19.45350541199367,17.98669897854741,17.9880574842487
3.6941258764645224,40469763504.8493,40472818049.93868,19.45235039015135,19.45381859940723,18.021419185595015,18.022780300826515
3.7386793488718437,40470438127.51444,40473487328.79533,19.452674656846458,19.45414029752703,18.05532437125111,18.056687993122274
3.7837701640687524,40471123991.9349,40474174853.58446,19.453004327046415,19.454470765806107,18.08843402922492,18.089800077614907
3.8294048027459335,40471824085.950645,40474881184.16,19.453340836897745,19.45481027334598,18.12076715212424,18.12213561466493
3.875589823755259,40472553255.08939,40475606901.39966,19.453691322108238,19.455159099353533,18.152342384533984,18.153713219554717
3.922331865052462,40473294319.15567,40476352608.240395,19.45404752477982,19.455517533638737,18.183177914929086,18.184551073278545
3.9696376446511854,40474058722.10716,40477118930.796135,19.454414945608704,19.4558858771519,18.213291469182362,18.21466693308928
4.017513961588521,40474858530.70033,40477906519.56014,19.454799384647927,19.456264442561576,18.242700487097746,18.244078142808377
4.06596769690221,40475664211.070946,40478716050.67604,19.455186646038023,19.45665355486554,18.271421894423312,18.272801642905726
4.115005814619619,40476487690.21588,40479548227.24894,19.45558246265465,19.457053552020962,18.299472117069314,18.30085398035537
4.164635362758645,40477346222.21412,40480403780.78017,19.455995127909016,19.45746478563405,18.32686735812252,18.328251318273395
4.214863474340702,40478223292.770195,40481283472.738846,19.456416703977077,19.45788762171545,18.35362343984932,18.355009445344567
4.265697368415905,40479129514.3186,40482188096.230415,19.45685229187194,19.458322441482238,18.37975577697954,18.381143785044106
4.317144351100639,40480064296.58037,40483118477.769,19.457301607867873,19.458769642209838,18.405279475723233,18.406669404660594
4.369211816627631,40481015618.719635,40484075479.221695,19.45775887398421,19.45922963816656,18.430209212200808,18.43160102412624
4.421907248408684,40482002401.69786,40485059999.88193,19.45823318484222,19.459702861610204,18.454559355173743,18.45595302466084
4.4752382201102385,40483018126.45997,40486072978.58422,19.45872140696811,19.46018976380454,18.47834400272869,18.47973945723482
4.529212396741896,40484048355.44284,40487115396.20848,19.45921660074789,19.460690816223032,18.501576799348395,18.502974050858036
4.583837535758073,40485126982.42602,40488188278.541176,19.45973505769451,19.461206511924107,18.524271178684575,18.525670220702818
4.639121488172954,40486236871.20743,40489292698.85956,19.46026854105592,19.46173736679329,18.54644034979585,18.547841076065517
4.695072199688863,40487367000.74385,40490429780.80787,19.46081175341559,19.46228392092569,18.568097048679007,18.56949942817053
4.75169771183828,40488540136.79965,40491600701.979706,19.461375637452374,19.462846740347924,18.589253777618573,18.590657797826257
4.8090061631396015,40489762167.03696,40492806697.57826,19.461963023152332,19.46342641877746,18.60992290527109,18.61132842294094
4.867005790266854,40490988219.330215,40494049064.34426,19.462552342108996,19.464023579510616,18.63011628355168,18.631523265903564
4.925704929233514,40492268742.71478,40495329164.89762,19.463167843347502,19.464638877509472,18.64984551859004,18.65125402083707
4.9851120165906035,40493585292.398506,40496648432.471115,19.463800661123933,19.465273001677133,18.66912212142325,18.670532120731405
5.0452355906392325,40494949530.71543,40498008376.210205,19.46445640110011,19.465926677405196,18.6879572927803,18.68936874446469
5.106084292657776,40496350396.652565,40499410586.94125,19.46512974664747,19.466600669346313,18.70636197067316,18.70777482372111
5.1676668681438365,40497796847.81635,40500856743.43394,19.46582500336319,19.467295784424298,18.724346822679387,18.72576104981341
5.229992168071196,40499407340.29653,40502348619.43214,19.46659910880172,19.468012875213628,18.741922992859667,18.743337880419514
5.293069150161929,40500838254.89211,40503888091.47648,19.467286897651494,19.468752843699452,18.759100063426622,18.76051554624403
5.356906880173848,40502417279.35721,40505477147.559135,19.468045877554253,19.46951664543765,18.77588732177294,18.77730405761594
5.4215145332034815,40504060555.03392,40507117896.769104,19.468835740688668,19.470305294190954,18.79229520954699,18.79371321103407
5.486901395004776,40505746995.347694,40508812580.05609,19.469646351501645,19.471119867102775,18.808333325611283,18.809752595673814
5.5530768633236836,40507501515.11377,40510563582.32551,19.470489685643,19.471961510510813,18.824011064781747,18.825431599869884
5.620050449248863,40509313477.47597,40512373445.97191,19.471360630360998,19.472831446452098,18.83933767937808,18.84075941759141
5.687831778578659,40511177942.20159,40514244886.212906,19.472256811064614,19.47373098003345,18.854322114016128,18.85574505492814
5.756430593204574,40513123275.174065,40516180808.5145,19.473191862207216,19.474661507807213,18.868973235917643,18.870397336609475
5.825856752511429,40515116696.914,40518184328.34726,19.47415002787962,19.475624527267303,18.88329967500662,18.88472491258095
5.896120234794399,40517192428.61986,40520258793.70809,19.47514775697318,19.476621647674648,18.8973098672444,18.89873626466561
5.967231138693149,40519338986.854706,40522407810.927505,19.476179529815443,19.477654602461783,18.911012176635797,18.91243971334295
6.039199684643272,40521571212.571884,40524635274.45224,19.477252479915464,19.47872526354828,18.924414789043187,18.92584342468387
6.11203621634521,40523882180.07691,40526945401.30043,19.47836327834261,19.47983565790211,18.937525740716914,18.938955417487254
6.1857512022509145,40526271375.292404,40529342771.126144,19.47951167799848,19.480987986797214,18.95035283537177,18.951783570671967
6.2603552370684294,40528768025.36133,40531832373.099525,19.480711727312745,19.482184648347072,18.962903856342756,18.964335630989048
6.335859043284609,40531344846.55656,40534419661.06165,19.48195031198538,19.483428264015682,18.975186411700605,18.976619221132356
6.412273472706223,40534032395.06578,40537110618.90829,19.483242119269743,19.484721710045125,18.987207949874367,18.988641848343846
6.489609508019627,40536841848.93196,40539911838.53058,19.484592522046455,19.486068154918865,18.998975979795343,19.000410913631388
6.567878264369249,40539753690.3455,40542830613.35791,19.485992138810953,19.4874711043244,19.01049778396141,19.011933721745226
6.647090990955133,40542798662.25277,40545875051.86246,19.487455746584725,19.48893445571079,19.021780537965174,19.02321749209758
6.727259072649714,40545970480.91539,40549054216.37935,19.48898032500219,19.490462565014496,19.032831385400986,19.03426937086115
6.808394031634124,40549305856.78061,40552378294.34961,19.49058351944649,19.49206032896965,19.043657475332505,19.04509644454761
6.89050752905422,40552778447.14855,40555858811.99063,19.49225266793535,19.49373328781173,19.05426584433007,19.055705755457403
6.973611366696582,40556429066.84018,40559508904.28189,19.49400738867579,19.495487755049904,19.064663446949904,19.0661043195194
7.057717488684729,40560253319.15549,40563343660.55539,19.495845568333273,19.497330983579864,19.074857278800135,19.07629914721547
7.142837983195795,40564291104.02692,40567380573.368805,19.49778638536102,19.49927138144089,19.084854373413883,19.086297268536416
7.228985084197899,40568534984.0244,40571640131.80935,19.499826264855617,19.50131879699554,19.094661780909632,19.096105763285685
7.3161711732084855,40573046701.60985,40576146620.52451,19.501994884183553,19.503484902994803,19.104286695944133,19.105731798599898
7.404408781073854,40577828080.413445,40580929219.49163,19.50429311989784,19.505783725197528,19.113736502613285,19.11518267640229
7.493710589770156,40582911593.428894,40586023557.87678,19.506736580591095,19.50823238925414,19.12301860639793,19.124465894856925
7.58408943422613,40588352224.83637,40591473975.89683,19.50935169516841,19.51085220790186,19.132140736069914,19.133589230117327
7.67555830416779,40594208212.541916,40597336937.3105,19.51216645648311,19.513670321225625,19.141111082078105,19.142560848486855
7.768130345985381,40600531402.985794,40603686408.914986,19.5152057852423,19.516722282387395,19.14993826741532,19.15138946604952
7.861818864622859,40607448055.45037,40610622816.295906,19.518530369712675,19.520056362330962,19.158631727434877,19.16008458626429
7.956637325490131,40615086517.95701,40618289038.44972,19.522201902142147,19.52374123781799,19.16720212372769,19.16865687423536
8.052599356398389,40623646973.13314,40626901801.68058,19.526316603073507,19.527881081337807,19.17566173836255,19.17711879246599
8.149718749518765,40633469783.675026,40636822211.26848,19.53103807253438,19.5326494631272,19.184025645015605,19.18548580323928
8.24800946336461,40645179387.52553,40648752085.759575,19.536666455240457,19.538383721956844,19.192314063407665,19.193779066312157
8.3474856247977,40660271680.50504,40660701879.09824,19.543920774164096,19.544127555055496,19.200558836914492,19.202011816089865
8.448161531058608,40685542008.80106,40667062863.47027,19.556067306239317,19.54718504998788,19.20883844480023,19.210153586150128
8.550051651821585,40690828156.63758,40667795014.727615,19.558608166156073,19.547536968594837,19.217095197195217,19.218142658546725
8.653170631274223,40680476462.155334,40667256489.98862,19.55363248132964,19.547278119246347,19.22512695594571,19.225943514639226
8.757533290222188,40700937209.78362,40666728917.44499,19.56346722207534,19.547024534221727,19.233027039454598,19.23355348461852
8.863154628219347,40703877397.58171,40666215707.416885,19.564880463920808,19.54677785273842,19.240872600285865,19.24097723517393
8.970049825723585,40691551675.32763,40665685422.78942,19.558955935400412,19.54652296411327,19.248478324482956,19.248219161661655
9.078234246278617,40697076283.18364,40665148032.63062,19.561611414416753,19.54626466011641,19.255865739877997,19.255283434480447
9.187723438722127,40697239238.647705,40664611242.33963,19.56168974120966,19.546006644454295,19.26311033556231,19.26217422578416
9.298533139420517,40683389815.6658,40664065095.6364,19.555032824904398,19.545744131503497,19.27010488628343,19.268895595461743
9.410679274530622,40684148113.268364,40663506268.10239,19.555397311113055,19.545475523336368,19.276859682676516,19.275451431823598
9.524177962288718,40703597429.54667,40662941747.31226,19.56474589342066,19.545204178627106,19.28357014376912,19.281845552268667
9.639045515327101,40679377024.297134,40662373671.559875,19.553104021348712,19.54493112517617,19.290092965504257,19.288081735551074
9.755298443018628,40691745850.160675,40661798602.504036,19.559049268213908,19.544654710297408,19.296395017089566,19.294163663306843
9.872953453849549,40682537858.062035,40661216568.35154,19.554623319723476,19.544374947548807,19.302565022822083,19.30009491064883
9.992027457820912,40693802137.014046,40660626319.234055,19.560037650870743,19.5440912361639,19.30860125707397,19.305878960989418
10.112537568878977,40690117222.47231,40660026803.05156,19.558266445837262,19.543803070436294,19.31453712800348,19.311519202112336
10.234501107374921,40710449762.33434,40659419624.35727,19.56803956175059,19.543511221616633,19.320427977040953,19.317018944774897
10.357935602554209,40703724070.464836,40658806466.40193,19.56480676512587,19.543216498782627,19.32625581375473,19.322381440019765
10.48285879507597,40693789974.20853,40658186103.035126,19.5600318046504,19.542918312568148,19.331850610033225,19.327609864369958
10.60928863956282,40696791499.49782,40657558268.67751,19.561474529207594,19.542616535318825,19.337273823752017,19.332707310630006
10.737243307181362,40692365575.224884,40656921320.95409,19.559347147619434,19.54231037760444,19.342560187955854,19.337676787419696
10.866741188253847,40703766541.21823,40656275782.02477,19.564827179279668,19.542000090408372,19.347761564044358,19.342521225774714
10.997800894901342,40676812656.227776,40655623217.12826,19.551871422442904,19.541686426084198,19.352749844512115,19.347243499210297
11.130441263718758,40699706567.684135,40654963046.45824,19.562875696964962,19.54136910594001,19.35759852794519,19.351846418700678
11.264681358482123,40686854367.71735,40654292503.16326,19.55669810966554,19.541046800050477,19.3623882937991,19.35633270949294
11.400540472888565,40684174409.821526,40653613127.618195,19.555409950914274,19.540720248818037,19.366976490263706,19.360705025431773
11.538038133329287,40717905191.3758,40652928086.31136,19.57162311661881,19.540390974259,19.37163402690975,19.364965984343385
11.677194101695985,40682304311.94017,40652235197.11456,19.55451106255661,19.54005792750334,19.376168203739816,19.36911814745531
11.818028378221166,40685464728.2498,40651530681.537636,19.556030160275732,19.539719292367604,19.380411568211297,19.3731639813214
11.960561204352672,40674601512.306725,40650816018.67726,19.55080860559916,19.539375779800025,19.384510062238753,19.377105881145386
12.104813065662881,40657223526.549,40650094065.44319,19.542455636894665,19.539028763013707,19.388350430879267,19.380946210120097
12.250804694792999,40686789076.71487,40649363534.233246,19.556666726644053,19.538677623104896,19.392170811188894,19.384687284244126
12.39855707443289,40669318857.778305,40648621681.837204,19.548269424789154,19.53832104151173,19.3959679440341,19.38833134164521
12.548091440336803,40679502275.93675,40647869618.0626,19.553164225278014,19.537959551678522,19.39963456956527,19.39188055825693
12.699429284375467,40714389565.049225,40647109469.596634,19.56993328230245,19.537594175826825,19.403471797101354,19.395337076924054
12.852592357625056,40697788657.50806,40646339645.87579,19.561953826967937,19.537224149430337,19.407320477247637,19.39870299264929
13.007602673493352,40702948517.36568,40645559979.37796,19.564433984824614,19.536849391967237,19.41101357387063,19.4019803408392
13.164482510883603,40694643453.6597,40644770525.74322,19.560442041328283,19.536469930181703,19.4146008064109,19.405171108048485
13.32325441739661,40691421587.12509,40643970824.830925,19.558893406710393,19.53608554290078,19.418037591375693,19.408277231446032
13.483941212571365,40693878582.446236,40643160771.90448,19.56007439542282,19.535696179781375,19.421388791478915,19.41130059910151
13.646565991164776,40677189472.20865,40642340499.91098,19.552052544244905,19.53530190472635,19.424578906056205,19.414243054521567
13.811152126471006,40679034752.385086,40641510070.33287,19.552939503630167,19.534902747288086,19.42760955451217,19.41710639864151
13.977723273680795,40679778421.738174,40640668708.89454,19.553296958568815,19.534498335300324,19.43058310508498,19.419892385642175
14.146303373281274,40687365985.4122,40639816073.329155,19.55694402577189,19.53408850424779,19.433533877654096,19.422602721801976
14.316916654496875,40695845005.1679,40638952996.73804,19.561019583644452,19.533673654572134,19.43650625297034,19.425239075809422
14.489587638771654,40683813787.991554,40638078891.81314,19.555236613054415,19.533253503975633,19.439387281546246,19.427803078169845
14.664341143293623,40684756866.74708,40637193497.45337,19.55568991687458,19.53282792695644,19.442137361540556,19.430296315939355
14.84120228456165,40673196938.351776,40636297383.18048,19.550133477741856,19.532397197263055,19.444761409283405,19.432720340358344
15.020196481995317,40673730270.54626,40635388236.73982,19.550389831222155,19.531960203478363,19.44726091712549,19.435076655894242
15.201349461588306,40684033024.51216,40634466831.11746,19.555341992113934,19.531517317148783,19.44976324009878,19.437366722711825
15.384687259605924,40697080610.74955,40633534727.12685,19.561613494521037,19.53106928850084,19.452339326579708,19.43959197969725
15.570236226327143,40676387908.94054,40632590529.00745,19.55166726179695,19.53061544664298,19.454809698931,19.441753832485773
15.758023029831811,40685789175.599625,40631634199.34122,19.55618611037243,19.530155773589694,19.457158278628736,19.443853645296613
15.948074659833509,40659564546.295105,40630665170.15225,19.54358088034626,19.52968999633553,19.459354209927874,19.445892746563057
16.14041843155869,40696346014.94478,40629683485.60826,19.56126040090862,19.529218136110302,19.46156037560375,19.44787243028379
16.335081989672556,40682486302.103355,40628689585.18614,19.554598538640363,19.52874040415465,19.463843058897833,19.449793962567703
16.532093312252265,40688156660.03589,40627682821.54808,19.557324074442615,19.528256489316714,19.46602569859337,19.451658578306635
16.731480714808132,40670528716.42879,40626662661.109375,19.54885096004791,19.527766135121652,19.468087747261446,19.453467476415483
16.933272854353273,40673502114.20331,40625629419.751854,19.550280164726917,19.527269493402414,19.470018204018114,19.455221826194098
17.13749873352231,40676309411.5155,40624583065.3235,19.551629530926192,19.5267665487047,19.471935833788628,19.456922770843207
17.34418770473983,40680018994.878914,40623522330.32572,19.55341259336929,19.526256691787808,19.47384516869331,19.458571419036797
17.553369474439055,40691591492.991615,40622447588.34161,19.55897507431017,19.525740102219615,19.47579655093419,19.460168848148566
17.765074107331372,40676849239.21149,40621359363.72621,19.55188900655894,19.5252170320386,19.477682755061576,19.46171611514518
17.979332030727445,40692345691.85104,40620256977.557495,19.559337590401366,19.524687154911533,19.479529598016033,19.463214251030745
18.196174038910378,40680850446.50637,40619140081.85373,19.55381224206968,19.52415030357618,19.481354547170604,19.464664256547234
18.415631297561585,40691534542.355,40618008552.92977,19.55894770020065,19.52360641858158,19.483132398399007,19.46606710604928
18.637735348240156,40682640761.3556,40616862271.10307,19.554672781611792,19.523055442400654,19.48487765481499,19.467423749421748
18.862518112916142,40686258936.99004,40615700924.81283,19.556411907668355,19.52249722527741,19.486551951285666,19.468735111583033
19.090011898558522,40668970230.45089,40614524498.68834,19.548101852252493,19.5219317598237,19.48810802858256,19.470002093687153
19.320249401778593,40690785931.62213,40613332697.99508,19.558587870119613,19.521358904371315,19.489654350484688,19.471225573762908
19.553263713529255,40682125601.77373,40612125058.666336,19.55442516304856,19.52077843586018,19.491237902377282,19.47240640471075
19.789088323861044,40699160076.247894,40610901497.57407,19.56261301831349,19.52019031433366,19.492832495541123,19.47354541612171
20.027757126735455,40694453469.65941,40609662012.80747,19.560350722896395,19.51959453887329,19.494458761471975,19.47464341745087
20.269304424896426,40761407578.87501,40608406315.15728,19.592533139587964,19.51899097046665,19.496403374655472,19.475701197308492
20.513764934800466,40673356499.42859,40607133919.33562,19.550210172975678,19.518379375853428,19.498176502234028,19.476719521204654
20.76117379160629,40669065724.12484,40605844699.48009,19.548147752604876,19.517759694536124,19.499384695367084,19.47769913304554
21.011566554224647,40680258722.07162,40604538464.676994,19.553527821553164,19.51713183474943,19.50060409322216,19.478640757306994
21.264979210429043,40691325764.21964,40603214921.77107,19.558847348108348,19.516495655584233,19.501921343344744,19.479545098540978
21.52144818202804,40682853300.130974,40601873981.36397,19.554774941307624,19.515851114069967,19.503221491817666,19.480412842436092
21.78101033010006,40705098637.1833,40600515345.8368,19.565467469590793,19.515198067152017,19.504570307112616,19.48124465622503
22.043702960291224,40680070266.83963,40599138664.72289,19.553437237944863,19.51453634637374,19.505869706807196,19.482041187640597
22.309563828177094,40680773627.793335,40597743704.608086,19.55377531809501,19.513865839541392,19.507000695626797,19.48280306574909
22.578631144689147,40701578045.55198,40596330352.69011,19.56377524863218,19.513186492435008,19.508228038337265,19.483530902745887
22.85094358160664,40661530236.42345,40594898069.853546,19.544525716436798,19.51249804592132,19.509314656397603,19.48422529259588
23.126540277114675,40669080766.52863,40593446604.82832,19.548154982943874,19.511800379223903,19.510192119043168,19.484886810701315
23.405460841429427,40687227954.41105,40591975970.44706,19.55687767926609,19.51109349851093,19.511195474747414,19.485516017483512
23.687745362491093,40652246830.73495,40590485683.345276,19.540063519363546,19.510377171446596,19.512077395254924,19.4861134573903
23.9734344117255,40686924849.66513,40588975473.36666,19.55673198778653,19.509651268176533,19.512939073117593,19.486679657687382
24.26256904987534,40692921576.00589,40587445169.80134,19.559614397068717,19.508915706646693,19.514010955035893,19.487215130641758
24.555190832901552,40699334033.932915,40585894425.222305,19.56269663347575,19.508170319861485,19.515128112908137,19.48772037342763
24.851341817956033,40684279449.05807,40584322922.47231,19.555460439473066,19.5074149553749,19.51616886329239,19.488195867657222
25.15106456942623,40659132306.4958,40582730297.536385,19.54337311832097,19.506649438218123,19.516955707646606,19.4886420796524
25.454402165052805,40690700731.120255,40581116287.3813,19.558546917322452,19.5058736419606,19.517762408052423,19.489059461120117
25.76139820212097,40661929989.9922,40579480804.31315,19.544717863507,19.505087524451042,19.51856386660761,19.48944845107456
26.072096803726463,40701410628.41072,40577823486.65545,19.563694777272552,19.504290911844656,19.519409647612513,19.48980947556088
26.38654262511724,40628119013.76206,40576143401.66726,19.528466151124668,19.50348335580664,19.52003902554122,19.49014294314067
26.70478086011153,40697533636.145256,40574440593.05925,19.561831247430113,19.502664877347126,19.520636287785756,19.490449247667254
27.02685724759327,40664305243.32231,40572715256.57825,19.545859561803237,19.501835570554526,19.521421937113367,19.490728775031524
27.35281807808605,40649590879.00951,40570966525.75107,19.538786899509407,19.500995018946554,19.521916623964426,19.490981898126602
27.68271020040616,40664542038.94997,40569193820.23958,19.54597338088991,19.500142943575668,19.52240195157607,19.491208972782903
28.016581028395926,40672229828.204575,40567397159.53634,19.5496686229016,19.49927935381124,19.523004436760022,19.491410343227642
28.354478547738374,40650158339.07483,40565576320.670845,19.539059657021856,19.498404142479416,19.523509733056677,19.49158634436582
28.696451322853907,40665730145.84584,40563730776.017,19.5465444608676,19.497517055969436,19.52396733425551,19.49173729888374
29.042548503880234,40686191148.626,40561860189.38713,19.556379324255566,19.49661793268805,19.524619427890116,19.491863516910747
29.39281983373656,40666943081.50935,40559964171.88179,19.54712747513514,19.495706585705374,19.525261623308907,19.491965297098297
29.747315655272857,40695368493.656,40558042328.49677,19.56079054180947,19.494782825157184,19.525942485891083,19.4920429265586
30.10608691850536,40674799747.001495,40556094283.296646,19.550903889841223,19.493846470344927,19.526650280454245,19.492096681212647
30.469185187939466,40858480632.8072,40554119686.82745,19.639192642757653,19.492897353298734,19.528277020216482,19.492126826315012
30.8366626499808,40709856094.88975,40552118143.20787,19.56775420729958,19.49193528373278,19.53005348506086,19.49213361659043
31.208572120435743,40642226412.93384,40550089138.654106,19.535247067246164,19.4909600146898,19.530559298273484,19.49211729554521
31.58496705210235,40660772780.52935,40548032436.00052,19.544161634806933,19.48997143217285,19.530776593931733,19.4920780966502
31.965901542452947,40701910776.97358,40545947672.98358,19.563935180582316,19.48896936205497,19.53132934889873,19.49201624442751
32.35143034140928,40631349762.87371,40543833963.10073,19.53001905527581,19.487953378226468,19.531697664296914,19.49193195095171
32.74160885921138,40674718791.359955,40541691096.36454,19.550864977394774,19.486923379753982,19.531906313838977,19.491825417052734
33.13649317438156,40671483638.09502,40539518928.0932,19.549309956326564,19.48587929709421,19.532336947479536,19.491696836785273
33.53614004178425,40652335401.79591,40537316820.25574,19.540106092266452,19.484820823568757,19.53262938689979,19.49154639513299
33.94060690078302,40669036729.04013,40535084314.96764,19.548133815717225,19.483747739089115,19.532902189019378,19.491374266463083
34.34995188349621,40668529144.352066,40532820963.46151,19.547889838131248,19.482659827949032,19.533260146061536,19.491180615849615
34.764233823151955,40676944124.674484,40530526295.81039,19.551934614566335,19.48155686427164,19.533654950852902,19.490965599224065
35.1835122625439,40636681807.265,40528199823.66403,19.53258197600508,19.480438613324647,19.533857405322674,19.490729363366682
35.60784746258914,40691359080.0247,40525841067.97864,19.55886336180987,19.47930484484904,19.534140380797254,19.490472046072284
36.03730041098919,40660957678.042305,40523449537.10714,19.544250508348483,19.478155322527872,19.534551972537205,19.490193776343656
36.4719328309954,40664532184.95274,40521024726.236984,19.54596864443014,19.47698980371602,19.534802223067516,19.489894674453094
36.91180719028024,40655593401.24574,40518566123.83549,19.541672094668748,19.47580804253824,19.53501557401693,19.489574852036228
37.356986709915475,40662803677.02305,40516073234.69408,19.54513781323696,19.474609800965695,19.535214579531168,19.489234412352136
37.807535373458514,40651047290.62737,40513545529.63722,19.53948694385485,19.473394824642867,19.53538233784675,19.488873450379597
38.26351793614863,40660409593.50792,40510982479.21121,19.543987063952397,19.47216285908052,19.53553321079632,19.48849205281944
38.724999934213855,42026480679.47025,40508383545.38217,20.20060798586141,19.47091364566524,19.54355838435899,19.488090298239953
39.19204769429011,40593982224.73714,40505748098.82663,19.512057832325674,19.469646881904026,19.550919681296353,19.48766825669808
39.66472834295417,40623454419.51129,40503075581.50047,19.526224049517552,19.468362299565264,19.550167791947597,19.48722598983267
40.143109816371364,40690784950.764656,40500365485.47717,19.55858739865693,19.467059654507064,19.549986192667586,19.48676355175442
40.62726087005974,40638168472.91594,40497617212.06845,19.533296562369085,19.465738658961637,19.549888582235194,19.486280988988025
41.11725108877194,40641897706.73207,40494830170.19104,19.535089070073496,19.464399028816654,19.54951684872439,19.485778340181735
41.61315089649633,40636115556.78924,40492003769.883064,19.532309799898545,19.463040480498798,19.549141908536377,19.485255636343453
42.11503156657874,40641971436.20366,40489137356.90509,19.535124509161626,19.461662699538852,19.548776668367825,19.484712900659915
42.62296523196612,40639081211.98452,40486230315.41007,19.533735282999974,19.46026538992144,19.548436669009867,19.48415014853808
43.13702489557402,40667484379.211945,40483282027.26438,19.547387657346857,19.458848254532093,19.54825106085807,19.483567387993673
43.65728444077888,40658707418.26869,40480291825.75075,19.543168889930328,19.45741097290396,19.548180330649046,19.48296461953503
44.18381864203688,40631653975.58636,40477259052.323044,19.530165279314872,19.45595322849776,19.54790663790574,19.48234183611284
44.71670317563108,40639017087.25801,40474183040.72603,19.533704460565133,19.4544747010687,19.547528489439458,19.48169902330125
45.25601463054789,40576155020.349625,40471063097.41817,19.50348894048668,19.452975057256484,19.54684089808497,19.481036159272705
45.80183051948482,40657315434.15431,40467898531.59881,19.54249981355366,19.45145396501824,19.54627870133549,19.480353214834594
46.35422928999115,40640212877.72437,40464688666.05472,19.534279233757026,19.449911098842076,19.546091208883034,19.47965015369706
46.91329033574276,40616133572.74302,40461432761.003525,19.52270518347644,19.44834610314139,19.545673435236885,19.478926932359677
47.479094007952895,40591704391.611374,40458130017.427795,19.51096296039524,19.446758593857425,19.544989345330443,19.478183499588816
48.05172162692088,40651602196.47124,40454779736.968,19.539753667007485,19.44514823531403,19.544526295374965,19.477419796842213
48.631255493719785,40664349873.679474,40451381206.65591,19.545881014000393,19.443514684813184,19.544486242255317,19.476635758928126
49.21777890202509,40656614514.47838,40447933611.039375,19.542162906837365,19.441857550396566,19.5444749785787,19.475831313493163
49.811376150086275,40613955745.457016,40444436161.59903,19.521658380733165,19.44017645305145,19.544175851049197,19.475006380766175
50.41213255284251,40617288679.84957,40440888066.84913,19.52326040164993,19.438471012339292,19.54366146299928,19.474160873869465
51.02013445418457,40629956260.147,40437288502.95638,19.529349248957168,19.43674083227325,19.543250685532634,19.47329469878507
51.6354692393646,40662382325.20983,40433636629.11185,19.54493528467246,19.434985508706905,19.543107072866214,19.472407754243605
52.2582253475557,40674298861.721825,40429931617.14589,19.550663132418357,19.433204643569088,19.5432186446718,19.471499931872387
52.8884922845628,40736682116.44505,40426172608.99501,19.580648504811474,19.431397824419737,19.543752350631262,19.470571116264008
53.526360635686835,40592669130.18051,40422358696.59175,19.511426675303767,19.429564614783693,19.543801576859813,19.46962118468741
54.171922078744295,40610261747.28927,40418488984.17784,19.519882809529467,19.42770458410238,19.543135328411502,19.468650007048907
54.825269397243595,40687157910.1445,40414562551.313545,19.556844011522628,19.425817289953734,19.543024897612717,19.467657445994845
55.48649649372027,40680977403.35058,40410578476.66939,19.5538732656291,19.423902289488034,19.543316895070223,19.466643356938878
56.15569840323338,40640634766.015495,40406535859.70694,19.534482020187035,19.421959149849044,19.543335910827164,19.465607588347375
56.83297130702432,40638245891.83553,40402433733.08292,19.53333377484132,19.419987406069872,19.543112462784343,19.464549981638967
57.51841254634043,40673199097.1118,40398271103.148224,19.550134515379657,19.417986580539363,19.543081000929526,19.463470370822822
58.21212063642555,40639747452.87413,40394046964.277306,19.534055520878987,19.415956189889716,19.543056499522837,19.462368582456644
58.91419528067912,40611871707.02317,40389760281.96143,19.520656658896147,19.41389573687003,19.542683577313877,19.461244435590007
59.6247373849859,40630158534.98962,40385410034.84231,19.529446475152056,19.411804730550337,19.542266467563326,19.4600977418541
60.34384907221895,40588406678.80827,40380995180.18412,19.509377869221574,19.40968266972529,19.541723583403087,19.458928305589417
61.07163369691718,40595879279.229095,40376514636.633,19.512969677750277,19.407529034627217,19.541000058767196,19.457735923676346
61.808195860139854,40672177225.4597,40371967301.40777,19.549643338666257,19.405343295189127,19.54077300526412,19.456520385370553
62.553641424500675,40803454994.205666,40367352061.47311,19.61274381010286,19.403124916415234,19.541735121422658,19.45528147230368
63.308077529382736,40617215367.21243,40362667788.646286,19.523225162919033,19.400873356028935,19.542350659479307,19.454018958519104
64.07161260633724,40594151328.48095,40357913318.4449,19.512139114374097,19.39858805430569,19.541765430888667,19.452732610358105
64.84435639466776,40622600748.51761,40353087459.67821,19.525813720772113,19.396268438683233,19.54122648935684,19.451422186283885
65.62641995720267,40582366036.62026,40348189001.59673,19.50647435118128,19.39391392719811,19.540630867925753,19.45008743680502
66.41791569625771,40614394728.57491,40343216748.848236,19.521869384027603,19.391523945287773,19.540005099994055,19.448728104641447
67.21895736979077,40620883840.38394,40338169457.079765,19.524988465180993,19.389097894836805,19.539612602204357,19.447343924715423
68.02966010775216,40554123452.762726,40333045826.64437,19.4928991634475,19.386635151151953,19.538883725184885,19.445934623742218
68.85014042863149,40614609661.84986,40327844562.31884,19.521972694672705,19.384135091666312,19.53814073501047,19.444499920136945
69.68051625620426,40628008360.78818,40322564333.11275,19.528412964245543,19.381597076620956,19.537834433252527,19.443039524031377
70.52090693648064,40609094156.47978,40317203782.14538,19.51932159089186,19.379020453812448,19.537502880790644,19.441553137119435
71.37143325485853,40611468797.32418,40311761568.46676,19.52046299478839,19.376404578694675,19.53708573548845,19.440040452801846
72.23221745348323,40598350899.4395,40306236310.63173,19.514157696117582,19.37374878725695,19.536616773387617,19.438501156240804
73.10338324881701,40673577654.62064,40300626558.07423,19.550316474271114,19.371052382264676,19.536515578235147,19.436934923930046
73.98505584942022,40725330529.79114,40294930853.80289,19.57519220801227,19.368314663394845,19.53713898782509,19.435341423472217
74.87736197394675,40698849228.57514,40289147726.03877,19.562463605089278,19.3655349232166,19.537888851217847,19.43372031366843
75.78042986935695,40598851378.01682,40283275652.91277,19.51439825805335,19.362712430222544,19.5378982811308,19.432071244356212
76.69438932934987,40490702306.27415,40277313078.22026,19.462414914052438,19.359846436401444,19.536722043148018,19.430393856141652
77.61937171301778,40572132741.83014,40271258449.97902,19.50155557680101,19.35693619577163,19.53542800967117,19.42868778044798
78.55550996372601,40568046608.68029,40265110172.60184,19.49959152050594,19.353980941392088,19.53460210564476,19.426952639507284
79.50293862822011,40669114606.42023,40258866592.17417,19.548171248554826,19.350979878285962,19.534351562038115,19.425188045997317
80.4617938759637,40576906889.891426,40252526057.43875,19.503850336959207,19.34793221275366,19.534150807222556,19.423393602953006
81.43221351870939,40630491420.36467,40246086875.16806,19.529606481102043,19.344837130921995,19.53373986827339,19.4215689037695
82.41433703030589,40564375883.28991,40239547295.1837,19.497827135683895,19.341693791543573,19.533263229613667,19.41971353186684
83.40830556674398,40522023186.03012,40232905560.55907,19.47746972719628,19.33850135012737,19.532181087897264,19.417827060565262
84.41426198644395,40573291169.004105,40226159884.00946,19.50211239081073,19.33525894759033,19.531178542024126,19.415909053112433
85.4323508707883,40591581599.62681,40219308425.65438,19.51090393873309,19.331965699568492,19.530594680885514,19.413959062448953
86.46271854490156,40565842336.24559,40212349307.97925,19.49853200653695,19.328620703608564,19.52998073686666,19.41197663093935
87.50551309868081,40538431425.83934,40205280624.29448,19.485356574126243,19.32522304323388,19.52907864983007,19.409961290242485
88.56088440808018,40540390771.41612,40198100425.25485,19.48629836062051,19.321771781464754,19.52805401877687,19.40791256115578
89.62898415665175,40516291819.937485,40190806689.62762,19.47471486697984,19.31826594676777,19.526926713149145,19.405829953219296
90.70996585734608,40536310637.56249,40183397375.09482,19.48433718796997,19.31470455747461,19.525804389310046,19.403712964454854
91.80398487457624,40425716261.363205,40175870470.709785,19.431178474632024,19.311086646996007,19.524188469955227,19.401561081699228
92.91119844654749,40522539976.2744,40168223904.59396,19.477718129559904,19.307411219454934,19.522539505160694,19.399373780697704
94.03176570785615,40588607913.45643,40160455498.35278,19.50947459543264,19.303677227775978,19.521856045214914,19.397150525411885
95.16584771236167,40484177740.92321,40152563033.196495,19.459278791664804,19.29988360546722,19.520964528074515,19.39489076746458
96.31360745633391,40482625109.156235,40144544270.29569,19.458532497776666,19.296029276404404,19.51949418905963,19.392593946088752
97.47520990187972,40567735535.83605,40136396933.49168,19.499441999049946,19.29211314652044,19.518537411964957,19.39025948809383
98.65082200065248,40554871555.17741,40128118696.965164,19.493258749198386,19.288134097878185,19.51801132227733,19.387886807664252
99.84061271784705,40584908675.28014,40119707173.36626,19.507696505546516,19.284090982964965,19.517596942833364,19.385475306025114
101.04475305648423,40588517917.94721,40111159935.08325,19.50943133784902,19.279982634915708,19.51738305757879,19.383024371170333
102.26341608198875,40438737116.19236,40102474514.979385,19.43743712821881,19.275807867867073,19.516336719223016,19.38053337772178
103.49677694706244,40588288159.831856,40093648386.49597,19.509320901439764,19.27156546739376,19.515324078516063,19.37800168668208
104.74501291685849,40524723551.00045,40084678973.41802,19.478767694889566,19.267254195202476,19.51481775296258,19.375428645136513
106.00830339445916,40592074765.542816,40075563645.37736,19.51114098573727,19.26287278697045,19.514349451870736,19.37281358599149
107.28682994666,40495936872.034424,40066299709.286865,19.464930980332316,19.258419948228198,19.513722757496613,19.370155827644748
108.58077633006585,40439412806.881355,40056884417.3263,19.43776190827432,19.25389435819799,19.51224302181783,19.367454673660582
109.89032851750162,40486309489.43758,40047314986.54506,19.460303446010514,19.249294679216206,19.510747056205275,19.364709412610285
111.21567472474072,40532427045.50906,40037588566.49962,19.482470485848356,19.244619541177826,19.509816119216357,19.361919317841924
112.5570054375567,40566925125.43248,40027702234.323395,19.499052464104228,19.23986753916669,19.50936585801355,19.359083647044162
113.91451343910114,40482332641.65052,40017653019.42888,19.45839191923342,19.235037245328904,19.508636967556466,19.35620164193403
115.28839383761098,40466631886.57382,40007437889.04865,19.450845134604812,19.230127201922958,19.507356638143346,19.353272528009057
116.67884409445062,40425307300.65576,39997053733.236755,19.430981902023536,19.225135914110396,19.50578107129673,19.350295514137517
118.08606405249265,40483599611.14744,39986497384.249054,19.45900090560876,19.220061859271286,19.504342844794003,19.34726979218458
119.51025596483952,40630940680.730446,39975765635.625084,19.52982242429752,19.214903496176145,19.504112586139822,19.344194536866173
120.95162452389278,40538676204.50151,39964855181.31391,19.485474230368638,19.20965923572596,19.50419320517747,19.34106890536578
122.410376890773,40678713012.01778,39953762629.598404,19.552784854681978,19.20432744764509,19.50455185321935,19.337892036695386
123.88672272509324,40427035633.71187,39942484575.89442,19.431812649161316,19.198906495473164,19.504252965533542,19.334663051567496
125.38087421509283,40513079404.27141,39931017519.3488,19.47317077505235,19.193394696476805,19.50302958548062,19.331381052204385
126.89304610813464,40512509694.64671,39919357853.38635,19.472896936258138,19.187790317105858,19.50231891350864,19.328045121625756
128.42345574156886,40401567748.11487,39907501928.88463,19.4195711584427,19.182091603359257,19.500986376180894,19.324654323261605
129.97232307397022,40445640639.19835,39895446008.12916,19.440755401833698,19.176296758652956,19.499309954486286,19.321207700668044
131.53987071675215,40458734938.34864,39883186263.08589,19.447049357447113,19.170403942989555,19.4979976967767,19.31770427697943
133.12632396616075,40438209800.308846,39870718795.677444,19.437183666561413,19.164411282704357,19.496673070964086,19.314143054479764
134.731910835656,40298164581.03735,39858039635.45217,19.369868999021826,19.158316869344976,19.49446147825393,19.310523014285693
136.3568620886835,40385929827.446945,39845144724.02812,19.412054576039907,19.15211875219412,19.492012380771133,19.306843115934726
138.00141127184006,40468470919.457375,39832029903.05629,19.451729091142525,19.14581493248394,19.490590834540317,19.303102296826168
139.66579474844085,40390093271.37422,39818690928.3504,19.414055792827185,19.13940337018773,19.489221181308373,19.299299471688197
141.35025173249107,40360703926.41402,39805123464.60664,19.39992939854187,19.13288198148187,19.48727203587479,19.2954335321072
143.05502432306622,40417204572.3057,39791323087.05961,19.42708721380865,19.126248639541803,19.48552636946657,19.29150334604792
144.78035753910876,40342091997.31595,39777285285.34264,19.39098331794002,19.11950117639754,19.483711594711263,19.287507757416453
146.5264993546428,40433050807.888794,39763005437.20752,19.434703925650574,19.112637370301684,19.482035710026302,19.283445585504836
148.2937007344144,40266130483.88632,39748478818.37992,19.35447136809326,19.10565495046657,19.47995821187601,19.279315624356652
150.0822156699622,40353737382.77031,39733700616.17177,19.396580833187656,19.098551603607252,19.477487018277948,19.27511664228128
151.8923012161215,40390674797.144135,39718665905.44747,19.414335311214682,19.091324962389333,19.47578178430289,19.270847381319083
153.72421752796987,40354592886.584045,39703369650.22405,19.396992042903346,19.08397260619809,19.47411932935997,19.266506556592407
155.57822789821867,40218932670.33865,39687806713.92148,19.331785087589836,19.076492066065427,19.471514981052977,19.26209285573976
157.45459879505376,40244485814.74138,39671971846.62245,19.34406755913016,19.068880818546145,19.468350898779743,19.257604938348344
159.35359990043426,40272151629.076065,39655859675.99752,19.35736551463224,19.061136281355942,19.46556487443555,19.25304143527604
161.2755041488532,40371495388.51158,39639464709.44434,19.405116463742257,19.05325581439969,19.46357048128275,19.248400947950284
163.22058776656405,40340995109.51869,39622781341.15167,19.39045608368108,19.04523672316685,19.46201089468203,19.243682047736165
165.189130311282,40177354338.07161,39605803843.36257,19.311799888323726,19.037076254531986,19.459378295027758,19.2388832753094
167.1814147123639,40324426496.223885,39588526352.638405,19.382492151021804,19.0287715901524,19.45672433113827,19.234003139916062
169.1977273114714,40281554036.818726,39570942884.328255,19.361884911685284,19.020319853423022,19.454720063491013,19.229040118654947
171.23835790372596,40099797837.79325,39553047333.96268,19.2745212860342,19.01171811014636,19.45147952888776,19.223992655866873
173.30359977936027,40193055874.00218,39534833448.0832,19.319347048280527,19.002963354511294,19.447821255563913,19.21885916237921
175.3937497658705,40290389399.24786,39516294817.80899,19.366131750582056,18.9940525060008,19.445335000317428,19.213638014566353
177.5091082706783,40145273006.13223,39497424910.19185,19.29637955334221,18.984982424463148,19.442627303525715,19.208327553575664
179.64997932430765,40154181420.17198,39478217057.113144,19.30066150550388,18.975749904775093,19.43921346016177,19.202926084685643
181.81667062408056,40211665123.57535,39458664423.630325,19.328291840931755,18.966351661627158,19.436260184344704,19.19743187643507
184.00949357834142,40208207538.85161,39438760018.71698,19.326629905112885,18.95678433468601,19.433682415916124,19.191843159655246
186.22876335121506,40187167602.22248,39418496701.798546,19.316516769179998,18.94704449173593,19.431025633084523,19.186158126623315
188.4747989079024,40115062568.32172,39397867177.26442,19.281858489445714,18.93712862604099,19.42789969384859,19.180374930241225
190.74792306052458,40162390118.75069,39376863982.55359,19.304607129771757,18.927033150618243,19.424710809622155,19.17449168313483
193.04846251451977,40133119833.12478,39355479472.927536,19.290537962998723,18.9167543909186,19.421697677607423,19.16850645661971
195.37674791559772,40096939609.15997,39333705832.49904,19.273147438992492,18.906288590128007,19.418383028054514,19.16241727966843
197.73311389726268,40183277524.39418,39311535089.7619,19.314646949581174,18.895631916631977,19.415436682565723,19.15622213805368
200.11789912890913,40128052583.75737,39288959080.941444,19.28810231965237,18.88478044639954,19.412732463659676,19.14991897338968
202.53144636449608,39990801546.20977,39265969446.49307,19.22213071412352,18.873730161300205,19.40899357537279,19.143505681968815
204.97410249181,39990912396.23291,39242557652.854225,19.22218399571709,18.86247695955935,19.40456709468299,19.136980113730573
207.44621858232193,40115452621.144135,39218714956.068596,19.282045973718297,18.85101663827369,19.400959481905634,19.130340071169694
209.94814994164432,40106829135.82081,39194432403.22792,19.27790097647675,18.839344894104304,19.398092812535598,19.123583308072593
212.48025616059775,40061317078.98484,39169700852.32555,19.25602497820353,18.827457332819513,19.39498455870285,19.11670752840552
215.04290116689413,40044880081.81009,39144510948.654755,19.248124308648915,18.815349457950425,19.391598206024206,19.109710385206323
217.63645327744084,40034315474.29127,39118853129.5515,19.243046284232836,18.803016673070577,19.388138538282007,19.102589479396
220.26128525127794,39970706738.222305,39092717605.770325,19.212471867316864,18.79045427284403,19.38433669078328,19.095342358538584
222.91777434315375,39962053458.8758,39066094344.03264,19.20831254916686,18.777657434636954,19.380215339318006,19.08796651542506
225.60630235774448,39916342300.59652,39038973087.85267,19.186340850036924,18.7646212285279,19.3758808199698,19.080459386711308
228.32725570452996,40031976300.51027,39011343341.467995,19.241921928069846,18.751340609583803,19.372052633047495,19.07281835161419
231.08102545333108,39829962053.89079,38983194363.36162,19.1448209922422,18.73781041474626,19.367812461472493,19.065040730510404
233.86800739051486,40032700539.21272,38954515172.70114,19.242270043398086,18.72402536592662,19.363690685157355,19.05712378356884
236.68860207588085,39947012571.9972,38925294521.1814,19.20108293929513,18.709980056471764,19.360323190177994,19.04906470929044
239.54321490022994,39853060944.9956,38895520887.82196,19.1559237930614,18.695668948663428,19.356012346533078,19.040860642893467
242.4322561436301,39973038717.108475,38865182478.839905,19.21359276515435,18.68108637365708,19.351959126013472,19.032508654706934
245.35614103438468,39962527650.42061,38834267210.37197,19.208540475877637,18.66622652317706,19.348620771636227,19.02400574850234
248.31528980870976,39910272502.15361,38802762730.983665,19.1834233176403,18.651083460335904,19.345002700012582,19.0153488598961
251.31012777113347,39909502147.947174,38770656421.41193,19.18305303625859,18.635651119510655,19.341170182633125,19.006534854915735
254.3410853556237,39850107106.4893,38737935339.1409,19.15450398981463,18.61992327970243,19.337083888262278,18.99756052828113
257.408598187451,39758550234.25781,38704586214.95682,19.11049591551343,18.603893562880494,19.332233803802353,18.988422601393058
260.5131071457995,39719214757.14935,38670595468.231766,19.091588775535065,18.5875554413286,19.326755121830058,18.97911772043742
263.6550584271334,39769722128.31229,38635949191.38933,19.115865840584608,18.570902230178195,19.321472917557127,18.96964245453193
266.8349036093247,39750372742.410324,38600633147.56546,19.10656529119162,18.553927086284073,19.316490884167646,18.959993293815362
270.05309971655794,39803592148.74117,38564632747.855194,19.13214593337599,18.53662299728771,19.311822213118166,18.950166647438568
273.31010928501604,39663059536.746124,38527933048.893745,19.064596993796858,18.51898278045458,19.306760386416837,18.940158841460324
276.6064004293574,39650300056.16522,38490518755.25323,19.058463973349966,18.50099908382615,19.300950015608485,18.929966116793192
279.9424469099964,39725897121.0047,38452374190.07276,19.094800745951773,18.48266437210288,19.295638108980317,18.91958462704335
283.3187282011958,39628504139.08349,38413483289.25119,19.047987464978533,18.463970923852827,19.290322043135422,18.90901043620206
286.7357295599775,39734380096.34593,38373829591.874176,19.098878205131115,18.444910826910323,19.285187163156248,18.898239516304198
290.1939420958668,39591191071.84973,38333396230.06207,19.030052424219637,18.4254759734962,19.27995298044283,18.887267745029824
293.69386284147885,39409174864.1205,38292165930.29644,18.942563821796462,18.405658060855426,19.27298979594806,18.87609090331288
297.2359948239523,39487566667.851135,38250120988.99566,18.980243924219142,18.38544857951714,19.265610443261952,18.86470467287396
300.8208471372484,39369782319.809586,38207243250.42228,18.9236292516796,18.364838802675553,19.258174928200873,18.8531046335469
304.44893501532135,39385256659.80037,38163514110.73152,18.931067206772195,18.343819788135907,19.250337579710227,18.841286260566733
308.1207799061689,39257430151.18477,38118914505.43276,18.869625631151365,18.322382372287652,19.242041299940123,18.829244921873116
311.836909546778,39433128666.97197,38073424872.59302,18.95407754774615,18.30051715241771,19.234224511320697,18.816975875195784
315.5978580389755,39385842418.907364,38027025160.046135,18.931348759971588,18.27821449017566,19.227316471611644,18.80447426504219
319.4041659261899,39153876394.05439,37979694831.22682,18.819851088543142,18.25546451437795,19.21897576004814,18.79173511983067
323.2563802711419,39159218981.97466,37931412824.899055,18.82241907716514,18.232257101650802,19.209550384669733,18.778753348893886
327.15505473447257,39292426823.33694,37882157515.5545,18.886447264643532,18.208581857395153,19.20114156866825,18.765523739098523
331.100749654316,39105549938.33458,37831906734.44062,18.796622310602217,18.184428125894133,19.192615462244948,18.75204095144135
335.0940321268354,39383189765.83689,37780637747.78248,18.93007372566149,18.159784979845043,19.18482400303823,18.738299517720215
339.13547608772984,39324980364.38797,37728327212.18699,18.90209457345197,18.13464119892381,19.178455088207482,18.724293836905183
343.2256623947215,38940361187.851105,37674951191.84488,18.717222057755897,18.108985278053353,19.16970450546283,18.710018171441824
347.36517891104063,38685251507.80971,37620485154.982574,18.594600069033625,18.082805425698112,19.157523112272415,18.695466643719076
351.5546205899174,39187161350.16121,37564903905.49103,18.835849962093096,18.05608953100052,19.147061408964216,18.680633232209082
355.79458956008955,38725374564.660126,37508181578.659706,18.613885770085098,18.028825161730477,19.137043127417634,18.66551176728711
360.08569521234466,38978993284.77328,37450291644.45995,18.735791108339708,18.00099956586354,19.126101327115542,18.650095927145134
364.428554287106,38988857032.957504,37391206848.29126,18.74053225504339,17.972599643099812,19.116910679209074,18.634379233481436
368.82379096307136,38774033626.374344,37330899215.07879,18.637274419687845,17.94361194683346,19.10676308725431,18.61835504698039
373.2720369469261,39009842462.35958,37269340038.651794,18.75061919132529,17.914022679047314,19.096990778845633,18.60201656286178
377.7739315641329,38852055093.87868,37206499829.817604,18.67477651489199,17.883817665353902,19.087880806299196,18.585356806177906
382.3301218508199,38996425955.07105,37142348289.440216,18.744170361923132,17.85298234205533,19.078920585855812,18.568368626774088
386.94126264677766,38884009665.2882,37076854306.120605,18.69013592067529,17.821501755028248,19.070345830797358,18.55104469420285
391.60801668957356,38890196408.918884,37009985919.37675,18.693109664390487,17.789360542025857,19.061373415314232,18.533377492534655
396.33105470980524,38568112713.73577,36941710296.87277,18.538295690918517,17.756542921732777,19.050803685088674,18.515359314952654
401.11105552750286,38570650804.38852,36871993710.84776,18.539515659221355,17.723032682435203,19.038675991631145,18.49698225821166
405.94870614969005,38497624476.5032,36800801484.167465,18.504414546817742,17.688813156089953,19.02643169344102,18.478238216785954
410.84470186912574,38533022047.93617,36728097968.42368,18.521428878082418,17.653867207797607,19.014266931004713,18.459118876725
415.7997463642362,38317856303.64428,36653846538.62186,18.418006493382244,17.618177233249035,19.001358241080034,18.43961570950024
420.81455180024926,38484939144.02995,36578009512.77194,18.498317166682185,17.581725120075635,18.9884946484181,18.419719965507184
425.88983893155137,38493255592.3327,36500548122.73475,18.502314582342084,17.54449223383623,18.976929103334356,18.399422667099184
431.02633720527984,38262910784.737236,36421422548.96426,18.391596171364416,17.50645943471644,18.964365215474388,18.378714601820366
436.22478486616023,38242409687.8074,36340591816.28043,18.38174203617003,17.467607027430443,18.95067786088774,18.35758631539848
441.48592906261183,38177579584.4747,36258013741.63713,18.350580552221494,17.4279147361149,18.936827404559555,18.33602810401464
446.81052595413337,38162892218.30165,36173644912.51427,18.343520866956162,17.387361693942857,18.922854037756306,18.314030006336846
452.1993408199794,37921473333.14625,36087440645.39584,18.227479547755472,17.34592642316563,18.907745745079332,18.29158179538212
457.65314816915196,37868608894.634964,35999354981.093735,18.202069525752826,17.30358683286512,18.891326212562113,18.268672970309613
463.17273185171797,37969837742.81861,35909340566.860634,18.25072656878753,17.260320162289773,18.875576329153265,18.245292747706486
468.7588851714661,37666556276.31369,35817348641.23075,18.104950146037105,17.216102973568056,18.859035316710088,18.22143005232609
474.41241099992544,37886563569.128876,35723329005.79904,18.210699687857797,17.170911138143744,18.84242989615174,18.19707350779832
480.1341218917604,37573515601.1008,35627229895.269424,18.060228861353526,17.12471977431282,18.8256699308364,18.172211426655682
485.9248402015522,41505376191.06192,35528997912.153656,19.950131921251227,17.077503215835566,18.830057049904767,18.146831799486435
491.7853982019932,37655718667.471855,35428578093.41773,18.09974089976717,17.02923504397109,18.834542701405137,18.120922284356627
497.7166382035078,37079820745.63387,35325913823.14548,17.822927615122943,16.979888045497876,18.813835174969167,18.09447019635981
503.71941267531,37578388763.93601,35220946619.92542,18.06257121432941,16.929434110518343,18.793214610385185,18.06746249570216
509.79458436792675,37106468868.21541,35113616151.240524,17.835736403037743,16.87784423937547,18.773201192549333,18.03988577494893
515.9430264371982,36817060771.34534,35003860236.77794,17.696628406881825,16.825088544243673,18.74933323750954,18.01172624667351
522.1656225697697,36882098275.425415,34891614709.08278,17.727889580862122,16.77113618215013,18.724765312199718,17.98296973061963
528.4632671101007,37202476656.80931,34776813273.59624,17.881883871719847,16.715955287700154,18.702982676605746,17.953601639577332
534.8368651890073,36961962427.82384,34659387446.67578,17.76627738799325,16.65951294328576,18.682151705222115,17.923606964446428
541.2873328537482,36554373818.23955,34539266518.381165,17.570364297280026,16.60177516119822,18.6581183264153,17.89297025908981
547.8155971996863,36802663605.78173,34416377453.235344,17.689708210544755,16.542706835927472,18.633769696160886,17.861675624766672
554.4225965035367,36918069274.80711,34290644717.08417,17.745179538184775,16.482271660939805,18.61206423615985,17.829706693380945
561.1092803582181,36523571662.550156,34161990248.320396,17.55555881601819,16.420432114846292,18.589266494651966,17.797046609981994
567.8766098093348,36433960908.66551,34030333297.301773,17.512486170360628,16.357149384216882,18.564262817090906,17.763678014597154
574.7255574933044,36162400823.5178,33895590168.43832,17.38195706737638,16.292383239611095,18.537788843373733,17.72958302210847
581.6571077771479,36184788511.185684,33757674322.165867,17.392718018447635,16.226092084592988,18.510533357014427,17.694743201730663
588.6722568999686,35561332281.65349,33616496433.838127,17.093045176812925,16.158232984038477,18.48047913926609,17.65913955788972
595.7720131161401,36047811683.040565,33471963752.821884,17.326878215452712,16.088761356075565,18.45039491060158,17.622752508216692
602.9573968402125,36406004331.00119,33323980018.18212,17.49904845545106,16.017630931557246,18.425828524895447,17.585561857952566
610.229440793577,35179201937.58831,33172445618.50193,16.909368952795102,15.944793830881157,18.3968442938731,17.547546775397773
617.5891901528903,35842420030.2218,33017257130.76042,17.228153882720594,15.870200342344862,18.365402269183885,17.50868576620658
625.0377027002941,35379332177.575615,32858307266.09578,17.00556431483204,15.793798896076137,18.335806241505615,17.46895664536991
632.5760489754474,35399581822.988205,32695484707.207947,17.01529758638414,15.715535985878313,18.304406419751814,17.428336508623712
640.2053124293863,35221843489.523575,32528673779.494984,16.929865203269244,15.635356011157434,18.272847034896888,17.386801701730658
647.9265895802449,34624809783.45018,32357754297.594116,16.642892712217282,15.553201203160091,18.237609568734584,17.3443277877493
655.7409901708554,34895654237.15952,32182601188.495785,16.773077837073572,15.469011443817985,18.201379275354597,17.30088951205136
663.6496373282415,34000016828.577293,32003084359.012978,16.342577355098157,15.382724202045244,18.162410026113733,17.256460765275563
671.6536677250424,34063346567.507122,31819068609.409508,16.373017668188503,15.294274492222646,18.119657687095852,17.21101454591437
679.7542317428836,34449807946.031815,31630412900.655354,16.558775663696,15.203594521993802,18.080490318486483,17.164522919101028
687.9524936377117,34351928196.29705,31436970086.4159,16.51172841105483,15.110613563442069,18.043877517197565,17.116956970690737
696.249631707129,33990594294.65342,31238586939.367844,16.33804828411833,15.015257965739668,18.005508433628663,17.068286761063575
704.6468384597479,32957700993.913166,31035103568.708595,15.841573863178562,14.91745087516553,17.960086881546044,17.018481276834276
713.145320786579,34850828430.843765,30826352956.884357,16.751531694584482,14.817112012427254,17.920739393870196,16.967508377755802
721.746300134495,33240910388.46903,30612160489.481018,15.977702367512993,14.71415744669668,17.883817123122512,16.915334739565964
730.451012681785,34225619859.75156,30392343401.38441,16.45101656579323,14.608499329399168,17.84429829142027,16.86192579235505
739.2607095158205,32957601308.151344,30166710362.360073,15.841525947841285,14.50004569501679,17.804025714086897,16.807245654885197
748.176656812871,33354730897.4995,29935060953.06265,16.032411766123165,14.388700209225032,17.7598053494618,16.751257065118967
757.2001360200866,32746973442.94665,29697184980.554913,15.740284757355942,14.274361839887538,17.715399054980054,16.69392130550731
766.3324440396711,36301144987.935455,29452861567.49175,17.44864636494338,14.156924419259843,17.68896343857817,16.635198120956545
775.5748934152812,48881849771.68857,29201858899.650047,23.49573575747948,14.03627652263612,17.755332463789486,16.57504563213764
784.9288125206746,32700976401.120678,28943933134.929337,15.718175644353538,13.912300943945283,17.798648476912163,16.51342024317114
794.3955457506266,31707268612.341736,28678827343.313267,15.240536280574348,13.784874186228839,17.743666370648633,16.450276539252528
803.9764537141556,31754076124.673653,28406270453.66454,15.263034957411506,13.653865955403335,17.684630853072225,16.38556717467062
813.6729134300795,30350887993.576637,28125976218.989243,14.588573215471005,13.519138662900382,17.61922141804752,16.31924275159118
823.4863185249237,31487379220.119427,27837642482.257122,15.13484340930088,13.38054707277303,17.553929785620298,16.25125169165057
833.4180794332223,29696342193.439026,27540949149.789547,14.273956742628183,13.237937327576734,17.486358198191816,16.181540094827863
843.4696236002361,31045480291.35089,27235556547.161243,14.92243859012253,13.091146158110815,17.417978552066405,16.110051580772836
853.6423956871075,29384672739.350113,26921104004.772053,14.124148517874948,12.940000203554014,17.349341599784314,16.03672711648629
863.9378577784973,29390926412.479225,26597209069.69593,14.127154432177324,12.784315632628832,17.272966824214755,15.961504835562867
874.3574895927261,29588401114.460484,26263463665.07596,14.222073373220057,12.623896297561735,17.19956803772692,15.884319835256623
884.9027886944416,29498619116.065292,25919431320.10216,14.178918416524994,12.458532402633764,17.12851158647218,15.805103940750795
895.5752707098593,29478944444.78486,25564646086.772175,14.169461514225276,12.287999983506593,17.058517747948084,15.723785453129928
906.3764695445994,28420985515.56261,25198608449.358498,13.660938953001152,12.112058941051506,16.984010821647594,15.640288873761452
917.307937604142,28569719846.028206,24820781793.392212,13.73243016176284,11.930451344117694,16.90613325491845,15.554534591829983
928.3712460169497,27277416778.90686,24430588642.18251,13.11126685625206,11.742899620563419,16.82354020641968,15.46643853773251
939.5679848602816,30011937419.648796,24027404966.93285,14.425651943934609,11.549103822334807,16.75125320353059,15.375911790792944
950.8997633887208,26498074588.110687,23610555436.44139,12.736665275805988,11.34873934216881,16.67602805994403,15.282860136857604
962.368210265473,26389190134.820652,23179307312.62561,12.68432846051464,11.141453979392852,16.582073812024625,15.1871835745197
973.9749737964391,26838348299.33143,22732862267.044373,12.900222531544088,10.926864006423212,16.492302036543773,15.088775751617371
985.7217221671224,26245067771.578194,22270345286.357048,12.615054057452882,10.704548836020829,16.403800919222054,14.987523305215687
997.6101436823909,25021709928.048523,21790794515.299026,12.027030225239788,10.474046139177293,16.307031302831817,14.883305096253485
1009.6419470091245,23375017775.466976,21293158990.16118,11.23552491454306,10.234850755680464,16.196198126118162,14.775991391853887
1021.8188614217956,24967643132.53078,20776274554.557156,12.00104227374712,9.98640311769562,16.087793493561392,14.66544291622421
1034.1426370510137,22722843095.118534,20238837783.783943,10.922048153152975,9.728076716149456,15.978112776125856,14.551509638368879
1046.6150451350566,20916032504.774624,19679393059.477882,10.053579705399518,9.459171887985113,15.847976102877219,14.434029366905065
1059.2378782744452,21537672449.715717,19096305500.85988,10.35237952477725,9.17890280519158,15.714257248989993,14.31282614996473
1072.0129506895892,19741585605.88216,18487729262.685356,9.48906559379258,8.886382236775791,15.576936741877507,14.187708378213081
1084.9420984815295,19958648948.736023,17851556716.70113,9.59340008543212,8.580597122128482,15.43394752177291,14.058466462294087
1098.027179895836,21041049234.617775,17185354097.263752,10.113670722072953,8.260377638202423,15.30177451301845,13.924869909057154
1111.270075589688,20718001021.21322,16486311103.414495,9.958393139605617,7.924372975054174,15.177008620625095,13.786663814142168
1124.6726889021647,19704667688.273117,15751123619.76048,9.471320487154639,7.570994964016924,15.047565882615642,13.643564480643816
1138.2369461278074,17663889948.49553,14975854946.4781,8.490392499823605,7.19835137598633,14.903765026594414,13.495253682927732
1151.9647967934795,16391101023.9225,14155775976.543283,7.878608936261842,6.804169100400387,14.74453018811783,13.341371365473373
1165.8582139385567,14133394054.315672,13285098856.484333,6.793410920567573,6.385666125604274,14.56893202709405,13.181506084538157
1179.919194398505,15170504992.074253,12356588410.133171,7.291912606951803,5.939364764313285,14.390656610332286,13.015181943084936
1194.1497590918812,13197162984.255934,11360967719.297052,6.343398534931414,5.46080593775854,14.211171310656814,12.841840231147414
1208.5519533107824,10663731509.997562,10286036280.964003,5.125669730541282,4.944125305776633,14.010258137544538,12.660813085680092
1223.1278470148095,16722798859.22168,9115155503.947865,8.038044078874455,4.381325299868978,13.834472813373996,12.471284108322303
1237.879535128577,9177157450.807037,7824469037.075281,4.411127391374446,3.7609390355799976,13.65392343404569,12.272225422443976
1252.8091378427982,16081013508.975166,6377387427.796913,7.729561092390847,3.065379287536154,13.474490499030765,12.062288897137348
1267.918800919016,10853873563.900797,4710152481.430853,5.21706413308049,2.263999799476342,13.308441660748725,11.83958604510024
1283.210695998004,7461541240.034578,2697359151.2950706,3.586492780822034,1.2965229048789908,13.097311086988997,11.601193941423034
1298.6870209118815,0.0,0.0,0.0,0.0,12.829242898173842,11.341607305295742
1314.35,0.0,0.0,0.0,0.0,12.525295171372253,11.072904328348315
