R_kpc,Sigma_bar,Sigma_eff,kappa_bar,kappa_eff,kappa_bar_mean,kappa_eff_mean
7.999999999999999,18786262345.310417,19375667985.204666,6.592428264920521,6.799261020075374,0.0,0.0
8.057510445906795,18786979662.063023,19378292904.387333,6.5926799839239,6.800182150159414,0.09377280937536052,0.0967195862264058
8.115434323237139,18787708256.029133,19380920999.69186,6.5929356602988785,6.8011043948002055,0.18621539856542682,0.1920765386180626
8.173774604069223,18788448320.50761,19383552012.815273,6.5931953618774095,6.802027663354714,0.2773467454592845,0.28609025454989734
8.232534281846931,18789200052.658295,19386185683.877003,6.593459157846332,6.802951864626298,0.36718555897813804,0.3787798541943917
8.291716371533429,18789963653.59846,19388821751.369713,6.593727118781219,6.803876906847457,0.4557502829206311,0.4701641844565199
8.351323909765874,18790739328.502445,19391459952.109135,6.593999316681335,6.8048026976622245,0.5430590997539799,0.5602618228524882
8.411359955011212,18791527286.70446,19394100021.182793,6.5942758250057185,6.8057291441081755,0.6291299343516568,0.6490910813330182
8.47182758772312,18792327741.80479,19396741691.89776,6.594556718710449,6.806656152598095,0.7139804576784577,0.7366700100520193
8.53272991050005,18793140911.77953,19399384695.727165,6.594842074287152,6.807583628901205,0.7976280904236716,0.8230164010813685
8.594070048244438,18793967019.093903,19402028762.255653,6.595131969802771,6.8085114781240215,0.8800900065831391,0.9081477920725937
8.655851148323034,18794806290.81948,19404673619.12359,6.595426484940692,6.809439604690784,0.9613831369909365,0.9920814698661977
8.718076380728396,18795658958.755302,19407318991.97006,6.595725701043255,6.810367912323445,1.0415241728014115,1.0748344740493552
8.780748938241544,18796525259.55313,19409964604.37458,6.596029701155707,6.811296304021219,1.1205295689223116,1.1564236004627209
8.84387203659578,18797405434.847095,19412610177.7975,6.596338570071693,6.812224682039667,1.1984155473997156,1.2368654046570655
8.907448914641687,18798299731.387753,19415255431.519035,6.5966523943803015,6.813152947869303,1.2751981007554691,1.3161762053004344
8.971482834513317,18799208401.18089,19417900082.57689,6.596971262514773,6.8140810022137055,1.3508929952778392,1.3943720875365442
9.035977081795568,18800131701.631226,19420543845.702393,6.5972952648029315,6.815008744967105,1.4255157742660605,1.4714689062950888
9.100934965692772,18801069895.69125,19423186433.255157,6.597624493519405,6.815936075191455,1.4990817612294633,1.5474822895546407
9.166359819198489,18802023252.015423,19425827555.1562,6.597959042939747,6.8168628910929625,1.5716060630418567,1.622427641558809
9.232254999266518,18802992045.1199,19428466918.819313,6.598299009396481,6.817789089998008,1.6431035730518178,1.6963201459863075
9.29862388698315,18803976555.54822,19431104229.080902,6.598644491337246,6.8187145683285175,1.7135889741495611,1.7691747690755948
9.365469887740646,18804977070.043045,19433739188.127987,6.5989955893850585,6.819639221576706,1.7830767417910258,1.8410062627047068
9.432796431411974,18805993881.724304,19436371495.42443,6.599352406400834,6.820562944279182,1.8515811469798165,1.9118291674269212
9.50060697252679,18807027290.274086,19439000847.635284,6.599715047548263,6.821485629990403,1.9191162592076383,1.9816578154628683
9.568904990448692,18808077602.128498,19441626938.549202,6.600083620361137,6.822407171255448,1.985695949353852,2.050506333649704
9.63769398955375,18809145130.67696,19444249458.998806,6.60045823481329,6.823327459582073,2.05133389254475,2.1183886463479302
9.706977499410309,18810230196.46913,19446868096.778988,6.600839003391208,6.8242463854120405,2.116043570973186,2.1853184783064776
9.776759074960097,18811333127.429955,19449482536.56305,6.601226041169491,6.825163838091694,2.1798382766791473,2.251309357486614
9.84704229670063,18812454259.08321,19452092459.816536,6.601619465889309,6.826079705841718,2.2427311142918773,2.3163746178452724
9.917830770868921,18813593934.78392,19454697544.70876,6.602019398039947,6.826993875726091,2.304735003734115,2.3805274020783322
9.98912812962652,18814752505.960148,19457297466.021893,6.602425960943663,6.827906233620185,2.3658626828890728,2.4437806643244526
10.060938031245884,18815930332.3646,19459891895.05751,6.6028392808439795,6.82881666417797,2.4261267102307,2.5061471728299805
10.133264160298081,18817127782.3365,19462480499.540478,6.603259486997575,6.829725050798285,2.4855394674178166,2.5676395125754747
10.206110227841842,18818345233.074368,19465062943.52016,6.603686711770016,6.830631275590173,2.544113161852684,2.6282700878643843
10.279479971613977,18819583070.920204,19467638887.26873,6.604121090735468,6.831535219337193,2.6018598292045643,2.688051124874409
10.353377156221164,18820841691.655617,19470207987.17649,6.604562762780628,6.832436761460689,2.6587913358988495,2.746994674172055
10.427805573333101,18822121500.810658,19472769895.644165,6.605011870213086,6.833335779981988,2.7149193815722783,2.805112613190887
10.50276904187707,18823422913.98593,19475324260.971928,6.60546855887437,6.834232151483469,2.7702555014948156,2.8624166486739924
10.578271408233874,18824746357.188736,19477870727.24508,6.605932978257897,6.835125751068433,2.82481106895872,2.9189183190811323
10.654316546435203,18826092267.184017,19480408934.216225,6.6064052816321315,6.836016452319764,2.878597297635347,2.9746289969610795
10.730908358362406,18827461091.860886,19482938517.18383,6.6068856261692,6.83690412725731,2.9316252439002186,3.0295598912896127
10.808050773946702,18828853290.615677,19485459106.866894,6.607374173079318,6.837788646293905,2.9839058091268917,3.0837220497736455
10.885747751370822,18830269334.752296,19487970329.275745,6.607871087751276,6.838669878190028,3.035449741950155,3.1371263611219313
10.9640032772721,18831709707.901043,19490471805.578606,6.6083765398994085,6.8395476900069765,3.0862676404990754,3.1897835572828295
11.042821366947035,18833174906.456802,19492963151.96387,6.608890703717371,6.840421947058541,3.1363699546004247,3.2417042156495564
11.12220606455731,18834665440.037815,19495443979.497803,6.609413758039123,6.841292512861066,3.1857669879530035,3.292898761233374
11.202161443337305,18836181831.96618,19497913893.977547,6.609945886507548,6.8421592490818695,3.2344689002733764,3.3433774688051408
11.282691605803084,18837724619.771397,19500372495.77914,6.610487277751157,6.843022015485909,3.282485709413547,3.3931504650056588
11.363800683962907,18839294355.7183,19502819379.700336,6.611038125569346,6.843880669880624,3.3298272934510824,3.4422277304252256
11.445492839529237,18840891607.360897,19505254134.798023,6.611598629126748,6.844735068058884,3.3765033927522157,3.49061910165282
11.527772264132281,18842516958.123627,19507676344.21993,6.612168993157212,6.845585063739931,3.422523612008423,3.538334273295299
11.61064317953506,18844171007.911777,19510085585.030346,6.612749428178004,6.846430508508223,3.4678974222470154,3.5853827999670327
11.694109837850029,18845854373.752827,19512481428.029613,6.613340150714864,6.847271251750086,3.512634162816256,3.63177409825034
11.778176521757253,18847567690.470753,19514863437.567066,6.613941383538637,6.848107140588076,3.55674304334552,3.677517448627134
11.862847544724152,18849311611.395214,19517231171.347004,6.614553355914135,6.848938019812893,3.600233145681032,3.7226219973821357
11.948127251226829,18851086809.10809,19519584180.22753,6.615176303862113,6.849763731812782,3.643113425797697,3.767096758478019
12.034020016972978,18852893976.229656,19521922008.011696,6.6158104704351475,6.85058411650025,3.685392715687572,3.810950615402885
12.120530249126404,18854733826.246952,19524244191.230686,6.616456106008329,6.851399011235978,3.7270797252254884,3.8541923229903654
12.20766238653316,18856607094.387344,19526550258.9186,6.617113468585806,6.852208250749787,3.76818304401241,3.896830509212758
12.2954208999493,18858514538.540134,19528839732.378326,6.617782824124204,6.853011667058484,3.808711143197031,3.938873676947501
12.383810292270278,18860456940.229603,19531112124.938164,6.618464446874068,6.8538090893804515,3.848672377276198,3.98033020571732
12.47283509876198,18862435105.642925,19533366941.698532,6.61915861974059,6.854600344046762,3.8880749858747286,4.0212083534044005
12.562499887293445,18864449866.71697,19535603679.26834,6.6198656346649765,6.855385254408674,3.9269270955051745,4.061516257938877
12.652809258571233,18866502082.28787,19537821825.490456,6.62058579302786,6.856163640741283,3.965236721308142,4.10126193896196
12.74376784637549,18868592639.30808,19540020859.15552,6.621319406076382,6.856935320143104,4.003011768773781,4.140453299464015
12.835380317797707,18870722454.135693,19542200249.70367,6.622066795376634,6.857700106431394,4.040260035445013,4.179098127397882
12.927651373480186,18872892473.901325,19544359456.913254,6.622828293293327,6.858457810032921,4.076989212603187,4.217204097267714
13.020585747857242,18875103677.958267,19546497930.57593,6.62360424349867,6.859208237869949,4.1132068869367755,4.254778771693638
13.114188209398106,18877357079.42226,19548615110.15732,6.624395001512712,6.859951193241151,4.148920542193814,4.291829602952508
13.208463560851621,18879653726.80758,19550710424.44227,6.625200935277462,6.8606864756971335,4.184137560818741,4.328363934494997
13.30341663949265,18881994705.76694,19552783291.163933,6.626022425767459,6.861413880910269,4.218865225574406,4.364389002439301
13.399052317370288,18884381140.94324,19554833116.615562,6.626859867639582,6.862133200538468,4.253110721149941,4.399911937041711
13.495375501557842,18886814197.94206,19556859295.243996,6.627713669925228,6.8628442220825265,4.286881135755343,4.434939764144272
13.59239113440462,18889295085.434486,19558861209.22366,6.628584256768239,6.863546728736639,4.320183462703517,4.469479406599784
13.690104193789518,18891825057.400894,19560838228.009903,6.629472068212273,6.8642404992316495,4.353024601980682,4.503537685674344
13.788519693376431,18894405415.52733,19562789707.87022,6.630377561041748,6.864925307670556,4.385411361806012,4.537121322427661
13.887642682871519,18897037511.767002,19564714991.39205,6.63130120968071,6.865600923355784,4.417350460181477,4.570236939071345
13.987478248282292,18899722751.08121,19566613406.96547,6.632243507154666,6.866267110607656,4.4488485264328625,4.60289106030533
14.08803151217858,18902462594.374607,19568484268.23913,6.63320496612063,6.866923628573471,4.479912102743049,4.635090114632675
14.189307633955377,18905258561.642193,19570326873.54767,6.63418611997145,6.8675702310265745,4.51054764567866,4.666840435652847
14.29131181009756,18908112235.34627,19572140505.308537,6.635187524020846,6.868206666154688,4.5407615277112665,4.698148263333684
14.394049274446527,18911025264.044308,19573924429.386047,6.636209756776489,6.8688326763367495,4.570560038734462,4.729019745262179
14.497525298468751,18913999366.29017,19575677894.420486,6.637253421309007,6.8694479979074865,4.5999493875781345,4.759460937874198
14.601745191526248,18917036334.83419,19577400131.119484,6.6383191467258715,6.8700523609087405,4.628935703521419,4.789477807663275
14.706714301149008,18920138041.149837,19579090351.509106,6.639407589759877,6.870645488826667,4.657525037805929,4.819076232368565
14.812438013309373,18923306440.318134,19580747748.14145,6.640519436483173,6.871227098313663,4.685723365150931,4.8482620021420635
14.918921752698395,18926543576.304287,19582371493.255577,6.641655404158928,6.87179689889393,4.713536585272355,4.877040820695139
15.026170983004178,18929851587.664986,19583960737.888065,6.642816243244111,6.872354592651343,4.7409705244075955,4.905418306424451
15.134191207192217,18933232713.729244,19585514610.92928,6.644002739558469,6.872899873898283,4.768030936848308,4.9333999935172805
15.242987967787757,18936689301.30075,19587032218.120983,6.645215716636492,6.873432428823884,4.794723506483555,4.960991333036268
15.35256684716018,18940223811.935352,19588512640.99051,6.646456038281208,6.873951935120012,4.8210538483559,4.988197693983569
15.462933467809437,18943838829.85375,19589954935.716278,6.647724611340893,6.874458061583154,4.847027510233288,5.015024364344382
15.57409349265454,18947537070.55717,19591358131.91883,6.649022388732456,6.8749504676901765,4.872649974199817,5.041476552109781
15.686052625324123,18951321390.2219,19592721231.37101,6.650350372738146,6.875428803145695,4.897926658268836,5.0675593862787585
15.798816610449103,18955194795.958508,19594043206.62024,6.651709618605692,6.87589270739862,4.922862918022171,5.093277917839365
15.912391233957429,18959160457.032696,19595322999.515068,6.6531012384859025,6.876341809125085,4.947464048279635,5.118637120728767
16.026782323370963,18963221717.15741,19596559519.627327,6.6545264057461715,6.8767757256747615,4.971735284803492,5.143641892772049
16.14199574810449,18967382107.98085,19597751642.560223,6.6559863597036655,6.877194062477135,4.995681806043024,5.168297056599476
16.258037419766872,18971645363.911713,19598898208.13171,6.657482410827758,6.877596412404019,5.01930873492496,5.192607360541973
16.37491329246439,18976015438.44323,19599998018.421112,6.659015946468422,6.8779823550840815,5.04262114069619,5.216577479504448
16.492629363106232,18980496522.16007,19601049835.665653,6.660588437175161,6.8783514561647,5.065624040825962,5.240212015816564
16.6111916717122,18985093062.639324,19602052379.991898,6.6622014436806225,6.878703266515886,5.08832240297565,5.2635155000605005
16.730606301722624,18989809786.48777,19603004326.96528,6.663856624633851,6.879037321370368,5.110721147045196,5.286492391875173
16.850879380310513,18994651723.794228,19603904304.938858,6.665555745181055,6.879353139393229,5.1328251473064705,5.309147080736251
16.972017078695913,18999624235.318962,19604750892.179813,6.667300686506836,6.879650221673535,5.1546392346352174,5.33148388671131
17.094025612462605,19004733042.792633,19605542613.74977,6.669093456466629,6.879928050629599,5.17616819885475,5.353507061189292
17.216911241876968,19009984262.757153,19606277938.111393,6.670936201462046,6.880186088818162,5.197416791206409,5.375220787583309
17.340680272209223,19015384444.452003,19606955273.43033,6.67283121973585,6.880423777636688,5.2183897269639345,5.396629182005763
17.46533905405696,19020940612.33413,19607572963.53705,6.674780976292929,6.880640535906303,5.2390916882113725,5.417736293914554
17.590893983670984,19026660313.920525,19608129283.508125,6.676788119689097,6.880835758321185,5.259527326807017,5.438546106728971
17.717351503283492,19032551673.76413,19608622434.820576,6.678855500972181,6.881008813748141,5.279701267559385,5.459062538413725
17.84471810143865,19038623454.519463,19609050540.025993,6.6809861951110205,6.881159043357665,5.299618111645167,5.479289442029254
17.9730003133255,19044885126.23127,19609411636.882904,6.683183525310067,6.88128575856488,5.319282440303982,5.4992306062462815
18.10220472111329,19051346945.193794,19609703671.876312,6.685451090682483,6.881388238755431,5.338698818850398,5.5188897558222285
18.232337954289203,19058020043.990204,19609924493.04154,6.687792797846551,6.881465728767248,5.357871801050502,5.538270552036748
18.36340668999852,19064916534.642677,19610071841.99621,6.6902128971228425,6.881517436094428,5.376805933918492,5.557376593083271
18.495417653387225,19072049627.199024,19610143345.067406,6.692716024148347,6.881542527773599,5.395505762998579,5.576211414412961
18.628377617947063,19079433766.571594,19610136503.381367,6.695307247895629,6.88154012690622,5.413975838209388,5.594778489026844
18.7622934058631,19087084791.05468,19610048681.759277,6.697992126299368,6.881509308761925,5.432220720342556,5.613081227711378
18.89717188836376,19095020116.71089,19609877096.233322,6.700776770960759,6.881449096397678,5.450244988324921,5.631122979211752
19.033019986073406,19103258952.781048,19609618799.961914,6.7036679227386164,6.8813584557151914,5.468053247375483,5.648907030336417
19.16984466936741,19111822554.495197,19609270667.27886,6.706673040465186,6.881236289863489,5.485650138215211,5.666436605985141
19.307652958729822,19120734521.224995,19608829375.557297,6.709800405573032,6.881081432874653,5.503040347521328,5.6837148690915855
19.4464519251136,19130021149.92912,19608291384.501812,6.7130592461252165,6.880892642397054,5.520228619859606,5.700744920469722
19.58624869030339,19139711856.45221,19607652912.397182,6.716459884656479,6.880668591360634,5.537219771381072,5.717529798551446
19.72705042728098,19149839680.64989,19606909908.735767,6.720013915430441,6.880407858371367,5.554018705636783,5.734072479000316
19.868864360593324,19160441895.814053,19606058022.509087,6.723734418297602,6.880108916584223,5.570630431950181,5.750375874183275
20.01169776672324,19171560748.868526,19605092565.27466,6.727636218442968,6.879770120742675,5.587060086897576,5.766442832478542
20.155557974462777,19183244365.871105,19604008467.88268,6.731736204142547,6.879389691993334,5.603312959591825,5.782276137393114
20.300452365289228,19195547868.327618,19602800229.45111,6.7360537184975025,6.878965699980415,5.6193945216541215,5.797878506457412
20.446388373743908,19208534760.915794,19601461856.786545,6.740611046410745,6.878496041587451,5.635310463011357,5.813252589857025
20.593373487813597,19222278672.243034,19599986791.925156,6.745434025449302,6.8779784155101575,5.651066734995272,5.8284009687517795
20.741415249314763,19236865559.9575,19598367824.760864,6.750552819656392,6.877410291596115,5.666669602680565,5.843326153219699
20.89052125428052,19252396534.092854,19596596986.75797,6.756002910312516,6.876788873546675,5.682125709033758,5.858030579746718
21.040699153350403,19268991514.518322,19594665420.397186,6.7618263793986895,6.876111053103293,5.69744215433139,5.8725166081607725
21.19195665216289,19286794030.263657,19592563217.09878,6.76807359376358,6.875373353171914,5.712626595564636,5.886786517878922
21.34430151175081,19305977607.387737,19590279213.62759,6.7748054467384025,6.8745718563779326,5.727687372364432,5.900842503294834
21.497741548939544,19326754406.54609,19587800732.970478,6.782096389210538,6.87370211413556,5.742633668655046,5.914686668076579
21.65228463674811,19349387110.6057,19585113249.66591,6.790038601195638,6.872759029206111,5.757475723262701,5.9283210180629
21.80793870479314,19374205613.54364,19582199950.344276,6.7987478482642505,6.871736701483912,5.772225108890787,5.941747452327569
21.964711739695726,19401630983.831654,19579041145.704124,6.808371890712894,6.87062822164847,5.786895108649201,5.95496775180519
22.12261178549124,19432210771.995087,19575613466.518253,6.8191028736044546,6.8694253890289385,5.801501235253814,5.967983564602763
22.281646944042055,19466672606.646893,19571888736.446186,6.831196134554593,6.868118316054286,5.8160619648839536,5.980796386697561
22.44182537545326,19506008438.92074,19567832344.48944,6.844999766577809,6.866694857119363,5.830599804888528,5.993407536030011
22.60315529849135,19551612554.6565,19563400810.88653,6.861003048978909,6.865139754414856,5.845142901478949,6.00581811682109
22.76564499100595,19605519247.70026,19558537987.675884,6.8799198510738595,6.863433304638315,5.859727563055886,6.01802896882779
22.929302790354516,19670838111.396454,19553168803.542923,6.902841383593114,6.861549163951516,5.874402428951353,6.030040592204852
23.094137093830167,19752615919.584717,19547188235.834877,6.931538647808534,6.859450478067432,5.8892358200844965,6.04185303025851
23.26015635909252,19859727164.30439,19540439997.35706,6.969125858303178,6.857082403074021,5.904329863559855,6.053465673060997
23.427369104601667,20009651031.42135,19532669569.18032,7.021736767328131,6.854355623824308,5.919851082494342,6.064876893219502
23.595783910055257,20243381256.71406,19523396778.5813,7.10375679426396,6.851101639305405,5.936109774393867,6.076083250877644
23.7654094168287,20692372887.32494,19513630639.983055,7.261315815954658,6.847674530338716,5.953843017893995,6.087082688266905
23.93625432841862,22338350842.01911,19507043531.096222,7.838918289108166,6.845362998538963,5.976563208219211,6.097884884202841
24.108327410889345,18468679860.97971,19504684818.84434,6.480983012657871,6.844535285126242,5.993361178184131,6.108511140599971
24.28163749332275,18473152379.340607,19503787047.082382,6.4825524976312945,6.844220241301654,6.000308336508333,6.118978134363511
24.45619346827127,18477714890.22669,19502876503.65932,6.484153562556906,6.843900715677648,6.007179227953167,6.129291731923505
24.63200429221416,18482369874.638115,19501953013.32988,6.485787078061086,6.843576646757589,6.013975392751178,6.139454051006579
24.809078986017074,18487119916.132885,19501016397.23819,6.487453950759555,6.8432479717778225,6.020698361867274,6.149467178332939
24.987426635394918,18491967706.96264,19500066472.78926,6.489155125410534,6.84291462666257,6.027349657657837,6.159333170039066
25.16705639137803,18496916054.694717,19499103053.51304,6.4908915872385435,6.842576545976226,6.033930794552289,6.169054052093732
25.34797747078173,18501967889.368565,19498125948.920555,6.492664364445709,6.842233662872879,6.040443279759371,6.178631820707415
25.530199156679235,18507126271.2396,19497134964.351486,6.4944745309292164,6.841885909042811,6.046888614000559,6.188068442735125
25.71373079887797,18512394399.17058,19496129900.81242,6.496323209225998,6.841533214655754,6.053268292273325,6.197365856072743
25.898581814399314,18517775619.73729,19495110554.805016,6.498211573708068,6.841175508300576,6.05958380464722,6.206525970046877
26.08476168796178,18523273437.12392,19494076718.143364,6.500140854054994,6.840812716921199,6.065836637096054,6.215550665798282
26.272279972467675,18528891523.8928,19493028177.75936,6.502112339033174,6.840444765748297,6.072028272369824,6.224441796658898
26.46114628949327,18534633732.723972,19491964715.49529,6.5041273806154685,6.840071578226507,6.078160190910438,6.233201188522513
26.65137032978248,18540504109.232624,19490886107.88231,6.506187398479055,6.839693075936703,6.084233871815688,6.241830640209089
26.842961853744097,18546506905.986534,19489792125.903633,6.508293884924398,6.839309178512885,6.090250793856512,6.250331923822745
27.035930691952583,18552646597.862236,19488682534.74089,6.510448410263995,6.838919803553177,6.096212436553113,6.2587067851034535
27.23028674565251,18558927898.897778,19487557093.50225,6.512652628736304,6.838524866524419,6.102120281316138,6.266956943772398
27.426039987266552,18565355780.82184,19486415554.930275,6.514908285007937,6.838124280659649,6.1079758126599755,6.27508409387102
27.623200460907213,18571935493.46495,19485257665.087776,6.517217221336314,6.837717956847863,6.113780519495993,6.28308990409372
27.821778282892158,18578672587.28836,19484083163.019203,6.519581385475433,6.837305803515191,6.119535896514548,6.29097601811422
28.021783642263298,18585572938.301205,19482891780.38525,6.522002839419746,6.836887726496674,6.125243445665782,6.298744054905498
28.223226801309583,18592642775.67791,19481683241.067677,6.5244837690955855,6.836463628897588,6.130904677750506,6.306395609053302
28.426118096093575,18599888712.435883,19480457260.741272,6.527026495126504,6.836033410943242,6.136521114133941,6.31393225106311
28.630467936981766,18607317779.591022,19479213546.409237,6.529633484819042,6.835596969815928,6.142094288596949,6.321355527660553
28.83628680917877,18614937464.275986,19477951795.897953,6.532307365539093,6.835154199477636,6.147625749341331,6.328666962085084
29.04358527326528,18622755752.38672,19476671697.306305,6.535050939677316,6.834704990476807,6.153117061168201,6.335868054376876
29.25237396573997,18630781176.418724,19475372928.404392,6.537867201435727,6.834249229737326,6.158569807851266,6.342960281656741
29.46266359956522,18639022869.26941,19474055155.97527,6.540759355707873,6.8337868003275375,6.163985594730035,6.349945098398939
29.674464964716833,18647490624.92103,19472718035.09287,6.5437308393735485,6.833317581206845,6.16936605155196,6.356823936696651
29.887788928737635,18656194967.085503,19471361208.327755,6.546785345387457,6.832841446947006,6.17471283559695,6.363598206519888
30.102646437295117,18665147227.09465,19469984304.871506,6.5499268501122625,6.832358267424853,6.180027635123281,6.370269295965579
30.31904851474305,18674359632.565536,19468586939.568653,6.553159644432807,6.831867907482592,6.185312173180236,6.376838571499478
30.537006264687125,18683845408.672264,19467168711.843445,6.556488369294158,6.83137022655118,6.19056821184066,6.383307378189554
30.75653087055472,18693618894.225784,19465729204.506737,6.559918056436044,6.830865078231645,6.195797556915915,6.389677039930395
30.97763359616868,18703695675.22191,19464267982.425213,6.563454175257192,6.830352309828091,6.201002063226902,6.395948859658118
31.2003257863253,18714092739.087067,19462784591.03263,6.5671026869428575,6.8298317618252655,6.206183640518582,6.402124119555187
31.424618867376406,18724828653.563446,19461278554.658432,6.570870107238759,6.829303267302046,6.211344260121963,6.408204081244432
31.650524347815644,18735923775.071022,19459749374.644737,6.574763579568955,6.828766651270654,6.216485962488078,6.41418998597143
31.878053818868988,18747400492.517704,19458196527.216904,6.5787909605930945,6.8282217299294,6.221610865743603,6.420083054774276
32.10721895508948,18759283513.97453,19456619461.06575,6.5829609208057605,6.827668309814243,6.226721175449122,6.42588448863959
32.33803151495627,18771600205.48797,19455017594.590897,6.5872830634316335,6.82710618683143,6.2318191957801155,6.431595468643398
32.57050334147791,18784380993.701996,19453390312.743416,6.59176806571263,6.826535145149528,6.236907342399859,6.4372171560752225
32.80464636280005,18797659847.092728,19451736963.392475,6.5964278477815546,6.825954955924413,6.241988157355867,6.442750692543473
33.04047259281747,18811474854.736504,19450056853.122776,6.601275775761953,6.8253653758245205,6.2470643264107215,6.448197200059777
33.27799413179049,18825868926.998913,19448349242.347107,6.60632690765215,6.8247661453157535,6.252138699320718,6.453557781099407
33.51722316696586,18840890649.862427,19446613339.589264,6.611598293123777,6.82415698665526,6.257214313708329,6.4588335186343855
33.75817197320208,18856595334.54243,19444848294.754433,6.617109341850399,6.823537601529889,6.262294423348581,6.464025476135042
34.000852913599225,18873046317.653492,19443053191.154137,6.622882279758623,6.822907668257612,6.267382531919766,6.469134697534837
34.245278440133276,18890316586.073364,19441227035.985954,6.628942719221311,6.82226683844668,6.272482433577061,6.474162207152011
34.491461094295076,18908490827.20353,19439368748.878426,6.635320378529891,6.82161473297584,6.277598262124997,6.479109009559981
34.7394135077338,18927668043.194122,19437477147.988377,6.642049999271636,6.8209509371156365,6.282734551136803,6.483976089396273
34.98914840290509,18947964922.565643,19435550932.968033,6.64917252949074,6.820274994551276,6.2878963081645,6.488764411096932
35.24067859372385,18969520243.51837,19433588663.879745,6.656736668886658,6.819586399983437,6.29308910730678,6.4934749185395555
35.49401698622174,18992500704.651993,19431588734.794,6.664800914915673,6.818884589863341,6.298319206014379,6.498108534572818
35.749176579209355,19017108765.003105,19429549340.30777,6.67343631399728,6.81816893064347,6.303593694370516,6.502666160403191
36.00617046494324,19043593367.4262,19427468432.47839,6.6827302245362645,6.817438703664896,6.308920688603105,6.507148674799252
36.26501182979761,19072264889.591187,19425343664.538673,6.692791563489402,6.816693085405941,6.31430958595862,6.511556933059236
36.52571395494097,19103516446.046207,19423172315.993813,6.7037582816321555,6.8159311211973606,6.319771406485369,6.5158917656657
36.788290217017554,19137854998.75072,19420951190.858063,6.715808280789237,6.8151516895118185,6.325319260850797,6.520153976518164
37.05275408883371,19175948104.155933,19418676476.053543,6.729175818203331,6.814353452273548,6.330969005956149,6.524344340583175
37.31911914004917,19218696523.65933,19416343538.783524,6.744176986814458,6.81353478375309,6.336740189341431,6.52846360071814
37.58739903787329,19267351507.946854,19413946626.779152,6.761250872388424,6.812693665378625,6.3426574544832635,6.532512463285657
37.857607547766385,19323713347.52638,19411478406.669075,6.78102922837416,6.811827523741794,6.348752715069831,6.53649159192859
38.12975853414594,19390487375.257458,19408929216.77927,6.804461403422373,6.810932968392076,6.355068683772936,6.540401598414198
38.40386596109809,19471969990.922535,19406285778.48578,6.833055079414777,6.810005339627915,6.361664954398622,6.544243028522728
38.67994389309403,19575500132.113003,19403528778.355705,6.869385618002492,6.809037860027673,6.36862933898622,6.548016338876186
38.958006495711736,19714945157.30546,19400627758.688763,6.91831931798943,6.808019841451231,6.3761013841528875,6.551721855286466
39.23806803636276,19920761879.54019,19397528118.4026,6.990544008144054,6.806932123423132,6.384329421208278,6.5553596864312285
39.520142885024306,20279150310.19776,19394251906.0047,7.116308781181904,6.805782443150559,6.393849891806395,6.558929858884874
39.80424551497656,21218154293.48294,19391201436.34337,7.445821713903588,6.804711979955326,6.406478078490383,6.562433461340731
40.09039050354529,18205090600.80006,19388804150.031124,6.388484927770241,6.8038707302296775,6.413715014990471,6.56587363807968
40.37859253284984,18215034663.849297,19386765590.24814,6.39197447354092,6.803155363921784,6.413381047649431,6.569253814097609
40.66886639055646,18225226877.3139,19384708305.317696,6.395551099635622,6.802433426631909,6.413102087675913,6.57257568802663
40.96122697063706,18235677223.54947,19382632067.055565,6.399218309037644,6.801704838286214,6.412878616279709,6.575839995120941
41.2556892741334,18246396346.927887,19380536643.31444,6.402979837043383,6.800969517420143,6.412711159310584,6.579047459027545
41.552268409926846,18257395618.197918,19378421797.83686,6.406839673847599,6.80022738112682,6.412600290088959,6.582198791931208
41.850979595513564,18268687207.100826,19376287290.095974,6.410802090025502,6.799478345001163,6.4125466325382625,6.585294694696578
42.151838157785335,18280284164.555023,19374132875.12246,6.414871665372789,6.798722323079149,6.412550864659119,6.588335857007464
42.45485953381599,18292200515.97445,19371958303.315865,6.41905332165269,6.79795922777161,6.412613722392278,6.591322957503224
42.7600592716535,18304451367.591297,19369763320.238304,6.423352359906482,6.79718896979184,6.412736003924907,6.594256663912231
43.06745303111773,18317053028.030655,19367547666.38797,6.42777450311615,6.796411458076112,6.412918574504592,6.597137633182351
43.37705658460391,18330023147.849533,19365311076.94956,6.432325945171079,6.7956265996961,6.4131623718366635,6.599966511608392
43.68888581789202,18343380880.330944,19363053281.51836,6.43701340729351,6.794834299762061,6.4134684121544945,6.6027439349564165
44.00295673096177,18357147067.545986,19360774003.793816,6.441844203330982,6.794034461315291,6.413837797069359,6.605470528584842
44.31928543881365,18371344456.605423,19358472961.237823,6.446826315642794,6.793226985208225,6.414271721327169,6.608146907562184
44.63788817229572,18385997952.17162,19356149864.691956,6.451968483710867,6.79241176997011,6.414771481625133,6.610773676781332
44.95878127893651,18401134912.76676,19353804417.946922,6.457280308119478,6.791588711655923,6.415338486673091,6.613351431070168
45.281981223783724,18416785500.29359,19351436317.255547,6.462772373208212,6.79075770367546,6.415974268724055,6.61588075529832
45.607504590249086,18432983094.61665,19349045250.779385,6.468456392555771,6.789918636599157,6.416680496848275,6.618362224479781
45.935368080959265,18449764788.223793,19346630897.9564,6.474345382565355,6.7890713979361825,6.417458992288477,6.620796403871147
46.26558851861285,18467171980.158924,19344192928.774277,6.480453870886062,6.788215871879438,6.418311746314393,6.623183849065029
46.59818284684357,18485251093.955868,19341731002.930363,6.4867981483484405,6.787351939010769,6.4192409410985,6.625525106078237
46.93316813108961,18504054451.729416,19339244768.854164,6.493396575698344,6.786479475957934,6.420248974269523,6.627820711434195
47.2705615594693,18523641346.644333,19336733862.56232,6.50026995994507,6.785598354992803,6.421338487976509,6.630071192238831
47.61038044366301,18544079369.778854,19334197906.30739,6.50744201998099,6.784708443557185,6.422512403529895,6.632277066249223
47.95264221980141,18565446066.545395,19331636506.970894,6.514939967848566,6.783809603698927,6.423773962998255,6.634438841933823
48.29736444936013,18587831024.75645,19329049254.136158,6.522795241479217,6.782901691395633,6.425126779562475,6.636557018523052
48.64456482006084,18611338534.8429,19326435717.755966,6.531044438210492,6.7819845557362095,6.426574899009249,6.638632086048489
48.994261146778804,18636091018.417675,19323795445.3019,6.539730517929063,6.781058037920513,6.4281228755527495,6.640664525368618
49.34647137245695,18662233503.492912,19321127958.242493,6.548904373502749,6.780121970023477,6.429775866312873,6.6426548081782535
49.701213569026564,18689939548.05437,19318432747.640396,6.558626909466466,6.779176173450077,6.431539750415198,6.644603396998073
50.058505938334505,18719419203.03188,19315709268.575813,6.568971836367923,6.778220456978421,6.433421281072199,6.646510745139368
50.418366813077206,18750929903.010418,19312956932.97999,6.580029492508757,6.777254614244888,6.435428282581188,6.648377296637481
50.78081465774125,18784791652.083572,19310175100.274242,6.591912172926304,6.776278420459208,6.437569909638702,6.650203486144936
51.14586806955088,18821408666.89012,19307363064.915665,6.604761724313941,6.775291628034026,6.4398569949391975,6.651989738771593
51.513545779422124,18861301001.01924,19304520039.475513,6.618760642578389,6.774293960646813,6.442302524860063,6.653736469853739
51.883866652923956,18905152099.267982,19301645131.084408,6.634148760460974,6.773285104974076,6.444922306131683,6.655444084625381
52.25684969124625,18953882736.155388,19298737307.702484,6.651249193856353,6.772264698854965,6.447735926474218,6.6571129777511455
52.63251403217474,19008770603.62907,19295795348.168854,6.670510307231843,6.771232313762749,6.4507681849681315,6.658743532656862
53.01087895107299,19071653108.71232,19292817765.163498,6.692576878871267,6.770187427770802,6.454051307410841,6.660336120552461
53.39196386187141,19145291800.221542,19289802680.268044,6.718417984588518,6.76912938170924,6.457628547247631,6.661891098964281
53.77578831806337,19234076675.562218,19286747607.92951,6.749574151309432,6.768057303354017,6.461560405594966,6.66340880943646
54.16237201370853,19345522184.62749,19283649048.698483,6.788682331023731,6.766969964687087,6.465936261255854,6.66488957370895
54.55173478444328,19493879952.965244,19280501625.57831,6.8407436685763,6.765865478826211,6.470898604251576,6.666333686775243
54.943896608498605,19710653941.128315,19277295874.382137,6.916813455125539,6.764740524622577,6.476702245783452,6.667741402356647
55.33887760772505,20086134356.991566,19274037344.759487,7.048576104925803,6.763597049545332,6.4839028638694005,6.669112960930092
55.73669804862528,21085088523.97813,19270793855.04476,7.399126606390842,6.7624588522350155,6.494436855553819,6.670448783215482
56.137378343393884,17965254654.550095,19267630094.37827,6.304322296484678,6.761348633243188,6.499491044515987,6.671749614623771
56.54093905096473,17981990760.964886,19264495617.110184,6.310195289150572,6.760248690308395,6.4967568734346255,6.673016224481975
56.94740087806597,17999231491.32463,19261331224.36444,6.31624536319097,6.759138249508895,6.494146394976724,6.674249097452394
57.35678468028229,18017004386.37581,19258136563.36136,6.322482183135843,6.7580171870481225,6.491660437526957,6.675448563204398
57.76911146312517,18035339572.725407,19254911276.63229,6.328916320938877,6.756885377484072,6.489299961632476,6.676614944945492
58.18440238311063,18054270119.698578,19251655001.93481,6.335559381205067,6.755742693699537,6.487066071924081,6.677748559489613
58.60267874884476,18073832461.33432,19248367372.163467,6.342424149276384,6.754589006870789,6.484960030812216,6.678849717324019
59.023962022117104,18094066898.37195,19245048015.255066,6.349524767387624,6.75342418643434,6.482983274294859,6.679918722674773
59.44827381900181,18115018199.172455,19241696554.0877,6.356876945540219,6.752248100051513,6.481137430294032,6.680955873570793
59.875635910966814,18136736323.94264,19238312606.37233,6.364498215645168,6.751060613570393,6.479424340039797,6.6819614619064955
60.30607022599089,18159277303.89187,19234895784.535446,6.372408240034527,6.749861590984653,6.4778460831530795,6.682935773502952
60.73959884968879,18182704316.777336,19231445695.59101,6.38062918888907,6.748650894388613,6.476405007251881,6.683879088167585
61.17624402644447,18207089013.74286,19227961940.999245,6.38918620584924,6.747428383927689,6.47510376313433,6.684791679752338
61.61602816055244,18232513170.990265,19224444116.50938,6.398107987615554,6.746193917743211,6.473945346897768,6.685673816210264
62.05897381736731,18259070765.98671,19220891811.98231,6.407427512526085,6.744947351910189,6.472933150766303,6.686525759650495
62.50510372446168,18286870615.17949,19217304611.188026,6.417182966176755,6.743688540366226,6.472071024965116,6.687347766391451
62.9544407727922,18316039764.113373,19213682091.5709,6.4274189310728485,6.742417334829158,6.471363353765238,6.688140087012226
63.407008017874226,18346727900.21262,19210023823.973534,6.438187935151454,6.741133584700142,6.47081514992979,6.688902966401958
63.86282868096469,18379113177.519,19206329372.30632,6.449552495783983,6.739837136947703,6.470432173379519,6.689636643806984
64.32192615025363,18413410024.92145,19202598293.144894,6.461587859820621,6.738527835966468,6.47022108221245,6.69034135287549
64.78432398206425,18449879794.919647,19198830135.230255,6.474385740427844,6.737205523401758,6.470189627664536,6.691017321699275
65.2500459020616,18488845568.834984,19195024438.834816,6.488059512496085,6.735870037927114,6.470346909860674,6.691664772852101
65.7191158064699,18530713193.382492,19191180734.940094,6.502751594741013,6.734521214955744,6.470703719435163,6.692283923423838
66.19155776329869,18576001920.435196,19187298544.143482,6.518644201733113,6.73315888625688,6.471273003349121,6.69287498504936
66.66739601357779,18625390321.677658,19183377375.164474,6.535975456153252,6.731782879431595,6.47207051527807,6.693438163930569
67.146654972601,18679787406.683475,19179416722.740192,6.555064345370811,6.730393017174301,6.473115749056203,6.693973660849107
67.629359231179,18740447155.86734,19175416064.554836,6.576350913061192,6.728989116195243,6.474433322566823,6.694481671165971
68.11553355690098,18809161780.073853,19171374856.572304,6.600464077378067,6.72757098558263,6.4760551108202185,6.694962384801811
68.60520289540557,18888606937.438354,19167292525.58475,6.628342773592035,6.726138424187797,6.478023693942519,6.695415986187237
69.09839237166068,18983003970.536415,19163168456.57328,6.661468344697222,6.724691216189847,6.480398273290783,6.695842654163631
69.59512729125278,19099513001.93528,19159001969.545914,6.702353403023054,6.723229122967696,6.483265639512673,6.696242561795946
70.09543314168529,19251552501.27666,19154792272.55458,6.7557067244245665,6.7217518666129035,6.486762763366306,6.696615876012881
70.59933559368633,19468268956.751083,19150538354.045757,6.831756321746389,6.720259092153633,6.491131038712738,6.696962756865714
71.10686050252588,19830647682.84413,19146239615.387775,6.95892135929299,6.718750589519555,6.49688374882048,6.697283358114237
71.61803390934244,20722004463.809784,19141899397.532387,7.271714054772057,6.717227531109113,6.505688350244356,6.697577838210472
72.13288204247921,17731933711.058193,19137522437.76246,6.2224458936962375,6.715691579317783,6.509095189291338,6.697846373526223
72.65143131882986,17756434230.90192,19133105423.734806,6.231043554931569,6.714141571786364,6.505079241866888,6.698089141408876
73.17370834519397,17781804774.235374,19128643399.795437,6.239946522637096,6.712575769489134,6.501244890134675,6.698306296033823
73.6997399196422,17808106124.07477,19124135831.136204,6.249176126637068,6.7109939847525535,6.497594046004212,6.698497975720241
74.22955303289137,17835406539.201126,19119582177.31386,6.258756320132448,6.70939602792563,6.494128916310689,6.698664314136255
74.76317486968934,17863783110.913357,19114981892.37819,6.268714155809322,6.707781707424874,6.490852039333195,6.698805440337289
75.30063281020978,17893323447.582634,19110334425.04207,6.279080376978507,6.706150829793987,6.48776632838673,6.698921478804625
75.84195443145715,17924127786.867077,19105639218.904236,6.289890158788652,6.704503199782027,6.4848751242737,6.6990125494843635
76.38716750868164,17956311672.609287,19100895712.73863,6.301184047596443,6.702838620444947,6.482182258946737,6.699078767827154
76.9363000168043,17990009387.1667,19096103340.869038,6.313009165431389,6.701156893277063,6.479692133519733,6.699120244828978
77.48938013185247,18025378408.939884,19091261533.654217,6.325420774220529,6.699457818381292,6.477409814869404,6.69913708707352
78.04643623240547,18062605283.274155,19086369718.11764,6.338484335990556,6.697741194690144,6.4753411566524015,6.6991293967767165
78.6074969010507,18101913476.070133,19081427318.76986,6.352278268837226,6.696006820254295,6.473492952871561,6.699097271834281
79.17259092585026,18143574063.03693,19076433758.691097,6.366897697971391,6.694254492622502,6.471873135561172,6.699040805873354
79.741747301818,18187920562.98724,19071388460.972122,6.382459660981861,6.692484009347216,6.470491033394912,6.698960088309651
80.3149952324073,18235369976.373363,19066290850.65876,6.399110490625932,6.690695168666954,6.4693577161973295,6.698855204412316
80.89236413100953,18286453375.578274,19061140357.421432,6.417036549497921,6.688887770443086,6.468486463492129,6.69872623537934
81.47388362246318,18341861670.870262,19055936419.297447,6.436480290103681,6.687061617473066,6.467893417086335,6.698573258427917
82.05958354457395,18402516387.34851,19050678488.07277,6.457765091729575,6.685216517378995,6.467598515455653,6.698396346906328
82.64949394964574,18469683474.412594,19045366037.26645,6.481335198177289,6.683352285409493,6.467626875902234,6.698195570437579
83.24364510602263,18545165050.10563,19039998574.44186,6.507823004209857,6.6814687487599285,6.468010920330145,6.697970995111715
83.84206749964191,18631641362.582752,19034575661.131325,6.538169055816157,6.679565753564319,6.46879380411393,6.697722683755906
84.44479183559842,18733325622.517628,19029096947.161774,6.573851842363611,6.677643176940805,6.47003528672338,6.697450696336218
85.05184903971988,18857338639.060272,19023562234.967506,6.617370180415452,6.675700949560126,6.4718225902906745,6.697155090600107
85.66327026015385,19016975555.8708,19017971615.50428,6.673389568581252,6.673739103340248,6.474292704265437,6.696835923210145
86.2790868689658,19240988583.515835,19012325818.26679,6.751999660786538,6.671757894273626,6.477685746711719,6.696493252076254
86.89933046374898,19608751266.771725,19006624080.594055,6.88105402313469,6.669757054729177,6.482508725805677,6.696127134188542
87.52403286924549,20490204778.095783,19000855108.318115,7.19037148796381,6.667732621385685,6.490385405108273,6.695737595541707
88.1532261389794,17501341204.63794,18995005064.279938,6.141526947230911,6.665679738541859,6.492855917028556,6.695324599016875
88.78694255690131,17534525925.124344,18989080826.939384,6.153172046467624,6.663600819969655,6.487941713921973,6.69488809084126
89.42521463904485,17569076198.263924,18983092783.365326,6.165296342031023,6.66149951067334,6.483266471380076,6.694428061128467
90.06807513519514,17605109926.020897,18977040158.89842,6.17794120778394,6.6593755388113935,6.478833901833513,6.693944524022964
90.71555703056912,17642763213.925476,18970922172.007362,6.191154405539122,6.657228630130802,6.474648299004907,6.6934374895841335
91.36769354750803,17682194543.373066,18964738034.85573,6.204991549192052,6.6550585081659746,6.470714630953265,6.692906963811491
92.02451814718209,17723590228.434948,18958486954.041504,6.219518019611317,6.652864894498257,6.467038655838099,6.6923529486728155
92.6860645313074,17767171661.54261,18952168131.565292,6.2348115072760635,6.650647509095695,6.463627067754961,6.6917754421361355
93.35236664387507,17813205097.65309,18945780766.105484,6.250965445710864,6.64840607076051,6.460487683021262,6.691174438206886
94.02345867289306,17862015116.820446,18939324054.713272,6.268093735737672,6.646140297723912,6.457629681862873,6.690549926971913
94.6993750521402,17914003543.760113,18932797195.09272,6.286337384682103,6.6438499084462155,6.455063927528944,6.689901894652811
95.38015046293313,17969676681.17875,18926199388.715,6.305874063025522,6.6415346227096785,6.452803396127276,6.6892303236719615
96.06581983590569,18029685599.68416,18919529845.152763,6.32693224283962,6.639194163139508,6.450863768982385,6.688535192736235
96.75641835280128,18094887663.756817,18912787788.25388,6.349812788326682,6.636828257370339,6.449264270863001,6.687816476945737
97.45198144827802,18166444039.593136,18905972465.18714,6.374923173028425,6.634436641220522,6.448028893514235,6.687074147939018
98.15254481172693,18245981197.68632,18899083160.165318,6.402834153908337,6.632019063507792,6.447188248779194,6.686308174093107
98.85814438910306,18335873084.35582,18892119216.18544,6.434378790280083,6.629575293678307,6.446782503732727,6.685518520809237
99.56881638476996,18439767837.988533,18885080071.41572,6.4708372777554395,6.627105134575459,6.4468662950199285,6.6847051509397355
100.2845972633575,18563657570.12035,18877965324.6292,6.514312353149726,6.624608445401684,6.447517562579121,6.68386802546323
101.00552375163227,18718308763.50418,18870774865.0046,6.568582163702104,6.622085187267859,6.448855005390206,6.68300710463804
101.73163284038309,18925725794.881096,18863509170.105495,6.64136843034425,6.619535527759399,6.451077521839082,6.682122350208327
102.46296178631758,19241059221.99946,18856170259.797703,6.752024449066797,6.616960175682571,6.454574035613406,6.681213730709106
103.19954811397544,19868649342.432526,18848747743.86617,6.972256806769425,6.61435548492906,6.460376891920245,6.680281194121867
103.94142961765213,24470847138.45844,18841217295.051888,8.587248563703438,6.61171291863789,6.479184892809415,6.679324602397864
104.68864436333986,17297417377.857037,18833582256.942642,6.0699665072215785,6.609033650132535,6.491203000807118,6.678343767329653
105.44123069067895,17341433734.720802,18825859531.935223,6.085412617244627,6.606323610759863,6.485321559460109,6.677338554036637
106.19922721492682,17387595700.859688,18818049784.70896,6.101611659116,6.603583033767488,6.479748856264495,6.67630887325437
106.96267282893764,17436137534.465683,18810151934.27642,6.11864583813539,6.600811539817996,6.47449179619249,6.6752546359335065
107.7316067051596,17487339881.558743,18802164892.02678,6.136613637903225,6.598008746898797,6.469558471478037,6.674175748876538
108.50606829764314,17541543522.011337,18794087563.353355,6.155634644041281,6.5951742708932475,6.464958410701761,6.673072114762823
109.28609734406707,17599168655.17802,18785918849.86782,6.175856311857641,6.592307726357659,6.460702906820628,6.671943632182841
110.0717338677758,17660742619.48435,18777657652.44565,6.197463693635611,6.589408727589998,6.456805457919606,6.670790195685116
110.86301817983464,17726940851.45261,18769302875.49301,6.220693811872743,6.586476890127214,6.453282373215902,6.669611695840719
111.65999088109645,17798649374.022945,18760853433.05002,6.245857587526412,6.583511832886974,6.450153628812844,6.66840801933275
112.46269286428664,17877063766.88919,18752308257.767044,6.273374570436909,6.580513181317614,6.447444114565362,6.667179049082213
113.27116531609953,17963853048.088165,18743666314.5559,6.303830448245465,6.577480572188572,6.4451855197985966,6.6659246644286165
114.08544971931353,18061446050.635822,18734926622.263016,6.338077540968209,6.5744136611958846,6.443419317023467,6.6646447413962235
114.90558785491778,18173566360.166656,18726088290.000015,6.377422519976618,6.571312135711231,6.442201755215149,6.66333915310143
115.73162180425774,18306320277.55128,18717150582.574738,6.424008193122176,6.568175737742814,6.44161283733687,6.66200777040855
116.56359395119254,18470674178.011997,18708113050.495266,6.481682853410183,6.565004309556051,6.441774080679458,6.660650463064635
117.40154698427162,18689067461.538216,18698975829.21482,6.558320879044188,6.561797898683849,6.442888748534162,6.65926710189093
118.24552389892312,19017971820.10385,18689740625.12112,6.673739175137818,6.558557103927525,6.44535445822915,6.657857564156908
119.09556799966195,19669051755.90009,18680396484.819572,6.9022145201836205,6.555278081549202,6.450233755074683,6.656421705686541
119.95172290230977,24995053627.005836,18670918578.313557,8.771201795497694,6.5519521182684795,6.4700026395254415,6.654959294924723
120.81403253623492,17067933442.06461,18661310585.021687,5.989436577592397,6.548580505257746,6.4828801684163535,6.653470051078622
121.6825411466044,17122772822.425297,18651589173.29943,6.008680675991287,6.545169091734677,6.475998758014503,6.651953748248141
122.55729329665617,17180662700.061775,18641754173.682793,6.028995247275807,6.541717818231388,6.469496598586184,6.650410204772726
123.43833386998361,17242000469.274548,18631804138.59332,6.050519744061427,6.538226176767264,6.463384517447149,6.648839237528648
124.32570807284056,17307278548.753754,18621737611.860622,6.073426964685112,6.534693656346629,6.45767540949045,6.64724065874987
125.21946143645881,17377118747.621845,18611553132.065624,6.09793511285119,6.531119744131951,6.452384768163945,6.64561427605958
126.11963981938636,17452323779.042835,18601249237.328163,6.12432587465846,6.5275039271238935,6.447531423381115,6.6439598925215595
127.0262894098384,17533957218.292576,18590824472.313858,6.152972477286523,6.52384569462015,6.443138597308374,6.642277306720292
127.9394567280692,17623472823.104145,18580277398.805496,6.18438506976842,6.520144541925129,6.439235467879203,6.64056631288382
128.85918862875712,17722934263.175774,18569606612.266487,6.219287829920792,6.516399976162357,6.435859582012364,6.638826701072644
129.7855323034107,17835411687.28276,18558810769.11998,6.258758126684398,6.512611525847202,6.433060774197235,6.637058257475435
130.71853528278805,17965753801.336258,18547888634.706917,6.304497455828296,6.50877875771619,6.430907949324567,6.635260764888518
131.65824543933772,18122246702.810932,18536839175.529022,6.359413553984383,6.504901309096687,6.42950184387423,6.633434003538808
132.6047109896529,18320690844.27687,18525661761.63653,6.429051076508096,6.500978958928296,6.429001942225536,6.63157775263137
133.5579804969476,18596606797.774452,18514356723.83829,6.525874813829853,6.497011823297631,6.429693720119652,6.629691793773874
134.51810287354627,19056011200.21619,18502919321.524612,6.6870878594063115,6.4929982386417775,6.432212461978991,6.627775900629401
135.48512738339562,20323064366.156273,18491332078.639114,7.131718992026769,6.488932072306677,6.439011374519876,6.6258297945197375
136.45910364459024,16800071351.25803,18479584059.65979,5.895439081652241,6.484809486826259,6.440040538064421,6.623853129881336
137.4400816319206,16864664885.075773,18467685106.17314,5.918106083222008,6.480633935785477,6.432455886709372,6.621845563521502
138.42811167943523,16933175093.294123,18455642831.678844,5.942147514390831,6.476408090894624,6.425311346287572,6.619806800672469
139.42324448302537,17006172483.701664,18443455353.44893,5.967763576327081,6.472131291471505,6.4186216355270584,6.6177365649768465
140.42553110302407,17084381698.366768,18431120776.489975,5.9952085586156505,6.467802872529759,6.412404497522767,6.61563457457988
141.4350229668284,17168745209.349981,18418637198.41543,6.024813191198273,6.463422166488649,6.40668158561084,6.613500542158606
142.45177187153575,17260523828.64155,18406002716.71791,6.05701991506978,6.458988505725037,6.401479746784909,6.6113341749809615
143.47582998660403,17361462593.112667,18393215439.958317,6.092441094210913,6.4545012264998345,6.3968329522919785,6.609135175010133
144.50724985652602,17474079824.47945,18380273505.66239,6.131960451788968,6.449959675238229,6.392785337289796,6.606903239080092
145.54608440352786,17602205826.749348,18367175110.48767,6.17692210852034,6.4453632191157855,6.389396265361339,6.604638059188676
146.59238693028206,17752076534.85324,18353918564.753338,6.229514363117189,6.440711265193932,6.386749399852858,6.60233932299813
147.64621112264496,17934820733.095154,18340502401.15349,6.29364250077417,6.436003298569346,6.38497059552758,6.600006714736387
148.70761105240882,18173094853.872528,18326925626.36022,6.377257060165435,6.43123897066588,6.384268338925876,6.597639916986099
149.77664118007874,18523715613.990055,18313188587.643066,6.5002960216565535,6.42641840334649,6.385046800218508,6.595238615244457
150.85335635766464,19199323821.203762,18299280949.210194,6.737378766450637,6.421537969600921,6.388378287681784,6.592802474457982
151.93781183149804,24625093960.602722,18285180691.206482,8.64137647331032,6.416589942276607,6.406932262452351,6.590331083483498
153.03006324506438,16583768133.276033,18270889928.321564,5.819534496599231,6.4115750634551505,6.4185742181412,6.587823987563678
154.13016664186063,16662430576.573725,18256421485.88444,5.847138524747644,6.406497833768977,6.410250472323349,6.5852807757917375
155.23817846826822,16746633655.719805,18241773868.74644,5.876686858990646,6.401357728544246,6.4024516423450315,6.582701071254757
156.35415557645197,16837358344.976164,18226944663.84131,5.908523740366309,6.396153900993776,6.395200374699558,6.5800844926389646
157.47815522727458,16935912518.771776,18211931446.088394,5.943108124902932,6.3908855001143205,6.3885247090340735,6.577430651979597
158.61023509323707,17044100359.505987,18196731788.220978,5.98107313178228,6.385551674135503,6.3824600574595385,6.574739154720123
159.75045326143626,17164517494.586664,18181343276.639587,6.023329612091933,6.380151576083028,6.377052316210957,6.572009599834813
160.898868236546,17301101266.113518,18165763538.293804,6.071259248088305,6.374684373211966,6.372363045237662,6.569241580056314
162.0555389438188,17460249351.998585,18149990289.49488,6.1271070969265615,6.369149264135966,6.368478744305974,6.566434682289069
163.22052473210942,17653370281.609993,18134021433.60768,6.194876611240609,6.363545513109062,6.365529167145147,6.563588488382971
164.39388537692,17903717578.476166,18117855288.441525,6.282727859433095,6.357872529821102,6.36372883498867,6.560702576708461
165.57568108346715,18269891316.876938,18101491430.423073,6.411224633220961,6.352130165632787,6.3634938184317456,6.557776526389078
166.7659724897711,18974460365.79577,18084919551.074562,6.658470244258654,6.3463148031188465,6.365937458286014,6.554809895662239
167.96482066976697,25847476884.96506,18068118805.091362,9.070332036316929,6.3404191272970385,6.387313111620754,6.551802171203278
169.1722871364386,16330370563.201231,18051090982.298313,5.730612854150205,6.334443766248225,6.401639269032466,6.548752799634012
170.3884338449747,16422235115.786304,18033846943.356674,5.762849733518457,6.328392531168532,6.392324648025223,6.54566126710086
171.61332319594783,16521336030.539825,18016383985.48858,5.797625979026583,6.322264473605902,6.383619182247532,6.542527087297984
172.84701803851607,16629151248.151949,17998699078.57874,5.835460225930526,6.316058530239843,6.375554028867952,6.539349766526078
174.08958167364793,16747735015.591827,17980789179.92002,5.877073345446371,6.309773633331168,6.368168722424787,6.536128802951992
175.34107785737027,16880073640.742762,17962651251.226257,5.923513285278443,6.303408716692084,6.361514823328629,6.532863686704158
176.6015708040397,17030763665.30621,17944282288.552826,5.9763930523610975,6.296962726185844,6.355662097758057,6.529553900083965
177.8711251896373,17207432133.85679,17925679379.29441,6.038389110128479,6.290434639728265,6.350709853437623,6.526198917991253
179.14980615508722,17424112555.594166,17906839824.72471,6.114426062581289,6.2838235102890545,6.346810101770637,6.522798208792437
180.43767930959908,17710873602.21524,17887761464.87617,6.215055532897128,6.277128579897794,6.34422290256918,6.519351236294716
181.73481073403437,18150645522.108723,17868440407.914295,6.369379196728421,6.270348482841638,6.343487104250614,6.515857456812962
183.041266984297,19137487269.320057,17848863642.965576,6.715679238095806,6.2634786533773505,6.346327109648973,6.512316292129277
184.35711509474848,15993928018.014061,17829017130.24788,5.612549276433407,6.256514164699649,6.343707206542319,6.508727104729945
185.68242258164713,16094003333.733044,17808904082.04574,5.6476674562948395,6.249456144055399,6.333557837276476,6.505089239300918
187.0172574466127,16202173823.561924,17788529883.779602,5.68562637443782,6.242306481282894,6.324072631536473,6.5014020713263845
188.36168818011527,16320142058.503746,17767890794.479652,5.727023492826694,6.23506386361035,6.315286813407193,6.497664989196204
189.71578376498965,16450300128.90562,17746983047.136658,5.772698237832,6.227726969128293,6.307245331291713,6.493877371261665
191.07961367997484,16596176454.90247,17725802866.6511,5.8238887938355175,6.22029447308823,6.300007280419035,6.490038585893242
192.45324790327902,16763312645.290337,17704346502.485416,5.882539808356198,6.212765059360885,6.293653569815842,6.4861479916639775
193.8367569161701,16961173504.762135,17682610293.453888,5.951972647019231,6.205137443172109,6.288301444733172,6.4822049377737105
195.2302117065921,17207948466.4761,17660590815.280064,6.038570300281746,6.1974104228833635,6.284135578316412,6.478208764997992
196.6336837728076,17545485701.088345,17638285323.085472,6.157018023677685,6.189583035268749,6.281488066251789,6.4741588080987
198.0472451270663,18106199810.638367,17615686248.04252,6.353782418659108,6.181652624294188,6.2811220034717055,6.470054385516733
199.47096829930004,19870747404.385223,17592777879.841774,6.972993053430112,6.173613676937132,6.286575141891752,6.4658947672161995
200.90492634084416,15745107961.79154,17569553264.884445,5.525233963713422,6.165463753058058,6.286005408633345,6.461679177060484
202.3491928281859,15861655740.260433,17546016460.284378,5.5661326190643,6.1572042763692245,6.275476073445175,6.457406842822328
203.8038418667395,15988982350.402882,17522166921.12863,5.610813755106729,6.148835055651144,6.265705249876435,6.453077011983063
205.26894809464875,16129778554.028917,17498000036.06728,5.66022160725511,6.140354472700416,6.256742690483004,6.4486889298228665
206.74458668661651,16288054065.365826,17473511167.03494,5.715763254412116,6.13176089993872,6.248654174530812,6.444241829272773
208.23083335776192,16470199699.147467,17448695682.054604,5.779681345323569,6.123052711924252,6.24153052387167,6.439734931039148
209.72776436750547,16687372495.678823,17423549022.01081,5.855891080709413,6.114228308783602,6.235505105877778,6.435167443975188
211.2354565234818,16961764963.534727,17398066858.205215,5.952180200254585,6.1052861715007545,6.230792721128591,6.4305385660078525
212.7539871854806,17347561114.548466,17372245656.04769,6.0875628220710745,6.096225059726172,6.227796016276446,6.425847486855245
214.28343426941632,18039334934.382343,17346075365.904686,6.33031836327341,6.087041446867546,6.227533999285866,6.4210933738001215
215.8238762513255,21938937841.51681,17319538409.22051,7.698757276476222,6.077729164302014,6.238763235776359,6.4162753369499494
217.37539217139383,15479973013.19863,17292631522.03597,5.432193469708053,6.068287066649169,6.243352670996993,6.4113924471806545
218.93806163801148,15613901503.773518,17265358579.976627,5.479191321144127,6.058716513933853,6.23215015095482,6.406443790174442
220.5119648318579,15761899471.392467,17237714929.933907,5.5311263983270305,6.049015873298826,6.2218107151880275,6.401428462602194
222.09718251001587,15928099087.492378,17209694934.321648,5.589448752537606,6.039183166416431,6.212402664213129,6.396345548292155
223.69379601011508,16119070091.522392,17181292931.035114,5.656463820335911,6.029216406355016,6.204020057943868,6.391194115903003
225.30188725450574,16346261803.28155,17152503293.716873,5.736189368431997,6.019113618727281,6.196800632769448,6.38597321916818
226.9215387544619,16632441539.627377,17123320575.878265,5.836614846797825,6.008872892265029,6.190965662686713,6.380681897647612
228.55283361441502,17033350155.845888,17093740059.089897,5.977300697161713,5.9984925711888,6.186929504500049,6.375319179200139
230.19585553621832,17751334563.768887,17063750899.558722,6.229253992477284,5.98796885022182,6.185746049942628,6.369884066618476
231.85068882344135,22172905739.302162,17033335366.778831,7.780860706849599,5.977295507419236,6.197439495186643,6.364375505504264
233.51741838569555,15174840888.320002,17002489299.107927,5.325117266490478,5.966471082387927,6.202434295533608,6.358792401941274
235.19612974299116,15324546651.911884,16971214661.450987,5.377651639171109,5.955496264647439,6.190330260303853,6.353133672145487
236.88690903012514,15491562168.515696,16939505220.333246,5.436260307148862,5.944368866762377,6.179189000114435,6.347398237022177
238.58984300110075,15681627051.491037,16907354133.796268,5.502957401209631,5.933086487769773,6.169097597322008,6.341585000187482
240.30501903357893,15904388373.477957,16874754535.79948,5.581128247991414,5.9216467182558175,6.1601803316160595,6.335692846640826
242.03252513336167,16178074091.80121,16841699640.995316,5.677169356755642,5.910047177123285,6.152629360275675,6.329720643171942
243.77244993890756,16543855898.871817,16808183071.113302,5.805528594979946,5.8982856261254355,6.146782558111595,6.323667239840162
245.52488272587985,17129018856.424118,16774194977.365192,6.010872518643147,5.88635860915009,6.143394186898665,6.317531462532187
247.2899134117272,18820596342.744164,16739719522.122843,6.604476665553361,5.874260568496335,6.145746039422988,6.31131208967538
249.06763256029734,14803664852.253029,16704746808.755272,5.194865098898456,5.861988031263143,6.142209949184085,6.305007852900052
250.85813138648365,14964038907.377901,16669274910.164312,5.251143161800577,5.849540321198037,6.129136555471912,6.2986174724402355
252.66150176090665,15143667007.530338,16633298676.976362,5.314177806098223,5.836915631295694,6.1170978452427445,6.29213966904361
254.47783621462517,15349220040.887243,16596809853.809753,5.386309963210384,5.8241110645981955,6.106191915432111,6.285573148171552
256.3072279438879,15592178609.360611,16559800129.690067,5.471568377288067,5.8111237046391535,6.096560811915797,6.278916592353298
258.14977081491105,15895048728.662436,16522261254.415274,5.577850803157821,5.797950656278278,6.088429480197397,6.272168661526116
260.0055593686991,16311981615.165918,16484185488.588072,5.724159850430685,5.784589203625595,6.082211265037634,6.26532799478717
261.87468882589127,17034285775.313663,16445560100.274887,5.9776290224087045,5.771034878822773,6.078927459828555,6.258393199455564
263.75725509165153,20730417471.957912,16406366578.223219,7.274666326580535,5.757281185947313,6.086744184184214,6.251362824633623
265.65335476058544,14504668343.534843,16366597076.596527,5.089941990780658,5.743325371757853,6.088047784671516,6.244235374376378
267.56308512170034,14686256987.137774,16326248892.277088,5.153664624089639,5.729166487683071,6.07430550047576,6.237009347735837
269.48654416339343,14892765983.05782,16285312764.474945,5.226132245197012,5.714801283949684,6.061727498258142,6.229683235196226
271.42383057848343,15134463745.686357,16243778697.288877,5.310948220436396,5.7002262528209995,6.050447325349865,6.222255500647039
273.3750437692705,15430750684.225378,16201636662.698084,5.414920492953872,5.685437875289002,6.040670756605553,6.2147245798528346
275.3402838526408,15825691830.479307,16158876903.871712,5.553512253661102,5.670432727510975,6.032759253228578,6.2070888814526235
277.31965166519916,16458264583.484264,16115486260.916426,5.775493104342104,5.655206191450016,6.027526808506257,6.199346779496556
279.31324876844724,18397143996.36611,16071446440.364855,6.45587982570318,5.639751847608242,6.028798126405119,6.191496592617277
281.3211774539906,14106285206.246902,16026745186.33647,4.950142375175889,5.624065395182665,6.024125762248095,6.183536587174213
283.3435407487913,14299621237.906734,15981376222.167088,5.017987372563569,5.608144631581966,6.009333614919055,6.17546500798732
285.38044242045015,14520624969.214329,15935329653.529272,5.095541450013615,5.591986084713471,5.995786200778015,6.167280084451504
287.43198698253525,14781282421.873957,15888593424.42196,5.1870107123282905,5.575585523915397,5.983633938151715,6.15898001634534
289.49827969994016,15104989344.181816,15841155392.605053,5.300605137070553,5.55893868826317,5.973113511268429,6.150562968660708
291.57942659428966,15547986281.506683,15793003752.37798,5.456060515964626,5.542041434929834,5.964657282308145,6.142027072726058
293.675534449375,16310698664.244946,15744122192.692259,5.723709640497572,5.524888040082987,5.959333322216112,6.133370416237722
295.7867108166378,20541600513.78674,15694489379.062614,7.208407151175445,5.50747101707834,5.966578821828497,6.1245910200946065
297.91306402068363,13774039949.238195,15644093384.826458,4.833551699344262,5.489786180641244,5.967292126462004,6.115686850419574
300.0547031648451,13990938105.349083,15592926080.32617,4.909665058599649,5.471830677932548,5.9517090075543555,6.106655852244162
302.2117381367749,14243377970.210224,15540973246.538063,4.998250625526896,5.453599519247971,5.937519204035243,6.097495943999087
304.3842796140894,14549777002.261915,15488220278.44784,5.1057714086456345,5.4350875794323725,5.92492643228998,6.088205001782832
306.57243907004215,14950627589.009327,15434652591.884323,5.246436895452449,5.4162897406448245,5.914278731632622,6.078780859056126
308.77632877924896,15566863920.153545,15380252942.145153,5.462685009773081,5.397199951417442,5.906322787616513,6.069221300636467
310.99606182344337,17174482254.54456,15324999564.604464,6.02682642077011,5.377810574162073,5.904039019672368,6.059524045452933
313.23175209728413,13301174788.98894,15268874402.704731,4.667615038255233,5.3581152725166445,5.896084188141764,6.04968674553073
315.48351431419394,13524739219.699488,15211864749.729944,4.746067709944607,5.338109587472109,5.879170340214903,6.03970700956367
317.7514640122508,13784965049.172426,15153955441.970665,4.837385508128556,5.317788197817421,5.863704814976895,6.029582410680486
320.03571756011064,14100718006.905685,15095128832.975843,4.9481887474867365,5.297144911104048,5.849897258054649,6.019310474622234
322.3363921629838,14513463541.789661,15035367167.896639,5.093028379786884,5.276173496844776,5.838105105623985,6.008888673970761
324.6536058686436,15147505727.690887,14974649981.30217,5.315524880190044,5.254866773361711,5.8290951666979085,5.998314421846173
326.98747757348826,16819559705.032337,14912952505.52257,5.9022778860880045,5.233216049246001,5.825978065589904,5.987585055236239
329.33812702863656,12879503707.595633,14850253591.01415,4.519643275464921,5.211213902752592,5.817194809315868,5.9766978344427635
331.7056748460776,13120403459.070255,14786536638.791641,4.604179214623147,5.188854509007028,5.799341749573797,5.965649964567535
334.0902425048538,13404154674.165194,14721782368.242197,4.7037524823766645,5.166131102104801,5.783052404682528,5.954438600897239
336.49195235729957,13755268131.460316,14655969239.517218,4.82696433993087,5.143036123336035,5.768579815428447,5.943060837284681
338.9109276353137,14232255553.24518,14589075646.34683,4.994347574742934,5.119561990682467,5.756380929298621,5.931513701238052
341.34729245668814,15043901809.682686,14521075752.178385,5.279168452025702,5.0956996376455646,5.747574638450355,5.919794144103934
343.80117183147047,19831606463.90222,14451939165.47391,6.959257812347411,5.071438399302723,5.752903637140842,5.907899020222062
346.2726916683841,12516625001.593985,14381643269.80576,4.392302786217457,5.046770339153638,5.751741245841612,5.895825096451914
348.7619787812831,12789672007.212975,14310167678.218964,4.488119759514643,5.021688303058984,5.733088421860477,5.883569078336268
351.2691608956644,13120631019.0484,14237486163.811964,4.604259069402365,4.9961830875399675,5.716208872301687,5.871127601890436
353.794366655216,13551835149.886974,14163572224.897112,4.755576146095925,4.970245392690543,5.701472470475291,5.858497219380251
356.337725628423,14209450378.356833,14088396443.937824,4.986344839725346,4.9438648953822435,5.689665106785415,5.845674392526718
358.8993683152106,15923767494.55566,14011925193.675125,5.5879287207620845,4.917029795221329,5.683954848249372,5.832655475998858
361.47942615364536,11955944445.652647,13934127890.616247,4.195550165784595,4.889729359924897,5.672650872146349,5.819436716091316
364.07803152667356,12231084701.726507,13854977213.841633,4.292101697303667,4.86195400210409,5.652329657685657,5.806014268006812
366.6953177689198,12563373133.287348,13774442745.470001,4.408707523841303,4.833693047591974,5.6338139841581985,5.792384197508273
369.3314191735225,12992885243.312649,13692491870.79055,4.559430840816767,4.804935051315688,5.617463798705171,5.778542468987234
371.9864709990302,13635023853.939035,13609089090.836115,4.7847685183642605,4.77566755606633,5.604022634360836,5.764484934218514
374.66060947633594,15173097962.27929,13524194648.734615,5.324505643237099,4.7458766104616394,5.596221896297284,5.750207316124914
377.3539718156733,11432826007.219084,13437770676.96965,4.011978749818961,4.715548926127333,5.582988836392631,5.735705204753665
380.06669621365035,11721367889.524221,13349782079.905048,4.113233146545546,4.684672187390413,5.561365417127846,5.720974070807577
382.79892186034687,12073249177.547462,13260190788.8978,4.236714449341263,4.653233035297749,5.541648462199303,5.706009266789252
385.5507889464501,12536098548.042593,13168956092.727514,4.399136394503466,4.621217183569554,5.524246304755719,5.69080601467036
388.32243867045383,13258006428.821499,13076033388.418087,4.652466505115051,4.5886089802408465,5.510050830525045,5.675359391429164
391.1140132458974,15416537072.946487,12981373429.20382,5.409932687981323,4.555391143759598,5.503258921950736,5.659664309803773
393.9256559086688,10947650932.664288,12884930165.967157,3.841722324344929,4.52154751468448,5.490738350488645,5.643715517089177
396.7575109243476,11263270815.982203,12786658708.517996,3.95247886556162,4.487062340262091,5.468073192549848,5.627507608345185
399.6097235956138,11658276317.068441,12686509398.75692,4.091093209505883,4.451918194596202,5.447504666142688,5.611035019501746
402.48244026969815,12205259978.697233,12584429367.14696,4.283039349993563,4.4160965248409365,5.429581019910244,5.594292009722053
405.3758083458938,13191472053.480936,12480360850.296747,4.629118428285204,4.379577060811257,5.415742694667332,5.577272643673159
408.2899762831188,10210764840.488153,12374243395.687222,3.5831360971968005,4.342338588660148,5.397088019385946,5.559970775387123
411.2250936075334,10508340680.331987,12266018774.343864,3.687560667741226,4.304360674821297,5.372031611015308,5.542380050139026
414.18131092021247,10872862589.22987,12155626629.590534,3.8154777856452595,4.265622139080645,5.348984624193173,5.524493907616641
417.15877990487274,11354788194.603422,12043001460.502209,3.984593915509518,4.226099996017171,5.328379015735761,5.506305566668912
420.1576533356557,12113099363.584301,11928072201.649567,4.250698577102429,4.185769307527895,5.3111642735197355,5.487808001717219
423.1780850849665,14529967805.150127,11810761662.976671,5.098820014667166,4.144602986271165,5.302133622176584,5.468993917054151
426.22023013136896,9784604349.612427,11690994370.474144,3.433588922042885,4.102574547096102,5.287356100056761,5.449855739753303
429.28424456753794,10137805594.815708,11568693154.666418,3.5575334209157266,4.0596569098830635,5.261872681000234,5.430385623633292
432.37028560826803,10597579273.723913,11443773558.485275,3.7188760520675572,4.015820437168596,5.238781660752214,5.410575430675259
435.4785115985405,11290528820.911074,11316144511.218151,3.962044176576415,3.9710331706456894,5.218898062625357,5.390416700486208
438.6090820216479,13016561417.739372,11185707419.52725,4.567739224817105,3.9252605121864734,5.205343659042154,5.369900619595993
441.7621575073773,9076220496.26617,11052362334.35911,3.185004629362711,3.8784673879187226,5.1864050811024365,5.3490180043766475
444.93789984025193,9431230878.301609,10916005944.2316,3.309583986014508,3.83061754403514,5.158826250643586,5.327759294514357
448.1364719678326,9895036427.304096,10776526364.905584,3.472341470950528,3.781671718397951,5.133684221689854,5.306114528533844
451.3580380090786,10597113216.398363,10633802217.850157,3.718712504394819,3.731587317156224,5.111811675685842,5.284073304405733
454.6027632627684,12368992550.907349,10487701874.177872,4.3404959753235905,3.6803181494295103,5.096434143741956,5.261624736528857
457.8708142159812,8374057878.296226,10338089357.200663,2.938603477063719,3.6278164986180244,5.0756756416987985,5.238757426228271
461.1623585526398,8743465675.503498,10184821711.150976,3.0682351386911404,3.574032199040838,5.046203071157196,5.215459440760835
464.4775651621137,9236822051.101685,10027743524.738102,3.241362525895127,3.5189107141559437,5.01930405732315,5.191718272359286
467.81660414788564,10021962693.255943,9866685120.319086,3.516882119209422,3.462392501108633,4.995981052444853,5.167520779704533
471.17964683627906,12646377315.289032,9701461678.466793,4.43783514409255,3.4044127035271092,4.981515577198219,5.142853123534639
474.56686578524915,7671183722.430406,9531880113.728662,2.6919526336633193,3.344903564346575,4.961321012040955,5.117700718214184
477.9784347932366,8071191270.720813,9357732895.816067,2.8323222835202273,3.283792257556438,4.930043296216458,5.092048185615239
481.41452890808546,8631768109.425343,9178789796.504307,3.029038507759375,3.220997992043064,4.901609274103992,5.065879273617569
484.8753244360247,9647212202.215284,8994798980.629513,3.38537561280497,3.156432394439687,4.877517093133971,5.0391767579769375
488.36099895071436,6616229291.341898,8805487730.897087,2.3217506593761286,3.089999763474379,4.848701183353993,5.011922350117716
491.8717313023573,6959686316.738507,8610559975.560322,2.4422757409698788,3.021596202389202,4.813617966337199,4.984096601847163
495.4077016268755,7416794919.519945,8409689166.15945,2.602683150263134,2.9511071196141847,4.781032789091299,4.955678787437961
498.96909135515324,8123970859.180872,8202510892.537172,2.8508435648895265,2.878404637247016,4.7518190842575265,4.926646751179444
502.55608322234616,9987779489.409481,7988618925.5761,3.504886634685636,2.803346202380348,4.729447747765387,4.896976728820692
506.16886127725735,5843680926.788011,7767567384.427548,2.050649916669077,2.725775347620315,4.7016499240594385,4.866643167140706
509.80761089178105,6237021739.108242,7538856904.81277,2.1886800921890095,2.6455168373013436,4.664927163831224,4.835618516830616
513.472518770414,6810293425.183704,7301917029.196321,2.389851160563125,2.5623704878897717,4.631140765509825,4.8038729498184995
517.1637729598355,7943460913.106107,7056099715.0330925,2.787499465423162,2.4761088899141086,4.602098768777835,4.771374020563239
520.8815628585555,4677280394.9133005,6800670894.206967,1.6413395550223568,2.3864744460243257,4.568107110710876,4.738086294881668
524.6260792266336,5020929909.346305,6534783952.145744,1.7619321843880316,2.2931700643491038,4.527337359368592,4.703970896639198
528.3975141954656,5513444163.133009,6257450238.554065,1.9347640563090696,2.1958488101958764,4.489235691560494,4.66898492107543
532.1960612776436,6404898752.002901,5967501423.878717,2.247591074293624,2.094100696275647,4.455133567187934,4.633080688856126
536.0219153768832,18174155333.47248,5663544206.010599,6.377629201018181,1.9874367884919575,4.4532115071673415,4.596204803679002
539.8752727980255,3697457688.205162,5343919776.008871,1.2975026178188203,1.875274981754041,4.444325134357186,4.558297009123928
543.756331257109,4122869049.918648,5006590485.893358,1.4467869104380167,1.7569002297215692,4.400630097422979,4.51928867710292
547.6652898915138,4891226025.882502,4648984291.732871,1.7164168215287356,1.631409957161698,4.360538973968006,4.479100646357405
551.6023492701808,9172432533.047316,4267833176.5127215,3.21876711702753,1.4976573597052627,4.333651873622101,4.43764030016493
555.5677114039012,2146829240.2640042,3858922420.501067,0.7533599554467637,1.354163418429915,4.300196866958531,4.394797655807964
559.5615797556832,2480125865.000445,3416629535.993796,0.8703195746156939,1.1989551039922737,4.250581289055743,4.350439731335728
563.5841592511906,3138786161.8693547,2928265231.637492,1.1014550010377289,1.0275795219611612,4.204150013996921,4.304389671849625
567.6356562892583,7553337660.09244,2376579343.550481,2.650598387779474,0.8339832879082241,4.171074136990209,4.256398376371245
571.7162787524823,0.0,1747901628.5842688,0.0,0.613369274248211,4.130528183210236,4.206143150046499
575.8262360178859,0.0,999893513.2113881,0.0,0.35088013449630745,4.0717753541625585,4.153165848708805
579.9657389676634,0.0,0.0,0.0,0.0,4.013858228145582,4.096577550689112
584.1350000000001,0.0,0.0,0.0,0.0,3.95676491807971,4.0383076370508215
