R_kpc,Sigma_bar,Sigma_eff,kappa_bar,kappa_eff,kappa_bar_mean,kappa_eff_mean
1.0,39625486921.47069,39628094602.9443,18.25958847661102,18.260790107033397,0.0,0.0
1.0120606264911474,39625531510.19401,39628138064.72167,18.25960902327939,18.2608101344004,0.43260257796368945,0.43263104055068224
1.0242667116936537,39625580610.813156,39628182589.16074,18.259631649048032,18.260830651446316,0.8549565381213131,0.8550127577215129
1.0366200099307066,39625619176.34126,39628228202.35552,18.259649420203097,18.260851670195372,1.2673046552015093,1.2673879880728731
1.0491222966837304,39625666283.925674,39628274931.193726,18.259671127573085,18.260873203037537,1.669883975280787,1.6699938152216192
1.0617753688475675,39625714621.109604,39628322803.18451,18.259693401547622,18.260895262649143,2.0629259917455327,2.0630617061463252
1.0745810449887383,39625764316.81134,39628371846.57648,18.259716301532787,18.26091786204727,2.446656674520625,2.446817644262945
1.0875411656068144,39625814844.46308,39628422090.33793,18.259739584883963,18.260941014580624,2.8212966377068924,2.821482259348173
1.1006575933989453,39625865843.24486,39628473564.04352,18.25976308533381,18.26096473387733,3.1870612638237423,3.1872709543839854
1.113932213527575,39625920606.20778,39628526297.990166,18.259788320333918,18.260989033898333,3.544160848718726,3.5443940293970053
1.127366933891388,39625973255.2474,39628580323.292946,18.25981258122941,18.261013928981594,3.8928006915434286,3.8930568023650816
1.1409636853995222,39626027282.43896,39628635671.85708,18.259837477183027,18.261039433829165,4.233181214827204,4.233459727259712
1.1547244222490889,39626084649.88922,39628692376.42627,18.25986391234169,18.26106556352948,4.5654981224532865,4.565798509291933
1.1686511222060412,39626144358.48786,39628750470.53534,18.259891426311217,18.26109233353553,4.889942486889399,4.890264217427874
1.1827457868894284,39626200933.043915,39628809988.50446,18.25991749610094,18.261119759662186,5.206700818267187,5.207043394238286
1.19701044205908,39626262394.61887,39628870965.5942,18.259945817849218,18.261147858157663,5.515955222298031,5.516318163146379
1.2114471379067577,39626325515.32093,39628933438.00533,18.25997490413013,18.261176645703436,5.817883516079186,5.818266333135615
1.2260579493508208,39626390953.60426,39628997442.828384,18.260005058362093,18.261206139390964,6.112659290004126,6.113061500976479
1.2408449763344431,39626455118.3587,39629063018.047485,18.260034625746666,18.261236356723497,6.400452005651852,6.400873151031075
1.2558103441274293,39626524037.568794,39629130202.56137,18.260066384004094,18.26126731562573,6.681427123369996,6.6818667526933275
1.2709562036316695,39626590396.16889,39629199036.30259,18.260096962321835,18.261299034498748,6.955746175992117,6.956203855521405
1.2862847316902777,39626661616.37685,39629269560.26364,18.260129780888608,18.261331532232067,7.223566870416929,7.224042182117056
1.3017981314004599,39626735561.947235,39629341816.47487,18.260163855313678,18.261364828193436,7.485043205725898,7.485535718804527
1.3174986324301545,39626807994.480606,39629415847.99875,18.260197232525027,18.261398942226233,7.740325497620953,7.7408348041609445
1.3333884913384921,39626885641.40006,39629491698.959045,18.260233012547076,18.26143389466286,7.989560514501486,7.9900862154494146
1.34946999190012,39626960691.85407,39629569414.62628,18.26026759610709,18.261469706364174,8.232891541171064,8.233433253004977
1.3657454454334392,39627041074.41095,39629649041.47303,18.260304636722193,18.261506398744917,8.47045846891738,8.471015822622084
1.3822171911327976,39627124745.246574,39629730627.16447,18.26034319258976,18.261543993769408,8.70239790654952,8.702970515990405
1.3988875964046932,39627206134.83496,39629814220.56333,18.260380697249154,18.261582513953794,8.928843184695486,8.929430689224947
1.415759057208029,39627293127.89099,39629899871.75374,18.26042078400964,18.261621982377044,9.149924488220066,9.150526539535827
1.4328339983984741,39627378428.231606,39629987632.07507,18.260460090759853,18.261662422696563,9.365768920391451,9.366385180081888
1.4501148740769754,39627468998.273766,39630077554.25338,18.260501825810366,18.261703859208726,9.576500571818542,9.57713071305183
1.467604167942475,39627562086.29485,39630169692.427826,18.26054472115599,18.26174631686109,9.78224061584842,9.782884301014755
1.4853043936488803,39627656374.9362,39630264102.07823,18.26058816975241,18.26178982121898,9.98310733284998,9.983764236580067
1.5032180951663396,39627755929.476234,39630360840.04753,18.260634044896747,18.26183439847586,10.179216216094499,10.179886010406689
1.5213478471468749,39627851661.58541,39630459964.69158,18.260678158649114,18.261880075522345,10.370679994761524,10.371362377601995
1.5396962552944244,39627954624.783104,39630561535.93191,18.26072560451702,18.26192687997053,10.557608738660882,10.558303422548748
1.5582659567393489,39628058569.27669,39630665615.20083,18.260773502570135,18.26197484012868,10.740109935507236,10.74081662219612
1.5770596204174525,39628164557.97738,39630772265.51402,18.26082234260235,18.262023985034677,10.918288498364857,10.919006907851347
1.5960799474535783,39628273473.048805,39630881551.53846,18.260872531118316,18.262074344487328,11.09224686533129,11.092976725508226
1.615329671549826,39628385738.02868,39630993539.62906,18.260924263285972,18.26212594906326,11.262085054674554,11.262826094746838
1.6348115593784562,39628500453.72279,39631108297.875275,18.2609771247529,18.26217883013837,11.42790071241115,11.428652666238346
1.65452841097953,39628618999.733,39631225896.12767,18.261031751245344,18.26223301990009,11.589789173845615,11.590551777887741
1.6744830601633456,39628745472.14637,39631346406.04464,18.26109003025719,18.262288551368904,11.747843545597167,11.748616509646915
1.6946783749177292,39628861434.63432,39631469901.23153,18.261143466251884,18.26234545846246,11.902154649407134,11.902937737030113
1.7151172578202367,39628989459.09052,39631596457.26827,18.261202460451493,18.262403776008306,12.052811179203564,12.053604183362387
1.7358026464553273,39629118705.26616,39631726151.65853,18.26126201762448,18.262463539720446,12.199899790542155,12.200702470790123
1.7567375138365704,39629251834.39522,39631859063.9256,18.261323364078486,18.26252478624355,12.343505041748882,12.344317170083235
1.7779248688339402,39629387660.62478,39631995275.723816,18.261385953367572,18.26258755320427,12.48370949573932,12.484530849258594
1.7993677566062685,39629526965.02088,39632134870.886795,18.261450145410205,18.26265187923348,12.620593757220574,12.6214241210524
1.8210692590389104,39629669769.66889,39632277935.47781,18.261515950383412,18.262717803989503,12.754236525589242,12.755075689268304
1.8430324951866892,39629816847.99441,39632424557.85411,18.261583724684915,18.262785368187718,12.88471464007935,12.885562394028168
1.8652606217221832,39629967296.389404,39632574828.7216,18.261653051928388,18.262854613625784,13.012103118700441,13.012959255951337
1.88775683338942,39630122561.024536,39632728841.20578,18.261724598515265,18.26292558321631,13.136475205189688,13.137339519287977
1.9105243634630407,39630278519.04608,39632886690.935265,18.26179646461747,18.26299832102537,13.25790239321576,13.258774694031263
1.9335664842130058,39630439860.82207,39633048476.12312,18.261870811576017,18.263072872309944,13.376454486020583,13.377334597032863
1.9568865073748998,39630607691.16384,39633214297.63822,18.261948148492554,18.263149283550828,13.49219966459881,13.493087392145057
1.9804877846259143,39630776005.83589,39633384259.06988,18.262025708590482,18.263227602482406,13.605204467638503,13.606099629412613
2.0043737080665673,39630952979.26084,39633558466.81482,18.26210725867761,18.263307878132732,13.715533869717298,13.716436283336947
2.0285477107082346,39631129077.51206,39633737030.14129,18.26218840548106,18.263390160853064,13.823251298048342,13.824160790234592
2.0530132669665586,39631310659.71762,39633920061.290016,18.262272079313377,18.263474502364392,13.928418660330518,13.929335084711411
2.0777738931608125,39631499638.47295,39634107675.61849,18.26235916150646,18.263560955823934,14.031096442565362,14.032019635274093
2.102833148019282,39631691289.74232,39634299991.65119,18.26244747520508,18.263649575848248,14.131343682168993,14.132273479098947
2.1281946331907466,39631892247.059494,39634497131.14731,18.26254007716907,18.263740418544483,14.229218028650354,14.23015425597764
2.153861993762124,39632091571.548065,39634699219.22746,18.26263192671888,18.263833541568737,14.324775741622053,14.325718241459734
2.1798389187823672,39632305787.389046,39634906384.43581,18.262730638265545,18.263929004154686,14.418071779192537,14.419020379211092
2.206129141792668,39632508547.855156,39635118758.87025,18.26282407112803,18.264026867173595,14.509159742393827,14.510114312606637
2.232736441363065,39632727402.42487,39635336478.41473,18.26292492022011,18.264127193241347,14.598091970682427,14.599052415576677
2.2596646416355184,39632952654.174255,39635559682.78896,18.263028717159074,18.26423004674136,14.684919659731365,14.685885822723911
2.2869176128735367,39633182350.29024,39635788515.52027,18.263134562080573,18.264335493811625,14.769692728958232,14.77066445872705
2.314499272018431,39633414787.61272,39636023124.10425,18.263241670161374,18.26444360241872,14.8524598951518,14.853437067048514
2.3424135832522777,39633652118.13849,39636263660.21988,18.263351033050522,18.264554442456948,14.933268723489107,14.93425123796409
2.3706645585676736,39633899645.79426,39636510279.96256,18.2634650948194,18.264668085855718,15.012165693045313,15.013153435930926
2.399256258344359,39634153684.87834,39636763143.95925,18.263582157081412,18.264784606632592,15.089196190262275,15.090189026309018
2.4281927919327986,39634414983.272064,39637022417.42585,18.26370256446337,18.26490408091974,15.164404510404369,15.165402301450612
2.4574783182447963,39634681829.32024,39637288270.19736,18.26382552822747,18.265026586977843,15.237833893960502,15.238836506171914
2.4871170463512398,39634952838.69346,39637560876.93137,18.263950410468997,18.26515220528984,15.309526540085868,15.310533862622657
2.5171132360870474,39635231260.98266,39637840417.419075,18.264078708612907,18.265281018704247,15.379523658495543,15.380535594569249
2.547471198663417,39635519006.95907,39638127076.707794,18.264211303150493,18.265413112491647,15.447865510697447,15.448881951104978
2.578195297287452,39635815079.310135,39638421045.239136,18.264347734516004,18.265548574408317,15.514591409223382,15.515612229799912
2.6092899477892684,39636117998.366684,39638722519.035866,18.26448732087176,18.265687494782362,15.579739721684197,15.580764799304086
2.6407596192566607,39636423375.02881,39639031699.916824,18.264628039702338,18.265829966612735,15.643347874562677,15.64437712141742
2.6726088346774195,39636741130.71492,39639348795.6787,18.26477446283844,18.265976085653016,15.70545243830841,15.706485772638867
2.7048421715894047,39637064538.70736,39639674020.30729,18.264923490580703,18.266125950508737,15.766089133845561,15.767126465207218
2.7374642627384485,39637399832.088394,39640007594.211525,18.26507799515925,18.26627966274526,15.825292833535135,15.826334067645824
2.770479796744201,39637741013.59155,39640349744.41549,18.26523521300886,18.26643732697621,15.88309758443654,15.884142624822895
2.803893518774003,39638091361.54256,39640700704.8203,18.265396654795598,18.266599050984198,15.939536612435202,15.940585377539032
2.837710231224885,39638453778.97059,39641060716.4708,18.265563658247334,18.266764945843686,15.994642389965332,15.995694781653553
2.8719347944137956,39638823772.899345,39641430027.77086,18.26573415298198,18.2669351260202,16.04844661121013,16.049502526760357
2.9065721272761507,39639201031.84764,39641808894.75279,18.265907995467717,18.2671097094945,16.10098019337188,16.102039554423914
2.941627208072808,39639589954.02555,39642197581.342766,18.266087212417965,18.267288817884847,16.15227334363108,16.153336075986182
2.977105075105571,39639985174.20882,39642596359.74004,18.26626933151516,18.267472576621795,16.202355547908024,16.203421589955127
3.013010827441318,39640396328.58952,39643005510.77372,18.266458793156527,18.267661115112553,16.251255617353277,16.252324898985346
3.0493496256448713,39640815383.44215,39643425324.115105,18.26665189536807,18.26785456683886,16.299001688698834,16.30007412645943
3.086126692520694,39641247907.74064,39643856098.56933,18.26685120435605,18.268053069491355,16.345621219058,16.346696732679273
3.123347313863546,39641688776.13066,39644298142.4777,18.267054358335965,18.268256765154995,16.391141017107596,16.392219530677583
3.161016839218183,39642143258.57272,39644751774.14546,18.26726378572744,18.26846580050615,16.43558725750838,16.436668701659283
3.1991406826482205,39642607441.47215,39645217322.24665,18.267477683129844,18.268680326999174,16.47898550189996,16.480069810081645
3.237724323514275,39643086306.13349,39645695126.20568,18.267698345948936,18.268900501042253,16.52136071244025,16.522447818381487
3.2767733072614837,39643578139.77419,39646185536.60464,18.26792498492743,18.269126484185055,16.56273727751161,16.56382710135765
3.3162932462165258,39644080400.69566,39646688915.67166,18.268156428840086,18.269358443343812,16.603138984441152,16.604231460217715
3.356289820394258,39644595674.61192,39647205637.76986,18.26839386919463,18.269596551026588,16.64258905739971,16.64368413629726
3.396768778314074,39645126954.44373,39647736089.89009,18.268638685141347,18.269840985560382,16.681110200800966,16.68220782445937
3.4377359378261105,39645672504.60487,39648280672.1892,18.268890076914914,18.27009193133912,16.71872458785905,16.71982468618239
3.4791971869474256,39646229194.30586,39648839798.58679,18.26914660183458,18.27034957909867,16.755453839855527,16.7565563623438
3.521158484708249,39646804211.04529,39649413897.3537,18.269411571929457,18.270614126188008,16.791319088306807,16.792423985707604
3.56362586200845,39647391710.22447,39650003411.71009,18.269682293984268,18.27088577684482,16.826340970989865,16.82744819312247
3.606605422484327,39648001387.57131,39650608800.54843,18.26996323583058,18.27116474252866,16.86053965826618,16.861649137437997
3.6501033433858567,39648620922.13049,39651230539.12655,18.270248719921163,18.271451242240296,16.893934827574736,16.89504649914642
3.6941258764645224,39649260374.00844,39651869119.786606,18.270543381994717,18.27174550285304,16.926545678551904,16.927659497756242
3.7386793488718437,39649918939.88577,39652525052.76727,18.27084685187835,18.27204775948698,16.95839100613431,16.959506902904696
3.7837701640687524,39650591851.43653,39653198867.05945,18.271156932307704,18.27235825590332,16.989489129429554,16.99060704521613
3.8294048027459335,39651280882.07729,39653891111.31615,18.27147444048049,18.272677244923635,17.01985791739871,17.02097782691268
3.875589823755259,39651993797.14111,39654602354.79628,18.27180295469433,18.273004988864795,17.04951486791983,17.050636732183776
3.922331865052462,39652722216.2312,39655333188.38168,18.272138613227686,18.27334176000759,17.07847706042919,17.079600837320573
3.9696376446511854,39653472210.17197,39656084225.66791,18.27248421354158,18.27368784109939,17.106761157586394,17.107886820621886
4.017513961588521,39654250175.55142,39656856104.13278,18.272842703210262,18.27404352589263,17.134383495348565,17.13551097207771
4.06596769690221,39655041534.60701,39657649486.37846,18.273207364740376,18.274409119717117,17.161359977300403,17.16248920283652
4.115005814619619,39655852638.41521,39658465061.43495,18.273581124734264,18.274784940080732,17.187706086020523,17.188837054462127
4.164635362758645,39656692538.94329,39659303546.17098,18.27396815437593,18.275171317319558,17.213437021445543,17.214569707986087
4.214863474340702,39657553267.05443,39660165686.823586,18.27436478145412,18.27556859530271,17.23856762875222,17.239701992761667
4.265697368415905,39658440553.43357,39661052260.63045,18.2747736466922,18.275977132184526,17.26311238963787,17.264248395125325
4.317144351100639,39659354493.14043,39661964077.573265,18.275194793894066,18.276397301207933,17.287085474318715,17.28822306687141
4.369211816627631,39660289431.580666,39662901982.27274,18.27562561739924,18.276829491577647,17.310500686757578,17.311639833545943
4.421907248408684,39661255341.33723,39663866856.0188,18.27607071261524,18.277274109395716,17.333371527958338,17.33451220256532
4.4752382201102385,39662249379.942986,39664859618.89996,18.276528769721438,18.27773157864274,17.355711217563343,17.356853371165425
4.529212396741896,39663264730.212616,39665881232.21455,18.27699664733061,18.278202342288964,17.377532609159367,17.378676234187136
4.583837535758073,39664318978.19888,39666932701.156,18.277482449168698,18.27868686353169,17.398848311390516,17.39999339170531
4.639121488172954,39665403989.10479,39668015077.462845,18.277982426687554,18.27918562701639,17.419670684928935,17.42081715650601
4.695072199688863,39666514737.11148,39669129462.33168,18.278494263969037,18.279699140179012,17.440011725863048,17.44115956141709
4.75169771183828,39667663266.65591,39670277009.81369,18.279023511139577,18.280227934811123,17.459883184943056,17.461032366499484
4.8090061631396015,39668853134.914116,39671458930.392715,18.27957180736063,18.280772568708688,17.47929661940874,17.480447066106194
4.867005790266854,39670062321.181335,39672676494.857666,18.28012900540023,18.281333627456505,17.49826321106555,17.499414895814816
4.925704929233514,39671316923.31029,39673931038.559746,18.280707131257007,18.281911726389932,17.51679390063207,17.517946839240047
4.9851120165906035,39672608317.40429,39675223966.0654,18.28130221100364,18.28250751273901,17.534899463869568,17.53605363473359
5.0452355906392325,39673943103.93355,39676556756.31768,18.28191728616415,18.283121668006817,17.552590410695228,17.553745781978847
5.106084292657776,39675316458.74617,39677930968.284195,18.282550133749353,18.28375491057209,17.569877011349963,17.57103354848838
5.1676668681438365,39676733698.3898,39679348247.13501,18.283203203646433,18.284407998535997,17.586769295773887,17.58792697601207
5.229992168071196,39678255423.91279,39680810331.127205,18.28390442106943,18.28508173289461,17.603277417909066,17.604435886864707
5.293069150161929,39679709179.14012,39682319059.25558,18.284574317498702,18.285776961064343,17.61941067293029,17.62056989018308
5.356906880173848,39681261219.24564,39683876379.73047,18.285289504006872,18.286494580788588,17.63517811302662,17.636338388122887
5.4215145332034815,39682870241.47655,39685484359.42557,18.286030948114405,18.287235544491306,17.650589251203243,17.65175058200669
5.486901395004776,39684526672.69734,39687145194.43381,18.286794238480816,18.288000864141207,17.665653098410388,17.66681547843548
5.5530768633236836,39686244214.700554,39688861221.91264,18.287585688948848,18.288791616710135,17.680378475411135,17.681541895377727
5.620050449248863,39688018709.06271,39690634933.37219,18.28840338329974,18.289608950296262,17.694774045498306,17.695938468251438
5.687831778578659,39689848953.19957,39692468989.70274,18.289246767377694,18.290454091048858,17.70884823754873,17.710013656016752
5.756430593204574,39691750636.93175,39694366238.22378,18.29012307111703,18.291328351024532,17.722609360377355,17.72377574729931
5.825856752511429,39693708703.30973,39696329732.040726,18.29102535621305,18.292233137106905,17.736065528397,17.7372328665674
5.896120234794399,39695742005.93167,39698362752.12556,18.29196231048187,18.29316996118145,17.7492246856096,17.75039298038899
5.967231138693149,39697846464.02486,39700468832.624565,18.292932053486517,18.29414045179742,17.762094667698552,17.763263903799345
6.039199684643272,39700031413.473816,39702651790.03576,18.29393888724125,18.2951463676129,17.77468315383065,17.775853306815307
6.11203621634521,39702295362.336395,39704915756.96962,18.29498212425294,18.296189612951913,17.786997683702417,17.78816872113891
6.1857512022509145,39704640225.07167,39707265221.41491,18.296062646712265,18.297272255898267,17.799045620799284,17.80021754710107
6.2603552370684294,39707083113.9451,39709705072.67785,18.297188340022007,18.29839654946452,17.810834258509818,17.812007060905977
6.335859043284609,39709612852.97834,39712240655.43818,18.298354054245074,18.29956495650123,17.8223707489076,17.823544422250045
6.412273472706223,39712247696.09034,39714877833.802895,18.299568200862904,18.30078017921318,17.833662114219624,17.834836682405378
6.489609508019627,39714996409.2317,39717623067.681854,18.300834819261837,18.302045194353592,17.84471535748501,17.845890792878656
6.567878264369249,39717852605.08584,39720483504.51084,18.302150966139944,18.303363295490474,17.85553732831662,17.856713614782954
6.647090990955133,39720835637.29847,39723467090.468704,18.30352555973732,18.304738144255943,17.866134785668457,17.867311929096044
6.727259072649714,39723946631.44021,39726582706.47271,18.304959118721563,18.30617383301346,17.876514439555006,17.877692448025773
6.808394031634124,39727208934.32136,39729840336.004944,18.30646240139955,18.307674962192912,17.88668297533144,17.887861827765782
6.89050752905422,39730614716.223114,39733251274.54007,18.30803179980443,18.309246736795806,17.89664700364697,17.897826683009583
6.973611366696582,39734190786.00538,39736828394.1164,18.30967966756987,18.3108950883107,17.906413083266315,17.907593603710062
7.057717488684729,39737942065.820435,39740586481.98761,18.31140827284403,18.31262683076533,17.915987790057308,17.917169174737023
7.142837983195795,39741896956.29783,39744542680.54396,18.313230702754616,18.314449863444118,17.925377726758864,17.926559999322343
7.228985084197899,39746061386.90204,39748717068.68396,18.31514968962342,18.316373438786652,17.934589526339497,17.935772727529095
7.3161711732084855,39750477969.074165,39753133444.807945,18.31718486897897,18.318408523194364,17.943629930788262,17.944814091500444
7.404408781073854,39755161381.03793,39757820404.690315,18.319343004607546,18.320568293718523,17.95250583417396,17.953690950040805
7.493710589770156,39760144778.03623,39762812864.189255,18.321639374582375,18.32286883973118,17.961224228942672,17.962410346351007
7.58408943422613,39765476731.22835,39768154275.74283,18.324096360694814,18.325330184295748,17.96979238849614,17.97097958482927
7.67555830416779,39771213079.46797,39773899972.58028,18.326739693719883,18.32797782519341,17.978217984090385,17.97940633644344
7.768130345985381,39777414514.00687,39780122440.47641,18.329597340437747,18.330845164169396,17.986509141490043,17.98769878870124
7.861818864622859,39784191378.01094,39786920094.10779,18.332720147436223,18.33397755111423,17.994674729185284,17.995865868865653
7.956637325490131,39791674276.5794,39794432951.27867,18.336168298085905,18.33743950681198,18.002724721468095,18.003917595574574
8.052599356398389,39800062860.10517,39802873397.92345,18.34003379211468,18.341328899580777,18.010670661325783,18.011865676118532
8.149718749518765,39809689660.85419,39812595306.52969,18.344469861767823,18.345808795328406,18.0185267276117,18.019724636050267
8.24800946336461,39821168453.006836,39824286435.40399,18.349759336729516,18.351196115930794,18.026311938002824,18.027514353595773
8.3474856247977,39835956831.546234,39835997228.13163,18.35657388280439,18.35659249771824,18.03405619407637,18.035247262038986
8.448161531058608,39860722529.756424,39842231290.19097,18.36798601910319,18.359465179332645,18.041833212684445,18.042894739298063
8.550051651821585,39865901785.02644,39842948913.316734,18.370372641380744,18.35979586304093,18.04958879757812,18.05039880036421
8.653170631274223,39855759950.75486,39842421068.012886,18.365699242147468,18.35955262973892,18.057133048558935,18.0577260719691
8.757533290222188,39875805897.03685,39841904127.08349,18.374936497211582,18.359314421217817,18.06455361343115,18.06487404464243
8.863154628219347,39878686478.3201,39841401329.48834,18.37626388099641,18.35908273000371,18.071922957791113,18.07184710312913
8.970049825723585,39866610635.80052,39840881786.24211,18.370699282753044,18.358843322324233,18.07906702622191,18.078649376243582
9.078234246278617,39872023243.11687,39840355280.33213,18.373193434619942,18.358600706220468,18.086006038921308,18.085284781101922
9.187723438722127,39872182894.97994,39839829371.78339,18.37326700285962,18.358358365383232,18.09281089905597,18.091757236613308
9.298533139420517,39858614241.7628,39839294294.10129,18.367014511264557,18.358111799371375,18.099380895807563,18.09807055622966
9.410679274530622,39859357166.37548,39838746788.243164,18.367356854002793,18.357859506404537,18.10572569484893,18.104228392166654
9.524177962288718,39878412186.08538,39838193705.324036,18.37613748599871,18.35760464350489,18.112028843216272,18.110234330051046
9.639045515327101,39854682801.833115,39837637142.595474,18.36520288746347,18.357348177094643,18.118155743150812,18.116091919250028
9.755298443018628,39866800874.12139,39837073728.49823,18.370786945359143,18.357088553545335,18.124075276845502,18.121804617905017
9.872953453849549,39857779555.92093,39836503490.69141,18.366629884571893,18.356825785602396,18.129870778569178,18.12737578408594
9.992027457820912,39868815473.81012,39835925204.083115,18.37171528123888,18.356559308738404,18.13554062772558,18.1328086897267
10.112537568878977,39865205263.65068,39835337837.515884,18.370051681446252,18.356288647791732,18.141116203032425,18.13810651693353
10.234501107374921,39885125601.32629,39834742963.42578,18.379231055544356,18.356014527347426,18.146649483972595,18.143272375462697
10.357935602554209,39878536259.60843,39834142231.77662,18.376194659591967,18.35573770771565,18.15212357326093,18.14830931898723
10.48285879507597,39868803557.58152,39833534441.17761,18.371709790191396,18.355457635290552,18.15737877260638,18.15322033118849
10.60928863956282,39871744232.85919,39832919331.38284,18.373064865537724,18.355174190149736,18.162472806334417,18.158008317111314
10.737243307181362,39867408035.48091,39832295292.32697,18.371066727828083,18.354886630368423,18.167438297537505,18.162676102721324
10.866741188253847,39878577869.35098,39831662835.63489,18.376213833533654,18.35459519170548,18.172323957067537,18.1672264411054
10.997800894901342,39852170421.274025,39831023496.21335,18.364045172097182,18.354300581452303,18.177009460439244,18.171662031329593
11.130441263718758,39874600203.7813,39830376705.40508,18.374380908766224,18.354002537569265,18.181563841168767,18.175985513719866
11.264681358482123,39862008556.84738,39829719751.47453,18.368578625712594,18.35369981047739,18.186062877381765,18.180199448071495
11.400540472888565,39859382929.817825,39829054144.78954,18.367368725903724,18.35339309616043,18.190372583880816,18.184306327113976
11.538038133329287,39892429886.232635,39828382987.4324,18.382596900278838,18.35308382407076,18.194747411933026,18.18830860974933
11.677194101695985,39857550744.48654,39827704141.205,18.36652444731534,18.352771008917834,18.19900636870219,18.192208701713835
11.818028378221166,39860647089.58217,39827013903.27611,18.367951255958467,18.352452944421678,18.202992174956005,18.196008919812314
11.960561204352672,39850004103.939575,39826313723.22987,18.36304692409798,18.35213029855668,18.206841906400335,18.199711513829257
12.104813065662881,39832978422.604904,39825606401.983185,18.355201419629577,18.351804361996937,18.210449188753056,18.2033187034939
12.250804694792999,39861944589.49135,39824890676.56504,18.368549149290022,18.351474552760184,18.214037691764258,18.20683266420823
12.39855707443289,39844828544.82382,39824163858.9689,18.360662005023613,18.351139632201875,18.217604354427916,18.210255498221503
12.548091440336803,39854805514.2425,39823427037.588905,18.36525943384991,18.350800101858532,18.22104843332873,18.213589249368763
12.699429284375467,39888985532.30334,39822682295.17061,18.381009727723924,18.350456921467938,18.22465274474444,18.216835930405605
12.852592357625056,39872721175.45537,39821928073.14876,18.37351504473191,18.35010937283677,18.228267808131555,18.21999750914399
13.007602673493352,39877776429.32037,39821164207.885895,18.375844526648503,18.349757380560206,18.231736735344622,18.22307589741966
13.164482510883603,39869639734.418335,39820390753.86598,18.372095103940705,18.349400969744682,18.235106225353377,18.226072961184858
13.32325441739661,39866483184.88,39819607260.255264,18.370640552841046,18.34903993264414,18.238334403336225,18.228990520004
13.483941212571365,39868890369.46178,39818813624.05399,18.371749793465334,18.348674221795864,18.241482191538356,18.231830347321
13.646565991164776,39852539598.05329,39818009976.06077,18.364215290285962,18.348303897472395,18.244478676258773,18.234594174723075
13.811152126471006,39854347468.80974,39817196376.86134,18.365048364617564,18.347928987591896,18.247325378621305,18.237283693815442
13.977723273680795,39855076061.73188,39816372067.570366,18.36538410325345,18.347549142456856,18.250118447831326,18.239900552287605
14.146303373281274,39862509802.501465,39815536712.53386,18.368809601785834,18.34716420739653,18.252890118845176,18.242446352831497
14.316916654496875,39870816926.83703,39814691127.76511,18.37263755908241,18.346774558433225,18.255682076264534,18.244922662828206
14.489587638771654,39859029618.884964,39813834738.0016,18.367205918762675,18.346379930483586,18.25838823266536,18.247331013793403
14.664341143293623,39859953578.57678,39812967287.49919,18.36763168321511,18.345980205699657,18.260971392210305,18.249672896432692
14.84120228456165,39848628004.95426,39812089334.75518,18.362412811986633,18.345575641439304,18.263436172638364,18.25194976781347
15.020196481995317,39849150524.889275,39811198614.27393,18.362653591336628,18.345165193752756,18.265783975722545,18.254163041072314
15.201349461588306,39859244410.81706,39810295882.912895,18.367304895774513,18.34474921140306,18.268134419434872,18.256314087729827
15.384687259605924,39872027482.9499,39809382669.63614,18.37319538835256,18.344328398943187,18.27055414193865,18.2584042593156
15.570236226327143,39851754284.9012,39808457607.06873,18.363853414733217,18.343902126281115,18.27287456940301,18.260434876126325
15.758023029831811,39860964959.4012,39807520658.9897,18.368097731687488,18.343470376726064,18.27508060019404,18.262407219560366
15.948074659833509,39835271982.78794,39806571269.55403,18.356258301660368,18.343032894142347,18.27714325320887,18.264322537408567
16.14041843155869,39871307779.62776,39805609481.21394,18.372863746081173,18.34258969809213,18.279215515752004,18.26618204511654
16.335081989672556,39857729045.15773,39804635723.97247,18.36660660900303,18.342140986722583,18.28135964426135,18.26798693192545
16.532093312252265,39863284447.754944,39803649363.99602,18.369166561526715,18.341686467960567,18.28340980413748,18.269738357753766
16.731480714808132,39846013875.97382,39802649878.766914,18.361208210526414,18.341225901027773,18.285346696330027,18.271437448730953
16.933272854353273,39848926993.96667,39801637578.24703,18.36255058736177,18.340759428755916,18.28715998835491,18.27308530317342
17.13749873352231,39851677378.85681,39800612430.72624,18.363817976109466,18.340287036532835,18.288961229930464,18.274682994884206
17.34418770473983,39855311757.726166,39799573193.90418,18.365492712943716,18.339808151901384,18.29075467790389,18.27623156523205
17.553369474439055,39866649646.23982,39798520233.54057,18.37071725892503,18.33932294340515,18.292587616122837,18.2777320261817
17.765074107331372,39852206262.609825,39797454064.09696,18.36406168793315,18.338831648110148,18.29435933341999,18.279185370532325
17.979332030727445,39867388555.2033,39796374020.15893,18.371057751235483,18.338333959390656,18.296094078350976,18.280592566699312
18.196174038910378,39856126353.31,39795279760.672554,18.365868081962276,18.33782972008762,18.297808257160092,18.281954554671206
18.415631297561585,39866593850.16515,39794171164.50553,18.37069154786275,18.337318874382767,18.299478196993753,18.283272249650828
18.637735348240156,39857880373.05295,39793048114.07413,18.366676341523846,18.336801368093024,18.301117519920513,18.284546543855278
18.862518112916142,39861425197.304955,39791910304.42417,18.368309811219547,18.33627706069425,18.302690191642352,18.2857783060508
19.090011898558522,39844486985.22858,39790757721.16879,18.360504612947608,18.335745945556916,18.304151824103418,18.286968382687373
19.320249401778593,39865860416.03998,39789590075.12662,18.37035357838046,18.335207889425046,18.30560429168267,18.288117598494978
19.553263713529255,39857375657.31663,39788406911.346634,18.366443766422343,18.334662682655328,18.307091725333873,18.289226754596914
19.789088323861044,39874064791.38223,39787208149.686615,18.3741341885154,18.334110288317895,18.30858952741933,18.290296630227814
20.027757126735455,39869453601.96936,39785993787.65332,18.372009333337374,18.33355070526385,18.31011707606722,18.2913279857123
20.269304424896426,39935050348.53391,39784763537.847984,18.402236585813718,18.33298380105865,18.311943629601615,18.292321561769814
20.513764934800466,39848784331.24461,39783516927.42013,18.36248484778863,18.332409357810835,18.313609113811548,18.293278077414836
20.76117379160629,39844580542.95644,39782253836.73309,18.360547724736062,18.331827320391344,18.31474398292615,18.294198231404494
21.011566554224647,39855546624.92234,39780974076.15706,18.365600940720384,18.331237601417964,18.315889374227506,18.295082704250643
21.264979210429043,39866389304.59516,39779677358.01212,18.370597292417003,18.33064006832661,18.317126671243958,18.295932157733915
21.52144818202804,39858088603.0234,39778363595.167946,18.366772294756583,18.330034680967255,18.318347903845257,18.296747235916797
21.78101033010006,39879882959.694855,39777032494.98835,18.376815224568954,18.329421304491937,18.31961484494111,18.297528565523045
22.043702960291224,39855361990.2489,39775683715.1092,18.365515860298224,18.32879978113785,18.32083537090754,18.29827675496034
22.309563828177094,39856051091.94504,39774317027.39699,18.36583340121362,18.328170005780123,18.321897715776725,18.298992395111704
22.578631144689147,39876433741.122574,39772932319.101135,18.37522581036641,18.327531926462825,18.32305055921531,18.29967606100409
22.85094358160664,39837197822.42174,39771529064.02485,18.357145736539206,18.3268853007123,18.324071225848023,18.300328310539715
23.126540277114675,39844595280.40513,39770107016.45126,18.36055451581345,18.326230015301185,18.32489544229084,18.300949684198685
23.405460841429427,39862374569.806915,39768666186.95798,18.368747286000136,18.325566075103694,18.325837902000174,18.301540708381015
23.687745362491093,39828102619.49336,39767206104.2921,18.35295462936335,18.324893262964537,18.326666302580133,18.302101894484924
23.9734344117255,39862077609.912544,39765726503.55572,18.368610445650994,18.32421145681766,18.327475688909896,18.302633737781065
24.26256904987534,39867952764.44152,39764227215.526955,18.371317741189046,18.323520578684924,18.32848250749597,18.303136719439685
24.555190832901552,39874235222.41792,39762707899.46412,18.374212723842458,18.32282047155114,18.32953185007346,18.30361130644191
24.851341817956033,39859485839.5908,39761168245.608246,18.367416147153293,18.322110992678102,18.330509425812657,18.304057951155425
25.15106456942623,39834848505.798965,39759607898.98487,18.35606316171008,18.3213919784921,18.33124851969325,18.304477091600496
25.454402165052805,39865776942.81042,39758026600.738304,18.370315113570584,18.320663309711367,18.332006262079542,18.304869152072364
25.76139820212097,39837589471.7745,39756424264.241196,18.357326210182915,18.319924946417657,18.332759079860505,18.30523454493374
26.072096803726463,39876269718.03401,39754800534.64187,18.37515022784792,18.319176725093847,18.333553526207,18.305573670359053
26.38654262511724,39804463946.47286,39753154500.87711,18.34206183093937,18.318418225918236,18.334144715364413,18.30588691211355
26.70478086011153,39872471324.148254,39751486203.74775,18.373399912214868,18.317649467692014,18.334705738821167,18.30617464015105
27.02685724759327,39839916571.52307,39749795833.3716,18.358398547384404,18.31687053802226,18.335443703263504,18.306437216925914
27.35281807808605,39825500511.95639,39748082544.73819,18.35175556743406,18.31608104752465,18.33590838087095,18.30667499269661
27.68271020040616,39840148566.58591,39746345767.287674,18.358505451670133,18.31528073328284,18.336364266788397,18.306888301705257
28.016581028395926,39847680501.05989,39744585518.8601,18.361976198268156,18.3144696035176,18.33693019163215,18.307077467277335
28.354478547738374,39826056467.886894,39742801583.37446,18.35201175422925,18.31364755865791,18.337404831063097,18.30724280398838
28.696451322853907,39841312586.95528,39740993443.619965,18.359041837076962,18.31281436037089,18.337834672019948,18.307384614948447
29.042548503880234,39861358783.21644,39739160768.306046,18.368279207332513,18.311969855996477,18.338447188546652,18.307503191460796
29.39281983373656,39842500932.737946,39737303177.4325,18.359589431734975,18.311113870429008,18.339050407269596,18.307598814042915
29.747315655272857,39870350075.657196,39735420287.87388,18.372422432125347,18.31024622712268,18.339689943118856,18.3076717524006
30.10608691850536,39850198319.81648,39733511732.20003,18.363136419578375,18.309366756764163,18.340354773875948,18.30772226575335
30.469185187939466,40030155437.55142,39731577153.94803,18.446061404696895,18.308475295093867,18.341882720693,18.307750603228158
30.8366626499808,39884543969.31947,39729616167.860466,18.37896303710687,18.30757166458358,18.34355129556523,18.307757004000045
31.208572120435743,39818285345.9209,39727628285.04202,18.348430789044347,18.306655639948314,18.34402641332092,18.307741696802466
31.58496705210235,39836455722.45355,39725613267.74828,18.356803773800568,18.305727111634457,18.344230540897083,18.30770490099153
31.965901542452947,39876759727.07015,39723570755.41899,18.375376026041074,18.30478591349435,18.344749746983844,18.307646827456455
32.35143034140928,39807629198.51152,39721499884.281395,18.343520392187216,18.303831647497933,18.345095717910244,18.30756767539046
32.74160885921138,39850119005.39106,39719400448.393166,18.36309987116267,18.30286421874613,18.345291722340697,18.307467633449868
33.13649317438156,39846949438.48467,39717272302.85322,18.361639321605907,18.301883560467914,18.345696224035617,18.307346883908263
33.53614004178425,39828189394.95057,39715114825.63339,18.352994615853397,18.300889386030143,18.345970926448633,18.307205600518834
33.94060690078302,39844552135.68994,39712927567.69445,18.360534634550014,18.299881488513666,18.34622718387988,18.307043947077336
34.34995188349621,39844054841.28139,39710710087.35514,18.36030547922708,18.29885966438994,18.34656342217324,18.306862078637046
34.764233823151955,39852299224.45701,39708461924.7659,18.36410452513732,18.29782370175838,18.346934268955955,18.30666014165601
35.1835122625439,39812853146.20799,39706182604.31021,18.345927608919972,18.296773381452923,18.347124450542616,18.306438274015548
35.60784746258914,39866421944.9879,39703871653.692604,18.370612333245152,18.295708485837864,18.347390260643248,18.306196605156103
36.03730041098919,39836636871.533714,39701528590.0726,18.35688724804691,18.294628792418308,18.34777687262321,18.305935256237394
36.4719328309954,39840138912.359055,39699152920.970825,18.35850100296242,18.29353407425772,18.348011944681176,18.305654340224372
36.91180719028024,39831381344.880486,39696744143.60889,18.3544654796001,18.292424099673738,18.34821235831261,18.305353961972603
37.356986709915475,39838445446.522125,39694301770.312836,18.35772064689152,18.291298643944184,18.348399297455117,18.305034218447375
37.807535373458514,39826927397.69813,39691825324.56486,18.352413082293094,18.290157487487676,18.348556887184255,18.304695199053906
38.26351793614863,39836099898.33343,39689314285.0461,18.35663980857242,18.289000390078325,18.348698616827885,18.304336985630925
38.724999934213855,41174476584.46768,39686768000.40378,18.97336932823569,18.287827051570076,18.356236262624957,18.303959651672862
39.19204769429011,39771019213.58895,39684185916.25276,18.326650359519963,18.28663721649996,18.3631503634785,18.303563262354363
39.66472834295417,39799893917.68033,39681567568.12604,18.33995594274566,18.28543067083966,18.36244417437551,18.303147875747406
40.143109816371364,39865859455.06746,39678912398.09167,18.370353135560343,18.28420715749182,18.36227362826085,18.302713542964153
40.62726087005974,39814309672.64189,39676219822.563255,18.346598782332705,18.28296640753742,18.36218196796955,18.302260307673862
41.11725108877194,39817963303.58975,39673489266.156296,18.34828239060446,18.28170815583689,18.36183283780353,18.301788206185066
41.61315089649633,39812298375.344986,39670720149.08617,18.345671968208794,18.280432135223077,18.361480695310213,18.301297267640262
42.11503156657874,39818035538.34157,39667911831.111725,18.34831567667725,18.279138050670213,18.361137663082395,18.30078751382988
42.62296523196612,39815203907.72414,39665063709.38299,18.347010849561947,18.27782562438253,18.36081833777909,18.300258959243735
43.13702489557402,39843031256.69608,39662175175.528595,18.359833807211146,18.27649457601998,18.360644023589117,18.299711611416523
43.65728444077888,39834432231.343544,39659245575.618706,18.35587134071708,18.275144604248993,18.360577607791242,18.299145470812533
44.18381864203688,39807927243.91077,39656274265.783875,18.3436577327415,18.273775412371855,18.360320559541197,18.29856053080114
44.71670317563108,39815141083.00012,39653260593.78402,18.346981899668943,18.272386699833636,18.359965401119027,18.29795677783356
45.25601463054789,39753553420.647156,39650203885.46013,18.31860204980034,18.270978155979073,18.359319598864165,18.297334191440946
45.80183051948482,39833068466.96459,39647103458.74184,18.355242912443426,18.269549466507318,18.358791572788032,18.29669274423597
46.35422928999115,39816312631.170715,39643958644.70943,18.34752175391775,18.268100323177393,18.358615486389585,18.296032402106043
46.91329033574276,39792721486.65671,39640768725.51965,18.3366508568264,18.266630395204157,18.358223108604548,18.2953531241753
47.479094007952895,39768787559.04202,39637532922.535614,18.325622003862666,18.265139323788503,18.357580593597536,18.294654862365583
48.05172162692088,39827471053.91929,39634250546.9368,18.35266360133128,18.263626791519087,18.357145689450565,18.293937561730413
48.631255493719785,39839960297.08766,39630920894.74104,18.35841869630565,18.262092473998013,18.3571080836589,18.293201161021777
49.21777890202509,39832381757.05413,39627543168.52215,18.354926473672776,18.260536003767985,18.357097517946244,18.292445592244054
49.811376150086275,39790587810.52816,39624116600.22895,18.335667650030054,18.258957026907844,18.35681657652302,18.29167078046814
50.41213255284251,39793853176.24247,39620640416.510864,18.337172344074244,18.25735518705444,18.356333451891047,18.290876644125998
51.02013445418457,39806263946.307106,39617113808.65912,18.34289127831743,18.255730111551422,18.355947642925504,18.29006309494507
51.6354692393646,39838032636.78677,39613535953.19872,18.357530422455877,18.254081420938103,18.355812767513182,18.289230037834106
52.2582253475557,39849707588.999,39609906034.375626,18.36291028878539,18.252408739311637,18.355917573168632,18.288377371007073
52.8884922845628,39910826146.1405,39606223203.04594,18.39107397302982,18.250711675383005,18.356418866960055,18.287504986000243
53.526360635686835,39769732739.4374,39602486583.34065,18.326057546903183,18.248989825548144,18.356465114124294,18.286612767502497
54.171922078744295,39786968700.89533,39598695306.1217,18.33399994932323,18.247242789304625,18.35583935325646,18.285700593409516
54.825269397243595,39862305945.549866,39594848454.17687,18.368715663658293,18.24547014399727,18.35573564242553,18.284768334757217
55.48649649372027,39856250736.354324,39590945122.28335,18.365925398184217,18.243671472495652,18.356009911042978,18.283815855689298
56.15569840323338,39816725966.50796,39586984436.815506,18.347712220552918,18.241846372229467,18.356027782042368,18.28284301385908
56.83297130702432,39814385522.045425,39582965451.29714,18.346633734051974,18.23999440705856,18.355817919289922,18.281849660354684
57.51841254634043,39848630119.949684,39578887185.01942,18.362413786585282,18.238115125068237,18.355788378830155,18.280835639271274
58.21212063642555,39815856641.89234,39574748654.11905,18.347311632169863,18.236208072890225,18.3557653757164,18.279800787673697
58.91419528067912,39788546021.86758,39570548849.15845,18.334726785359486,18.2342727853715,18.355415119024745,18.278744935605484
59.6247373849859,39806462120.425804,39566286765.409874,18.342982597772036,18.232308799529353,18.355023359071826,18.277667906142305
60.34384907221895,39765556700.868835,39561961385.923706,18.324133211036333,18.230315646749197,18.354513465606004,18.27656951551546
61.07163369691718,39772877809.038666,39557571661.699844,18.327506808000294,18.228292843647438,18.353833905820558,18.275449573031754
61.808195860139854,39847628964.73204,39553116501.010025,18.361952450114853,18.226239887151166,18.35362065506513,18.274307880828985
62.553641424500675,39976245335.36076,39548594791.48941,18.421219406346584,18.224156264678065,18.354524328664247,18.273144233700652
63.308077529382736,39793781349.87462,39544005444.53656,18.33713924618648,18.22204147459608,18.35510247946813,18.271958419288456
64.07161260633724,39771184889.087524,39539347333.75855,18.326726703475828,18.219894997858685,18.35455281307733,18.270750218173166
64.84435639466776,39799057553.18412,39534619280.11306,18.33957054252213,18.217716291158293,18.354046621496945,18.26951940354773
65.62641995720267,39759638520.79989,39529820100.61771,18.321406089151278,18.21550480937173,18.353487193279765,18.268265741084978
66.41791569625771,39791017894.12823,39524948621.318436,18.335865834334093,18.2132600115361,18.352899449856963,18.266988989144014
67.21895736979077,39797375451.98022,39520003618.924995,18.33879542332119,18.210981333954194,18.35253080463995,18.265688898721557
68.02966010775216,39731968499.686386,39514983831.047646,18.308655628830802,18.20866819491159,18.35184621591907,18.264365213143925
68.85014042863149,39791228470.05449,39509887985.36537,18.335962868592983,18.206320008117494,18.35114837128406,18.26301766798214
69.68051625620426,39804355536.77002,39504714769.98796,18.342011875299338,18.203936169047463,18.350860684960658,18.26164599096443
70.52090693648064,39785824780.6891,39499462859.476265,18.333472826154818,18.20151606693365,18.35054928181668,18.26024990187296
71.37143325485853,39788151280.36893,39494130943.84358,18.334544886842142,18.199059098128753,18.35015748565888,18.258829112743435
72.23221745348323,39775299322.01892,39488717675.538605,18.32862265120994,18.196564641675558,18.34971702055166,18.25738332792619
73.10338324881701,39849001002.95088,39483221628.30909,18.362584691008195,18.194032040351114,18.349621979458714,18.255912243632242
73.98505584942022,39899704690.541046,39477641361.01193,18.385949160231696,18.19146063007072,18.35020752136801,18.254415547617388
74.87736197394675,39873760245.53362,39471975427.28619,18.373993852527125,18.188849744345255,18.350911834544508,18.252892919273012
75.78042986935695,39775789654.37912,39466222348.84512,18.32884859839216,18.186198701974075,18.350920697331055,18.25134402962067
76.69438932934987,39669833091.990204,39460380617.169815,18.28002337563964,18.18350680782541,18.34981592444578,18.249768541171132
77.61937171301778,39749612685.89993,39454448706.28452,18.31678614290884,18.180773358723318,18.348600512310966,18.248166107866094
78.55550996372601,39745609391.04919,39448425044.02957,18.314941408062552,18.177997630210115,18.347824789433684,18.2465363749329
79.50293862822011,39844628434.25959,39442308003.40312,18.36056979324689,18.17517887255661,18.34758947223038,18.24487897853923
80.4617938759637,39754290047.515335,39436095971.593925,18.31894149051183,18.172316342572707,18.34740091889752,18.24319354578811
81.43221351870939,39806788257.20573,39429787288.57132,18.343132882950872,18.169409275309395,18.34701495053419,18.24147969475034
82.41433703030589,39742013082.384,39423380239.28197,18.313284214136043,18.166456880463,18.346567273767665,18.23973703412017
83.40830556674398,39700519002.61769,39416873116.20867,18.294163570338025,18.16345837120252,18.345550879690023,18.23796516318025
84.41426198644395,39750747628.24529,39410264160.13933,18.31730912904178,18.160412936875733,18.344609245691625,18.236163671781622
85.4323508707883,39768667256.42301,39403551559.37875,18.32556656791761,18.157319742646,18.344060860148044,18.234332139998504
86.46271854490156,39743449805.89522,39396733478.72012,18.313946262279995,18.154177942842413,18.343484219228753,18.232470137946006
87.50551309868081,39716594597.69237,39389808054.23787,18.301571271123176,18.15098667856035,18.342636940612916,18.230577225730823
88.56088440808018,39718514221.397896,39382773375.49046,18.30245584167653,18.147745069460445,18.341674562740803,18.228652953277084
89.62898415665175,39694903828.6806,39375627457.98357,18.29157607493339,18.14445220107949,18.340615747937456,18.22669685990856
90.70996585734608,39714516804.21944,39368368298.8931,18.30061381528597,18.141107150507846,18.33956161216869,18.224708474097344
91.80398487457624,39606164511.10402,39360993946.52893,18.250684629893108,18.13770901839863,18.338043867980282,18.222687313902274
92.91119844654749,39701025315.95795,39353502363.817406,18.29439688162204,18.134256866059857,18.336495085854168,18.220632887024234
94.03176570785615,39765753855.880974,39345891391.947075,18.324224060882415,18.130749698702274,18.335853151594268,18.21854468991976
95.16584771236167,39663440799.34704,39338158877.03981,18.277077780716915,18.12718652380992,18.33501580005833,18.216422207433965
96.31360745633391,39661919644.130135,39330302638.17589,18.276376826093323,18.123566336405954,18.333634791472214,18.214264912953958
97.47520990187972,39745304624.593994,39322320429.550735,18.314800970417853,18.119888101614325,18.332736144520158,18.212072268177227
98.65082200065248,39732701435.79853,39314209972.529526,18.308993368826627,18.116150769430675,18.33224201952988,18.209843722856263
99.84061271784705,39762129612.47046,39305968922.78183,18.322553994509573,18.112353259577826,18.331852818019325,18.20757871454266
101.04475305648423,39765665684.85339,39297594899.72015,18.32418343130776,18.108494475071204,18.33165193008412,18.205276668320643
102.26341608198875,39618921393.755264,39289085510.15282,18.256563054249575,18.104573313118177,18.330669162628247,18.20293699683645
103.49677694706244,39765440584.63117,39280438268.520706,18.32407970419314,18.100588628362804,18.329718045527745,18.200559100017443
104.74501291685849,39703164623.0085,39271650639.91623,18.295382683170562,18.096539252709174,18.32924248356552,18.19814236460126
106.00830339445916,39769150424.37172,39262720044.1603,18.325789213709346,18.092423997200076,18.328802635910044,18.19568616393193
107.28682994666,39674961537.24287,39253643846.16098,18.282386584450776,18.088241647574236,18.328214017699942,18.19318985773001
108.58077633006585,39619583386.14679,39244419374.786156,18.256868103085136,18.08399097296291,18.32682418256047,18.19065279191949
109.89032851750162,39665529330.86025,39235043898.16641,18.278040184687555,18.079670714509355,18.32541910343073,18.188074298425594
111.21567472474072,39710711944.34343,39225514609.012924,18.298860520097833,18.07527957860326,18.32454472592406,18.18545369476269
112.5570054375567,39744510643.66467,39215828635.3419,18.314435100717464,18.0708162418226,18.32412182185534,18.182790283611247
113.91451343910114,39661633105.82688,39205983075.39784,18.276244788056527,18.06627936702642,18.323437215911053,18.180083352654762
115.28839383761098,39646250652.62565,39195974966.56134,18.269156489917204,18.061667589027433,18.322234672278782,18.177332174439318
116.67884409445062,39605763841.26918,39185801273.47453,18.250499999573897,18.05697950912016,18.320754827584036,18.17453600600248
118.08606405249265,39662874390.013435,39175458888.607765,18.27681677695029,18.05221369534207,18.31940397939801,18.171694088449794
119.51025596483952,39807228409.70273,39164944650.04256,18.343335707044318,18.04736869066803,18.31918771186456,18.16880564664194
120.95162452389278,39716834413.949425,39154255321.23432,18.301681779447595,18.042443003684895,18.319263435352255,18.165869888874706
122.410376890773,39854032251.09448,39143387567.847824,18.364903110988948,18.037435097917175,18.319600296816688,18.162886006329522
123.88672272509324,39607457135.77774,39132338078.683136,18.251280276695976,18.032343447550232,18.319319569480136,18.15985317307537
125.38087421509283,39691756538.41304,39121103428.55581,18.29012579054405,18.027166474244886,18.31817051500376,18.156770545973796
126.89304610813464,39691198378.52855,39109680056.880394,18.289868588157738,18.021902537268623,18.317503020229765,18.153637263724587
128.42345574156886,39582505561.38428,39098064413.53177,18.239782487882145,18.016550000709078,18.316251439963906,18.15045244661885
129.97232307397022,39625684961.43366,39086252836.19638,18.259679734246117,18.011107176956997,18.314676867139408,18.14721519641578
131.53987071675215,39638513799.46713,39074241551.6782,18.265591315940707,18.00557232730803,18.31344433435899,18.143924595564147
133.12632396616075,39618404768.16237,39062026743.23199,18.25632499103684,17.99994369299016,18.31220018482414,18.140579706818972
134.731910835656,39481198689.793846,39049604552.53647,18.193099861905583,17.99421949607297,18.310122953857544,18.137179573243554
136.3568620886835,39567184668.747986,39036970997.12196,18.232722557106094,17.98839790141793,18.307822647098156,18.13372321776861
138.00141127184006,39648052402.74076,39024121969.40453,18.269986743831936,17.982477016233357,18.306487465179018,18.130209642308596
139.66579474844085,39571263707.052475,39011053327.033676,18.234602194849547,17.976454931706982,18.30520102358502,18.12663782738991
141.35025173249107,39542470173.15831,38997760835.82738,18.221334015186876,17.9703296967102,18.30337029538418,18.12300673196462
143.05502432306622,39597825379.772385,38984240149.90021,18.24684192364019,17.964099308641,18.301730684297656,18.11931529280994
144.78035753910876,39524235564.25339,38970486850.17145,18.212931431887505,17.957761731168695,18.300026163334753,18.115562424045592
146.5264993546428,39613350364.14935,38956496399.13532,18.253995900735564,17.95131487339183,18.298452094477387,18.11174701662309
148.2937007344144,39449814020.848816,38942264189.04379,18.17863767648067,17.944756612041022,18.29650081116448,18.107867937846382
150.0822156699622,39535644862.461464,38927785509.314644,18.218188883751736,17.93808477646048,18.294179750374624,18.103924030986267
151.8923012161215,39571833443.53314,38913055499.891464,18.234864731779318,17.931297127116085,18.292578115164666,18.09991411447097
153.72421752796987,39536483022.6209,38898069230.337845,18.218575111424325,17.92439139204232,18.291016660017103,18.095836981277223
155.57822789821867,39403573049.981476,38882821695.54552,18.157329645604737,17.917365264864564,18.28857053390581,18.091691398741343
157.45459879505376,39428608154.72636,38867307760.92444,18.168865925550424,17.910216379542465,18.28559867906748,18.087476108050442
159.35359990043426,39455713099.182724,38851522151.229675,18.18135599620711,17.90294230522131,18.28298191413938,18.08318982338707
161.2755041488532,39553042859.62323,38835459458.4801,18.226205952895157,17.895540549880998,18.281108686749974,18.078831231076897
163.22058776656405,39523160913.69513,38819114191.79142,18.21243622845975,17.888008583299307,18.27964385027116,18.074398989073202
165.189130311282,39362837636.4833,38802480781.182076,18.138558598364977,17.880343838805665,18.277171188999738,18.069891726744924
167.1814147123639,39506928196.39132,38785553451.33329,18.204956125100715,17.87254365510927,18.274678461396352,18.065308043997106
169.1977273114714,39464924891.63307,38768326317.14242,18.18560082831753,17.86460532033044,18.27279595929691,18.06064651025193
171.23835790372596,39286853441.44591,38750793453.32025,18.10354476661424,17.856526104071378,18.269752296597037,18.05590566435457
173.30359977936027,39378220854.70813,38732948721.938934,18.145647249030343,17.848303177949504,18.266316273846694,18.051084013911893
175.3937497658705,39473581134.49643,38714785799.23952,18.189589660877537,17.839933627950508,18.263981066048515,18.046180033858313
177.5091082706783,39331406690.34221,38696298313.941055,18.124075088216465,17.831414518161743,18.261437869820487,18.041192165960606
179.64997932430765,39340134503.8387,38677479752.1459,18.12809690082062,17.822742846952192,18.258231427207626,18.036118818562695
181.81667062408056,39396452838.41023,38658323394.17333,18.154048622625385,17.813915517865162,18.255457571459623,18.03095836547364
184.00949357834142,39393065349.404625,38638822382.475334,18.152487653662806,17.804929370914117,18.25303641004106,18.02570914491221
186.22876335121506,39372451956.03766,38618969728.45515,18.142988916631936,17.79578118572473,18.250541034523607,18.020369458882357
188.4747989079024,39301808709.63756,38598758297.54725,18.110436216132026,17.78646767465967,18.247605005032014,18.014937572518615
190.74792306052458,39348176787.22654,38578180768.663315,18.131802818311687,17.776985464131105,18.244609854597183,18.009411713143294
193.04846251451977,39319499898.973236,38557229651.429886,18.118588389443396,17.767331102543935,18.241779778955618,18.00379006922069
195.37674791559772,39284053157.76687,38535897302.768745,18.102254384297975,17.757501067936058,18.238666503717308,17.99807078952057
197.73311389726268,39368640741.87308,38514175885.56758,18.141232693361307,17.747491748933665,18.23589915710765,17.9922519821646
200.11789912890913,39314535378.10323,38492057391.902725,18.116300717666658,17.737299455452373,18.233359227250826,17.986331713598513
202.53144636449608,39180066834.92926,38469533672.74097,18.054337056090155,17.726920432383924,18.22984748680767,17.98030800787782
204.97410249181,39180175437.686584,38446596378.404175,18.054387100690494,17.716350832162057,18.225689926941495,17.974178845804648
207.44621858232193,39302190854.90748,38423236906.60808,18.110612310255004,17.705586690818556,18.222301486646753,17.967942163476646
209.94814994164432,39293742193.759056,38399446476.293884,18.10671913220891,17.694623962005167,18.219608975531965,17.961595850993792
212.48025616059775,39249152804.20737,38375216148.6232,18.086172156843013,17.683458526668133,18.216689556811346,17.955137751711717
215.04290116689413,39233049034.76608,38350536757.91112,18.078751473193048,17.672086161221895,18.213508934444402,17.94856566124736
217.63645327744084,39222698603.85026,38325398928.94308,18.073981951762228,17.660502545528754,18.21025945107477,17.941877326228543
220.26128525127794,39160379409.582855,38299793075.775475,18.04526500895792,17.648703262346203,18.206688576228387,17.935070443160527
222.91777434315375,39151901558.42638,38273709378.43088,18.041358380035227,17.63668378658797,18.20281760808334,17.92814265718493
225.60630235774448,39107117103.820854,38247137782.785416,18.020721517884688,17.624439485272138,18.19874642253426,17.92109156074102
228.32725570452996,39220406852.209015,38220067990.347496,18.07292590311499,17.61196561281113,18.19515080840436,17.913914692201935
231.08102545333108,39022488046.43031,38192489506.81575,17.981724097760182,17.59925733338742,18.191168238729244,17.90660953475442
233.86800739051486,39221116408.39868,38164391551.1904,18.07325286954571,17.586309679071658,18.18729687148411,17.89917351506953
236.68860207588085,39137165595.8956,38135763088.0552,18.034567987474194,17.573117564698336,18.18413396103798,17.891604001688826
239.54321490022994,39045118653.02751,38106592877.18007,17.992152375001538,17.559675810722887,18.18008501275911,17.883898303896466
242.4322561436301,39162664112.19159,38076869338.04709,18.046317809381787,17.545979080794687,18.176278036327393,17.87605367014316
245.35614103438468,39152366136.67186,38046580614.61301,18.041572459614727,17.532021911599916,18.173142496076167,17.86806728612803
248.31528980870976,39101170358.582634,38015714622.71715,18.017981233051334,17.517798734707284,18.16974423210443,17.859936273537674
251.31012777113347,39100415621.78998,37984258990.74537,18.017633447211647,17.50330384922576,18.166144550492913,17.851657688746474
254.3410853556237,39042224697.777275,37952201033.72567,17.990818828437334,17.488531409867708,18.162306509479585,17.84322852108349
257.408598187451,38952523960.74449,37919527770.50219,17.949484357330057,17.473475434862756,18.15775108056861,17.834645691094195
260.5131071457995,38913985932.935455,37886225903.918434,17.93172587451601,17.458129796826118,18.152605243041787,17.82590604882773
263.6550584271334,38963469366.65793,37852281797.13428,17.95452804570378,17.442488211845394,18.147643946679466,17.81700637192717
266.8349036093247,38944512251.43288,37817681492.07819,17.945792528499936,17.42654424798341,18.14296458503958,17.807943363737866
270.05309971655794,38996652739.153496,37782410682.157455,17.969819081173853,17.410291312703002,18.138579548164167,17.798713651410868
273.31010928501604,38858969148.98862,37746454749.7224,17.906373912629288,17.393722670130657,18.133825240838657,17.78931378410892
276.6064004293574,38846468341.7377,37709798723.04967,17.90061348887779,17.376831421234254,18.12836786536673,17.779740231222018
279.9424469099964,38920532825.02927,37672427220.40373,17.93474270950584,17.359610478046356,18.12337867108949,17.769989380084713
283.3187282011958,38825114293.93238,37634324511.92586,17.89077345521441,17.34205259218292,18.11838557026859,17.760057533783733
286.7357295599775,38928843824.75865,37595474443.39013,17.93857245259994,17.32415031970974,18.11356264779838,17.749940908934786
290.1939420958668,38788557675.622406,37555860490.13185,17.873928014103253,17.305896045992895,18.108646455479754,17.739635633394357
293.69386284147885,38610231487.895676,37515465774.05188,17.791754568286773,17.287281993534396,18.10210630265568,17.72913774441182
297.2359948239523,38687034052.253586,37474272928.18687,17.82714550800956,17.268300159565612,18.09517526491438,17.718443186173822
300.8208471372484,38571637549.80928,37432264152.79862,17.773970321785377,17.248942341893468,18.088191476797306,17.707547806980063
304.44893501532135,38586798178.04437,37389421237.610344,17.780956402061644,17.229200149147,18.080830267651724,17.696447356912383
308.1207799061689,38461563100.046555,37345725523.5473,17.723247559477368,17.2090649831473,18.073038008468505,17.68513748546971
311.836909546778,38633699674.58823,37301157805.78419,17.802568805904787,17.18852799423133,18.065696110112594,17.67361373851895
315.5978580389755,38587372062.039536,37255698407.05684,17.781220850183274,17.16758011503427,18.059207751835885,17.661871555194715
319.4041659261899,38360108691.319885,37209327275.19874,17.676496947777427,17.146212105434753,18.051373760180276,17.649906265805846
323.2563802711419,38365342968.796074,37162023778.85193,17.678908924515454,17.124414458417583,18.042521000806058,17.637713089198986
327.15505473447257,38495850283.62146,37113766694.59943,17.739047235664074,17.102177394144327,18.034623042216264,17.62528712900543
331.100749654316,38312761959.27678,37064534344.13682,17.65467937757235,17.07949092316253,18.026614918890775,17.61262337066038
335.0940321268354,38584773186.283806,37014304403.70616,17.780023277472168,17.056344758592083,18.019296811075275,17.599716678190646
339.13547608772984,38527743865.76482,36963053930.73062,17.75374393039837,17.032728328398566,18.013314824415577,17.586561790190657
343.2256623947215,38150922085.25369,36910759586.57189,17.580102893386186,17.008630878040794,18.00509586225905,17.573153317261635
347.36517891104063,37900984251.35683,36857397395.98795,17.46493050444528,16.984041359627955,17.99365452016908,17.559485739399168
351.5546205899174,38392718860.51982,36802942556.777405,17.691523848795036,16.958948344202927,17.9838283923913,17.545553401092178
355.79458956008955,37940293892.280235,36747369767.65648,17.483044549777954,16.933340172829375,17.97441874736143,17.53135050730567
360.08569521234466,38188770992.52392,36690653055.146576,17.597543826602056,16.907204876820785,17.964141689698867,17.51687112038709
364.428554287106,38198434772.64731,36632765658.83097,17.601996936504058,16.88053012486631,17.95550939743411,17.502109155476518
368.82379096307136,37987966487.38652,36573680233.54164,17.50501227903206,16.853303316199284,17.94597829791629,17.487058376513364
373.2720369469261,38218994763.81385,36513368631.24109,17.611471065579817,16.82551148008745,17.936799682502475,17.4717123922369
377.7739315641329,38064406223.35547,36451801954.22144,17.54023602593061,16.79714130034735,17.928243164345766,17.456064651390257
382.3301218508199,38205850249.777336,36388950521.50958,17.605414019075695,16.768179099863648,17.919827300462924,17.440108438142147
386.94126264677766,38095712978.78671,36324783825.44056,17.554662308485707,16.73861082057799,17.91177348395055,17.423836867196325
391.60801668957356,38101774298.37943,36259270551.47779,17.55745538965611,16.70842203262224,17.903346165897258,17.40724287889018
396.33105470980524,37786220215.54532,36192378567.772606,17.412046761464758,16.67759792950746,17.893418574056838,17.39031923445958
401.11105552750286,37788706851.41064,36124074847.25616,17.41319261356954,16.646123292223542,17.882027669234876,17.373058510931454
405.94870614969005,37717160988.44637,36054325383.56936,17.38022398361881,16.613982450499396,17.870527243711507,17.355453095253058
410.84470186912574,37751840943.85901,35983095247.240906,17.396204650694948,16.581159308689983,17.859101521936513,17.337495178412563
415.7997463642362,37541037261.11206,35910348593.84494,17.299065440672326,16.547637349535428,17.8469770681682,17.319176750048623
420.81455180024926,37704732826.09631,35836048480.045044,17.37449703493847,16.513399549393306,17.834894971883916,17.30048959222176
425.88983893155137,37712880674.794846,35760156876.82942,17.378251597361885,16.478428384337498,17.824032063459438,17.281425272407752
431.02633720527984,37487205654.346924,35682634817.31589,17.274259613339172,16.442705898267317,17.81223146413426,17.261975137540656
436.22478486616023,37467120176.765976,35603442169.90198,17.265004142088785,16.40621359837414,17.799375651558407,17.24213030775306
441.48592906261183,37403604376.04976,35522537579.33219,17.23573579807729,16.368932427984976,17.786366646085305,17.221881668710278
446.81052595413337,37389214767.28878,35439878496.9711,17.229105006767757,16.330842780512405,17.773242197259183,17.201219863972533
452.1993408199794,37152690174.38525,35355421180.880226,17.12011349482557,16.291924499490026,17.75905177220814,17.180135287702868
457.65314816915196,37100897458.211006,35269120607.10182,17.09624719672047,16.252156837691647,17.743629768490667,17.15861807706099
463.17273185171797,37200074090.939285,35180930339.93611,17.141948199807278,16.21151839735451,17.72883673097989,17.13665810358367
468.7588851714661,36902941058.64116,35090802621.64938,17.005028067991013,16.169987171517132,17.713300627545603,17.114244964558004
474.41241099992544,37118488137.05394,34998688492.951485,17.104353054380535,16.12754059953586,17.69770402895049,17.091367975747524
480.1341218917604,36811786599.80902,34904537250.95336,16.963023715858217,16.084155317309435,17.681962274584585,17.068016161967677
485.9248402015522,40663936462.879265,34808295845.405975,18.738110325880005,16.0398068790634,17.68608286507679,17.044178241628103
491.7853982019932,36892323160.96628,34709910714.09069,17.000135296769948,15.994470603105588,17.69029600190014,17.019842618443977
497.7166382035078,36328100434.85672,34609326969.60878,16.740139127932213,15.94812119709536,17.670846510849223,16.994997378836683
503.71941267531,36816560968.86888,34506486921.81204,16.965223764893356,15.900732077173505,17.651478698491953,16.969630276869903
509.79458436792675,36354208319.25517,34401331436.444725,16.752169749185033,15.852275994030078,17.632681147160213,16.943728718986165
515.9430264371982,36070667401.35593,34293799734.461334,16.62151291997354,15.802724940429211,17.610263231625968,16.917279755374818
522.1656225697697,36134386398.17797,34183828919.581326,16.650874897592107,15.752049933504349,17.587187870804886,16.890270067861422
528.4632671101007,36448269739.09034,34071353920.87822,16.79551364098678,15.70022098830309,17.566728586214964,16.86268595520514
534.8368651890073,36212631462.23527,33956307657.31835,16.686930547150272,15.647207193607317,17.547163149795118,16.834513319336665
541.2873328537482,35813305908.67726,33838620979.085255,16.502919678321977,15.592976684895225,17.524589860399875,16.805737652492663
547.8155971996863,36056562109.958755,33718222278.480953,16.61501314328271,15.537496465043036,17.501720471886994,16.776344022200032
554.4225965035367,36169628156.41744,33595037458.529453,16.667114445737475,15.48073238985735,17.481333674264295,16.746317054332238
561.1092803582181,35783128206.00791,33468990090.475285,16.48901366795537,15.422649240651126,17.45992095403046,16.715640917261638
567.8766098093348,35695334133.60675,33340001091.86403,16.44855779580652,15.363210575901862,17.436436314004364,16.68429930547405
574.7255574933044,35429279394.15642,33207988431.89459,16.325958670040755,15.302378595476691,17.411570702075807,16.652275420206767
581.6571077771479,35451213215.56517,33072867319.972923,16.33606586578164,15.240114227518733,17.385971056396777,16.61955194998205
588.6722568999686,34840396332.75029,32934550366.339176,16.054598916571162,15.176377202464733,17.357742709424265,16.586111053506862
595.7720131161401,35317013322.73829,32792946605.82989,16.274225999397654,15.111125603190652,17.32948617477332,16.551934338488486
602.9573968402125,35667944320.47438,32647961568.84142,16.435936456484193,15.044315897711897,17.306412259990697,16.517002836044718
610.229440793577,34466012928.535995,32499497874.37833,15.88208149345474,14.975903212462484,17.279188895304305,16.48129697936199
617.5891901528903,35115785581.016815,32347454168.28853,16.18149942265694,14.905840843029383,17.24965705420724,16.444796580246468
625.0377027002941,34662085922.20511,32191725256.339165,15.972432740945283,14.834080315474452,17.22185906107408,16.407480801200357
632.5760489754474,34681925045.95291,32032202106.805412,15.98157469132912,14.76057138752735,17.192366858971976,16.369328128896072
640.2053124293863,34507790007.01836,31868771359.567207,15.901332544233112,14.685261822375288,17.16272478763373,16.33031634559721
647.9265895802449,33922859983.056934,31701315319.040394,15.631794366788972,14.608097385405669,17.12962808784314,16.29042249855414
655.7409901708554,34188213599.086357,31529711370.935944,15.75407041197878,14.529021575446317,17.095598877628536,16.249622866883506
663.6496373282415,33310733474.374016,31353832150.88387,15.349723936554877,14.447975702468083,17.058997110132726,16.207892926993885
671.6536677250424,33372779327.6196,31173545277.846462,15.378314922684329,14.364898764740554,17.018842085248455,16.165207318281446
679.7542317428836,33751405963.102757,30988712410.544106,15.552787644342173,14.27972701402916,16.982054234639527,16.12153980301048
687.9524936377117,33655510532.45072,30799189288.80915,15.508598632760721,14.192393974651218,16.947665754843815,16.076863222251674
696.249631707129,33301501963.761127,30604825933.749275,15.345470018233499,14.102830535712028,16.91162769141183,16.03114945418792
704.6468384597479,32289548539.682053,30405465863.33695,14.87915768955977,14.01096458964526,16.868965614984155,15.984369370186412
713.145320786579,34144296547.67764,30200945179.41567,15.733833252813556,13.916720611501635,16.83200858799667,15.936492782641912
721.746300134495,32567016421.743805,29991092814.193962,15.00701603870675,13.820019772534389,16.79732943979779,15.887488390455314
730.451012681785,33531762848.5754,29775729751.099045,15.451575187547919,13.720779581165413,16.76021147836918,15.837323722862864
739.2607095158205,32289450874.85265,29554668493.725346,14.879112685201918,13.618913638274531,16.722385563284988,15.785965077452392
748.176656812871,32678529444.203396,29327712897.718544,15.05840170127111,13.514331559730968,16.68085169909368,15.733377455843426
757.2001360200866,32083093074.634956,29094657574.2002,14.784022156260754,13.406938701488949,16.63914320075919,15.679524496702946
766.3324440396711,35565210793.99492,28855285593.59747,16.38859642202648,13.296635101502929,16.614313615796956,15.624368394502078
775.5748934152812,47890866574.82231,28609368257.114094,22.0683096507445,13.183315374420468,16.67665055284768,15.567869806483793
784.9288125206746,32038028532.20841,28356667786.660072,14.763256228482344,13.066869951112968,16.71733500731875,15.50998777536613
794.3955457506266,31064466211.03911,28096933424.69306,14.314634679020616,12.947183281466444,16.665693204841684,15.450679647054862
803.9764537141556,31110324793.278885,27829898897.943695,14.335766503633362,12.824132665655638,16.610244246166282,15.38990095521618
813.6729134300795,29735583536.971886,27555283824.964962,13.702280039435905,12.697588902748608,16.54880860184639,15.32760530255178
823.4863185249237,30849034643.016975,27272792068.80673,14.215362920297476,12.567415531612326,16.487483603313382,15.263744243477978
833.4180794332223,29094307363.342785,26982110072.95514,13.406777322875506,12.433468064106659,16.424017162881974,15.198267151508155
843.4696236002361,30416094344.39784,26682904940.02259,14.015862237734428,12.29559309973675,16.35979175538733,15.131121070197436
853.6423956871075,28788956393.382877,26374823329.275307,13.2660703313513,12.153627817629168,16.29532467374274,15.062250551139934
863.9378577784973,28795083285.610306,26057490732.54181,13.268893628663333,12.007399642867526,16.22358986138657,14.991597485845842
874.3574895927261,28988554577.0745,25730507168.762283,13.358046001003279,11.856724262522995,16.154650239154517,14.919100914030086
884.9027886944416,28900592731.807846,25393444944.24247,13.317512818423202,11.70140459357003,16.087910649291697,14.844696800782717
895.5752707098593,28881316925.7245,25045847521.854324,13.308630447152046,11.541230261809346,16.022169115714377,14.768317800656176
906.3764695445994,27844806029.396477,24687225557.060947,12.8310019335648,11.375975775251792,15.952188675997602,14.689892999438559
917.307937604142,27990525064.34897,24317053420.21195,12.89814986834512,11.205398921577647,15.879042370887591,14.609347621439225
928.3712460169497,26724420895.81181,23934765361.84003,12.314723824096722,11.029239001089412,15.801467061598236,14.526602703781865
939.5679848602816,29403504518.12838,23539749516.24847,13.549256652295805,10.847214063540083,15.733571679258837,14.441574724678851
950.8997633887208,25960878332.470314,23131344468.309845,11.96288024880836,10.659019326099791,15.662916655791395,14.354175189123612
962.368210265473,25854201296.946056,22708832689.76521,11.913723029051338,10.464324148775274,15.574670369033235,14.264310169726606
973.9749737964391,26294253664.60495,22271431566.44043,12.116500982481508,10.262767899714008,15.490352458803166,14.17187977354304
985.7217221671224,25713000730.667778,21818283813.547176,11.848657223348676,10.053955538535211,15.407228010994793,14.076777520213675
997.6101436823909,24514444057.15018,21348447426.548794,11.296357344543429,9.837452985647218,15.31633739660651,13.978889627649435
1009.6419470091245,22901135343.641457,20860892590.42148,10.552938008074953,9.612785698022229,15.212237619192607,13.878094243141371
1021.8188614217956,24461473359.388897,20354478110.772648,11.27194822764458,9.379427808558052,15.110418845659146,13.7742605464917
1034.1426370510137,22262182220.019398,19827927159.414135,10.258505762578373,9.136790949537781,15.007401512669883,13.667247613320713
1046.6150451350566,20492001154.607815,19279814002.57479,9.442798996689003,8.884218136935202,14.885170975558724,13.556903100821431
1059.2378782744452,21101038574.423225,18708536552.67412,9.72344596197994,8.620971122158409,14.759575884454021,13.443061741911352
1072.0129506895892,19341363852.689487,18112286506.29825,8.912580562767817,8.346216631505461,14.630597949778618,13.325543562145588
1084.9420984815295,19554026663.926228,17488999076.33307,9.010576466897843,8.059003202523167,14.496295690939096,13.204151700806895
1098.027179895836,20614483416.56196,16836289339.548033,9.499239330239966,7.758231852710073,14.372152530915251,13.078669661330428
1111.270075589688,20297984369.213043,16151403727.72066,9.353395258486762,7.442633726425757,14.254966485967433,12.948858015118546
1124.6726889021647,19305194373.124107,15431105091.426466,8.895913516793444,7.110717131809235,14.133387725748841,12.814450289087228
1138.2369461278074,17305789381.270428,14671536527.743853,7.974579416301966,6.760704792021429,13.998323139950203,12.675147579238695
1151.9647967934795,16058803744.488281,13868065020.130072,7.399963270662899,6.390461793852478,13.848762225647588,12.53061169435916
1165.8582139385567,13846867335.545135,13015020553.610361,6.380693813008608,5.997375370920467,13.683832102539261,12.380456181145846
1179.919194398505,14862952892.3616,12105314256.36189,6.8489102455603525,5.5781789417319025,13.516387373833412,12.224234049504275
1194.1497590918812,12929616505.863918,11129858708.372484,5.958020832030449,5.1286849855109455,13.347806265698138,12.061420533430573
1208.5519533107824,10447545363.367298,10076704190.858042,4.8142721704309634,4.643387022353857,13.159099082301625,11.89138837179892
1223.1278470148095,16383777059.68943,8929554223.964804,7.5497123201373615,4.114775566854522,12.993993166684692,11.713370836438886
1237.879535128577,8991108664.371525,7665054059.565594,4.143140107912712,3.532088654355641,12.824412624458398,11.526402691718593
1252.8091378427982,15755002642.970592,6247410876.9622135,7.259970464935423,2.8788328048487166,12.65588069969434,11.329218298058684
1267.918800919016,10633832661.74643,4612936314.708849,4.90011412900585,2.1256601576234218,12.499919753516943,11.120038056699576
1283.210695998004,7310273192.157194,2638676912.9805927,3.3686041613804303,1.2159132491985476,12.301615902720807,10.89610378157475
1298.6870209118815,0.0,0.0,0.0,0.0,12.049833542768845,10.652272823625893
1314.35,0.0,0.0,0.0,0.0,11.764351418630135,10.399901414361178
