R_kpc,Sigma_bar,Sigma_eff,kappa_bar,kappa_eff,kappa_bar_mean,kappa_eff_mean
1.0,39625486921.47069,39628515658.088295,18.4553893723977,18.45679999263046,0.0,0.0
1.0120606264911474,39625531510.19401,39628559120.57392,18.455410139391734,18.456820235084436,0.43724145426659267,0.4372748681338269
1.0242667116936537,39625580610.813156,39628603645.727455,18.455433007780623,18.456840972471134,0.8641243929301582,0.8641903974589624
1.0366200099307066,39625619176.34126,39628649259.642914,18.455450969499022,18.45686221694372,1.280894194037005,1.280992031124218
1.0491222966837304,39625666283.925674,39628695989.20806,18.455472909641095,18.456883981025047,1.687790445551933,1.6879193975832367
1.0617753688475675,39625714621.109604,39628743861.93213,18.45549542246352,18.456906277527416,2.085047123207109,2.085206448362826
1.0745810449887383,39625764316.81134,39628792906.06379,18.455518568009403,18.456929119607516,2.4728926200441084,2.473081592567041
1.0875411656068144,39625814844.46308,39628843150.57138,18.455542101032197,18.456952520757216,2.8515499158489788,2.851767828195139
1.1006575933989453,39625865843.24486,39628894625.029625,18.45556585348165,18.45697649475081,3.221236702727146,3.2214828703476512
1.113932213527575,39625920606.20778,39628947359.73551,18.455591359081264,18.45700105569898,3.5821655315668686,3.582439276395037
1.127366933891388,39625973255.2474,39629001385.804146,18.455615880130765,18.45702621809345,3.934543902979959,3.93484456818206
1.1409636853995222,39626027282.43896,39629056735.14083,18.455641043048228,18.45705199679396,4.278574388663087,4.278901351337272
1.1547244222490889,39626084649.88922,39629113440.48933,18.455667761675915,18.457078407050776,4.614454791067905,4.61480743175594
1.1686511222060412,39626144358.48786,39629171535.38453,18.455695570682753,18.457105464482616,4.942378231567035,4.942755929323335
1.1827457868894284,39626200933.043915,39629231054.14665,18.455721920023585,18.457133185073964,5.262533220274264,5.262935388943379
1.19701044205908,39626262394.61887,39629292032.03632,18.45575054547113,18.4571615852473,5.575103815653712,5.5755298889376705
1.2114471379067577,39626325515.32093,39629354505.25438,18.455779943649535,18.45719068186299,5.8802697415677825,5.8807191468772
1.2260579493508208,39626390953.60426,39629418510.89142,18.455810421230826,18.45722049219582,6.178206449851384,6.178678622906417
1.2408449763344431,39626455118.3587,39629484086.931656,18.455840305671856,18.457251033936757,6.469085219250917,6.46957962061912
1.2558103441274293,39626524037.568794,39629551272.273865,18.455872404478868,18.45728232520273,6.7530732843754855,6.75358938554458
1.2709562036316695,39626590396.16889,39629620106.85067,18.455903310693483,18.457314384592177,7.030333910204668,7.030871201301098
1.2862847316902777,39626661616.37685,39629690631.65463,18.45593648117973,18.457347231197193,7.301026494757001,7.301584483472305
1.3017981314004599,39626735561.947235,39629762888.716156,18.45597092099107,18.457380884593253,7.565306688474176,7.565884871259417
1.3174986324301545,39626807994.480606,39629836921.09779,18.456004656112338,18.457415364836535,7.823326418920792,7.823924316961905
1.3333884913384921,39626885641.40006,39629912772.92341,18.456040819810088,18.457450692477533,8.075234028320544,8.075851173338346
1.34946999190012,39626960691.85407,39629990489.463524,18.456075774215922,18.457486888600783,8.321174337946067,8.321810278898186
1.3657454454334392,39627041074.41095,39630070117.19082,18.45611321202429,18.457523974850726,8.561288739164835,8.561943041173539
1.3822171911327976,39627124745.246574,39630151703.77054,18.456152181333454,18.45756197342723,8.79571530566709,8.7963875180184
1.3988875964046932,39627206134.83496,39630235298.065506,18.456190088162145,18.457600907087933,9.02458879780947,9.025278496981697
1.415759057208029,39627293127.89099,39630320950.15993,18.456230604780274,18.45764079915932,9.248040796452795,9.248747572800028
1.4328339983984741,39627378428.231606,39630408711.393196,18.456270333023937,18.457681673552486,9.466199767816772,9.466923223054746
1.4501148740769754,39627468998.273766,39630498634.491455,18.456312515607003,18.457723554824387,9.679191133156523,9.679930882037553
1.467604167942475,39627562086.29485,39630590773.59395,18.45635587092724,18.457766468190126,9.887137365183015,9.887893012866904
1.4853043936488803,39627656374.9362,39630685184.18058,18.456399785430875,18.457810439489222,10.090158012607105,10.090929177895616
1.5032180951663396,39627755929.476234,39630781923.094376,18.45644615250275,18.457855495196046,10.288369807155467,10.289156107450122
1.5213478471468749,39627851661.58541,39630881048.691246,18.456490739294924,18.457901662489604,10.481886686823193,10.482687766942108
1.5396962552944244,39627954624.783104,39630982620.89279,18.45653869393352,18.457948969278103,10.670819901718744,10.671635422391294
1.5582659567393489,39628058569.27669,39631086701.131424,18.45658710560619,18.457997444173408,10.85527809216714,10.856107704395816
1.5770596204174525,39628164557.97738,39631193352.42288,18.456636469358973,18.45804711652481,11.035367296234567,11.036210670587156
1.5960799474535783,39628273473.048805,39631302639.43423,18.456687196055547,18.458098016450702,11.211191050480963,11.212047866606198
1.615329671549826,39628385738.02868,39631414628.52044,18.456739482956667,18.45815017485561,11.382850445688463,11.383720385635163
1.6348115593784562,39628500453.72279,39631529387.771065,18.45679291126674,18.45820362345193,11.550444174949611,11.551326926519677
1.65452841097953,39628618999.733,39631646987.03671,18.45684812352902,18.45825839477226,11.714068595866788,11.714963850514138
1.6744830601633456,39628745472.14637,39631767497.97599,18.456907027477335,18.458314522191273,11.873817813458466,11.874725236683156
1.6946783749177292,39628861434.63432,39631890994.194214,18.45696103647594,18.458372039990305,12.029783623364054,12.030702935991414
1.7151172578202367,39628989459.09052,39632017551.27141,18.457020663281106,18.45843098337041,12.182055670592767,12.182986624112988
1.7358026464553273,39629118705.26616,39632147246.71134,18.457080859096518,18.458491388428612,12.330721539923617,12.331663852989385
1.7567375138365704,39629251834.39522,39632280160.03739,18.45714286337973,18.458553292202563,12.475866696416926,12.476820101166329
1.7779248688339402,39629387660.62478,39632416372.903984,18.457206123825173,18.458616732722433,12.617574588325464,12.618538822939097
1.7993677566062685,39629526965.02088,39632555969.14484,18.45727100421078,18.4586817490334,12.7559266846953,12.756901496334471
1.8210692590389104,39629669769.66889,39632699034.82328,18.45733751482271,18.458748381219063,12.89100252883101,12.891987669956334
1.8430324951866892,39629816847.99441,39632845658.29665,18.457406015880405,18.458816670431446,13.022879783927735,13.023875008722182
1.8652606217221832,39629967296.389404,39632995930.27098,18.457476086532548,18.45888665891647,13.151634272426806,13.152639338516567
1.88775683338942,39630122561.024536,39633149943.87184,18.457548400326516,18.458958390046945,13.277340023471343,13.278354689787472
1.9105243634630407,39630278519.04608,39633307794.72797,18.457621037062037,18.459031908361517,13.400069297369658,13.401093340110496
1.9335664842130058,39630439860.82207,39633469581.05245,18.457696181256573,18.459107259602487,13.519892645876563,13.520925855745679
1.9568865073748998,39630607691.16384,39633635403.71433,18.45777434747096,18.459184490749145,13.636878981103946,13.637921132210499
1.9804877846259143,39630776005.83589,39633805366.30298,18.457852739259963,18.459263650047763,13.751095555246351,13.752146433892438
2.0043737080665673,39630952979.26084,39633979575.21526,18.45793516382354,18.459344787052206,13.862608039615655,13.863667432723872
2.0285477107082346,39631129077.51206,39634158139.71948,18.458017180778953,18.459427952653677,13.97148054156657,13.972548245941505
2.0530132669665586,39631310659.71762,39634341172.056465,18.458101751861026,18.459513199127834,14.077775632645524,14.078851472952154
2.0777738931608125,39631499638.47295,39634528787.5838,18.458189767852343,18.459600580201943,14.18155444745647,14.182638231326427
2.102833148019282,39631691289.74232,39634721104.826065,18.45827902855485,18.459690151078284,14.282876656484504,14.283968191940792
2.1281946331907466,39631892247.059494,39634918245.54256,18.45837262350658,18.459781968465695,14.381800527424762,14.382899613287629
2.153861993762124,39632091571.548065,39635120334.85401,18.458465457975855,18.459876090638584,14.478382923171933,14.479489374973548
2.1798389187823672,39632305787.389046,39635327501.30475,18.45856522802443,18.459972577465884,14.572679391160278,14.57379301042511
2.206129141792668,39632508547.855156,39635539876.99274,18.458659662784534,18.46007149047162,14.664744107195459,14.66586473882072
2.232736441363065,39632727402.42487,39635757597.80192,18.458761593299812,18.46017289294311,14.754629971979508,14.755757496268032
2.2596646416355184,39632952654.174255,39635980803.45222,18.458866503272272,18.460276849954276,14.842388730165993,14.843522966244244
2.2869176128735367,39633182350.29024,39636209637.47108,18.458973483188156,18.46038342835237,14.928070836467517,14.929211609315319
2.314499272018431,39633414787.61272,39636444247.35422,18.459081739808436,18.460492696832844,15.011725530071857,15.012872692151852
2.3424135832522777,39633652118.13849,39636684784.78066,18.459192275415777,18.460604726039513,15.093400886206117,15.094554315859577
2.3706645585676736,39633899645.79426,39636931405.8459,18.459307560289798,18.460719588673136,15.173143882349054,15.17430344364112
2.399256258344359,39634153684.87834,39637184271.17706,18.459425877831784,18.460837359545067,15.251000391629612,15.25216592780434
2.4281927919327986,39634414983.272064,39637443545.99015,18.459547576364045,18.460958115603898,15.32701518429836,15.32818653613174
2.4574783182447963,39634681829.32024,39637709400.12034,18.459671858691006,18.461081935949593,15.401231964519857,15.40240897762562
2.4871170463512398,39634952838.69346,39637982008.225296,18.45979808006757,18.461208901928156,15.473693383958523,15.474875927644568
2.5171132360870474,39635231260.98266,39638261550.096275,18.459927753975865,18.461339097276543,15.544441094228723,15.545629052447262
2.547471198663417,39635519006.95907,39638548210.78075,18.46006177034885,18.461472608179772,15.613515788569869,15.614709033157192
2.578195297287452,39635815079.310135,39638842180.7205,18.460199664692766,18.461609523335227,15.680957201069203,15.68215558916104
2.6092899477892684,39636117998.366684,39639143655.9384,18.460340747858456,18.46174993403967,15.746804110760463,15.74800750095449
2.6407596192566607,39636423375.02881,39639452838.25341,18.46048297564271,18.461893934289353,15.81109434545743,15.812302632449036
2.6726088346774195,39636741130.71492,39639769935.46232,18.460630968900787,18.462041620864685,15.873864867761288,15.875077952752449
2.7048421715894047,39637064538.70736,39640095161.551056,18.460781594694698,18.462193093428635,15.935151781638185,15.93636955743542
2.7374642627384485,39637399832.088394,39640428736.9287,18.460937756054008,18.462348454635723,15.994990333391812,15.996212689296819
2.770479796744201,39637741013.59155,39640770888.61947,18.46109665977928,18.462507810221435,16.053414935174395,16.0546417586393
2.803893518774003,39638091361.54256,39641121850.52455,18.461259832735724,18.462671269124186,16.110459169158595,16.111690363067098
2.837710231224885,39638453778.97059,39641481863.688995,18.461428626995918,18.462838943609604,16.166155855986446,16.167391306817663
2.8719347944137956,39638823772.899345,39641851176.516785,18.461600949976685,18.46301094937071,16.22053702970366,16.221776619637975
2.9065721272761507,39639201031.84764,39642230045.0404,18.461776656607086,18.463187405653457,16.273633939043307,16.274877575216262
2.941627208072808,39639589954.02555,39642618733.18613,18.46195779533336,18.46336843538031,16.325477115103002,16.326724709180098
2.977105075105571,39639985174.20882,39643017513.153336,18.46214186732683,18.463554165326883,16.376096359985922,16.37734783667154
3.013010827441318,39640396328.58952,39643426665.77128,18.462333360599914,18.46374472628811,16.42552079378986,16.42677606951
3.0493496256448713,39640815383.44215,39643846480.7114,18.462528533481674,18.463940253177146,16.47377885496212,16.47503783295165
3.086126692520694,39641247907.74064,39644277256.77899,18.462729979696267,18.46414088516119,16.52089829504363,16.52216088205446
3.123347313863546,39641688776.13066,39644719302.31554,18.46293531213334,18.464346765848873,16.566906210185547,16.56817231765947
3.161016839218183,39642143258.57272,39645172935.626396,18.463146985252912,18.46455804348947,16.611829055724282,16.613098601997926
3.1991406826482205,39642607441.47215,39645638485.38574,18.46336317631615,18.464774871161467,16.655692667401564,16.656965573933302
3.237724323514275,39643086306.13349,39646116291.018135,18.463586205342878,18.464997406950303,16.69852227504908,16.699798463846516
3.2767733072614837,39643578139.77419,39646606703.10586,18.46381527461245,18.465225814138076,16.74034252857026,16.741621908172856
3.3162932462165258,39644080400.69566,39647110083.87722,18.464049200340373,18.465460261430962,16.78117747036806,16.782459963599436
3.356289820394258,39644595674.61192,39647626807.695404,18.464289186811122,18.465700923186905,16.821050573650332,16.82233612093171
3.396768778314074,39645126954.44373,39648157261.55147,18.464536627963863,18.465947979645218,16.859984786294326,16.86127331863685
3.4377359378261105,39645672504.60487,39648701845.60247,18.464790715457248,18.466201617177223,16.898002519281583,16.899293956071926
3.4791971869474256,39646229194.30586,39649260973.76812,18.465049991140386,18.46646202856413,16.935125625742614,16.936419906405035
3.521158484708249,39646804211.04529,39649835074.31943,18.46531780255789,18.46672941327121,16.971375463790938,16.972672529236736
3.56362586200845,39647391710.22447,39650424590.476685,18.465591427614648,18.46700397772628,17.006772892506167,17.008072682929086
3.606605422484327,39648001387.57131,39651029981.13259,18.465875382051593,18.46728593565652,17.04133829854025,17.042640736649847
3.6501033433858567,39648620922.13049,39651651721.54512,18.466163927440117,18.46757550841116,17.075091570336927,17.07639658213914
3.6941258764645224,39649260374.00844,39652290304.056564,18.466461749228802,18.46787292529637,17.108052113413777,17.10935964520515
3.7386793488718437,39649918939.88577,39652946238.90585,18.466768473275316,18.4681784239536,17.140238924248955,17.141548896955893
3.7837701640687524,39650591851.43653,39653620055.08407,18.46708187875364,18.468492250758025,17.17167051838919,17.172982864774117
3.8294048027459335,39651280882.07729,39654312301.24434,18.467402791624437,18.468814661242334,17.20236495640768,17.203679643041905
3.875589823755259,39651993797.14111,39655023546.64579,18.46773482855608,18.46914592053636,17.232339923815424,17.233656903621437
3.922331865052462,39652722216.2312,39655754382.17039,18.468074086417076,18.469486303840682,17.2616126831946,17.262931906098267
3.9696376446511854,39653472210.17197,39656505421.41383,18.468423392666136,18.46983609693469,17.290200075881547,17.291521507793526
4.017513961588521,39654250175.55142,39657277301.85427,18.468785726484885,18.47019559672091,17.318118613006835,17.319442173551415
4.06596769690221,39655041534.60701,39658070686.09407,18.46915429834706,18.47056511180337,17.345384368692205,17.346709985308117
4.115005814619619,39655852638.41521,39658886263.16332,18.469532066237495,18.47094496309469,17.372012991538778,17.37334065144801
4.164635362758645,39656692538.94329,39659724749.93094,18.46992324606856,18.471335484473283,17.398019844474867,17.399349515953247
4.214863474340702,39657553267.05443,39660586892.63418,18.470324126251214,18.47173702349574,17.42341993186477,17.424751567352754
4.265697368415905,39658440553.43357,39661473468.51092,18.47073737582577,18.472149942157053,17.448227890695676,17.44956144747666
4.317144351100639,39659354493.14043,39662385287.543106,18.471163039065857,18.472574617702605,17.472458043133624,17.473793460022012
4.369211816627631,39660289431.580666,39663323194.35158,18.47159848237001,18.473011443510693,17.49612434116384,17.497461578935532
4.421907248408684,39661255341.33723,39664288070.22652,18.472048350423147,18.47346083003819,17.519240430563936,17.52057945661948
4.4752382201102385,39662249379.942986,39665280835.2567,18.472511319359196,18.473923205812238,17.541819672732892,17.54316043196608
4.529212396741896,39663264730.212616,39666302450.740524,18.47298421410526,18.474399018553168,17.563875059088836,17.56521753822662
4.583837535758073,39664318978.19888,39667353921.87167,18.473475225285014,18.47488873642535,17.58541933348066,17.586763510722278
4.639121488172954,39665403989.10479,39668436300.38896,18.473980564153948,18.475392849271316,17.60646498912626,17.60781079440164
4.695072199688863,39666514737.11148,39669550687.48917,18.474497889959903,18.47591186996844,17.627024150750287,17.628371551249963
4.75169771183828,39667663266.65591,39670698237.223564,18.47503281234433,18.476446336010824,17.647108695108393,17.648457667557622
4.8090061631396015,39668853134.914116,39671880160.07649,18.475586988045706,18.47699681117602,17.666730303370738,17.668080761054917
4.867005790266854,39670062321.181335,39673097726.837006,18.47615016102146,18.47756388732821,17.685900277247313,17.68725218791894
4.925704929233514,39671316923.31029,39674352272.85638,18.476734486227183,18.47814818640115,17.70462967477603,17.705983049659267
4.9851120165906035,39672608317.40429,39675645202.70137,18.477335947122423,18.478750362565393,17.722929387268596,17.724284199889738
5.0452355906392325,39673943103.93355,39676977995.315315,18.477957617846,18.479371104632026,17.740810037341962,17.742166250993925
5.106084292657776,39675316458.74617,39678352209.665565,18.478597251571223,18.480011138682972,17.758282005366706,17.759639580692358
5.1676668681438365,39676733698.3898,39679769490.92234,18.479257324455855,18.480671230948733,17.775355428835812,17.77671433851943
5.229992168071196,39678255423.91279,39681231577.34449,18.479966061161104,18.48135219101543,17.792040570573924,17.793400452218936
5.293069150161929,39679709179.14012,39682740307.926476,18.480643141011903,18.482054875386318,17.80834682542968,17.809707634068282
5.356906880173848,39681261219.24564,39684297630.87785,18.481365996595375,18.482780191431097,17.82428334266042,17.82564538714193
5.4215145332034815,39682870241.47655,39685905613.07311,18.48211539134323,18.483529101787106,17.839859737281017,17.841223011525308
5.486901395004776,39684526672.69734,39687566450.60541,18.48288686661138,18.48430262927469,17.855085116867762,17.856449610491996
5.5530768633236836,39686244214.700554,39689282480.63243,18.483686803947055,18.485101862414368,17.86996839677039,17.87133409665808
5.620050449248863,39688018709.06271,39691056194.66464,18.48451326658353,18.48592796161574,17.88451833317978,17.885885198129557
5.687831778578659,39689848953.19957,39692890253.59246,18.485365694422693,18.48678216617635,17.898743445357155,17.900111464660206
5.756430593204574,39691750636.93175,39694787504.735725,18.486251394926764,18.487665802222402,17.912652131214397,17.914021273840778
5.825856752511429,39693708703.30973,39696751001.20007,18.48716335539035,18.48858029172389,17.926252592176645,17.927622837342355
5.896120234794399,39695742005.93167,39698784023.95765,18.488110356790592,18.48952716277858,17.93955285743083,17.94092420724056
5.967231138693149,39697846464.02486,39700890107.15499,18.489090498526252,18.490508061399073,17.9525608466838,17.95393328245148
6.039199684643272,39700031413.473816,39703073067.2904,18.49010812874287,18.491524765102,17.965284321447456,17.966657815315855
6.11203621634521,39702295362.336395,39705337036.97465,18.49116255257521,18.492579198631937,17.977730902267858,17.979105418374647
6.1857512022509145,39704640225.07167,39707686504.19662,18.492254661673837,18.493673452249187,17.989908031590442,17.99128357138717
6.2603552370684294,39707083113.9451,39710126358.262886,18.493392425998145,18.494809803125936,18.001823081012105,18.00319962865327
6.335859043284609,39709612852.97834,39712661943.85331,18.494570640387323,18.49599074052239,18.013483279299415,18.014860826714006
6.412273472706223,39712247696.09034,39715299125.07501,18.495797806520663,18.497218995619637,18.02489572397999,18.026274292521773
6.489609508019627,39714996409.2317,39718044361.8382,18.49707800709958,18.498497577091317,18.036067493187815,18.037447052192142
6.567878264369249,39717852605.08584,39720904801.57884,18.498408267260583,18.499829813823055,18.047005509985397,18.048386040476224
6.647090990955133,39720835637.29847,39723888390.47585,18.499797600875677,18.501219406711353,18.057716605804234,18.059098111128947
6.727259072649714,39723946631.44021,39727004009.44661,18.501246532174235,18.50267049200288,18.068207562611523,18.069590048396392
6.808394031634124,39727208934.32136,39730261641.9734,18.502765934826414,18.504187719458866,18.078485137450716,18.079868579908318
6.89050752905422,39730614716.223114,39733672583.531006,18.504352162176474,18.505776349895054,18.08855601185822,18.089940391347913
6.973611366696582,39734190786.00538,39737249706.1577,18.506017700328357,18.507442378404413,18.098426814929592,18.099812143391024
7.057717488684729,39737942065.820435,39741007797.1071,18.50776484175198,18.509192692082717,18.10810419304688,18.109490491574558
7.142837983195795,39741896956.29783,39744963998.76934,18.509606813910708,18.511035274919795,18.117594819751385,18.118982109993045
7.228985084197899,39746061386.90204,39749138390.042534,18.511546378425518,18.512979478570646,18.12690539913815,18.1282937200731
7.3161711732084855,39750477969.074165,39753554769.32659,18.513603381380292,18.51503638703123,18.1360427454918,18.137432126200313
7.404408781073854,39755161381.03793,39758241732.39547,18.51578465909062,18.51721931865253,18.145013826807492,18.146404260778468
7.493710589770156,39760144778.03623,39763234195.10622,18.518105653459298,18.51954453533533,18.153825710512596,18.155217242583873
7.58408943422613,39765476731.22835,39768575609.89535,18.5205889862817,18.522032274853288,18.162485748002847,18.163878454389906
7.67555830416779,39771213079.46797,39774321309.98993,18.523260664248657,18.524708308403934,18.171001692794558,18.172395649469166
7.768130345985381,39777414514.00687,39780543781.16104,18.5261489540332,18.527606395903756,18.179381757786413,18.180777103171927
7.861818864622859,39784191378.01094,39787341438.07932,18.529305247460375,18.530772373535665,18.18763490656702,18.189031838535122
7.956637325490131,39791674276.5794,39794854298.53896,18.53279037325804,18.534271453947166,18.19577122038452,18.197169981672417
8.052599356398389,39800062860.10517,39803294748.45472,18.53669731768393,18.538202554907066,18.20380236600377,18.205203365456654
8.149718749518765,39809689660.85419,39813016660.2686,18.54118095612062,18.542730490887383,18.211742674320558,18.213146671242242
8.24800946336461,39821168453.006836,39824707792.11813,18.546527151086547,18.54817558209635,18.219611366941876,18.221019990452348
8.3474856247977,39835956831.546234,39836418587.59204,18.55341477078121,18.55362983154847,18.227438666085007,18.228835889732807
8.448161531058608,39860722529.756424,39842652652.81066,18.564949281497864,18.556533318922913,18.235299079081294,18.236565440122146
8.550051651821585,39865901785.02644,39843370279.53155,18.567361495961165,18.556867550287294,18.243137828525555,18.244150034870675
8.653170631274223,39855759950.75486,39842842437.44198,18.56263798301599,18.556621710247285,18.250762977884882,18.251555942879882
8.757533290222188,39875805897.03685,39842325499.78134,18.571974290850022,18.556380948895196,18.258263114826924,18.25878062780447
8.863154628219347,39878686478.3201,39841822705.977905,18.573315908413147,18.55614677497994,18.26571148200982,18.2658285214465
8.970049825723585,39866610635.80052,39841303166.400764,18.56769163996844,18.555904801797134,18.272932157588695,18.27270379693111
9.078234246278617,39872023243.11687,39840776664.17764,18.57021253708047,18.555659585793798,18.279945578586183,18.279410413411554
9.187723438722127,39872182894.97994,39840250759.72667,18.570286894205793,18.555414648200106,18.286823408476533,18.285952331855423
9.298533139420517,39858614241.7628,39839715685.87424,18.563967356003584,18.55516543999961,18.293463856500942,18.29233340663984
9.410679274530622,39859357166.37548,39839168183.53741,18.56431336974541,18.55491044328932,18.299876691979026,18.298557329171985
9.524177962288718,39878412186.08538,39838615104.671814,18.573188158058848,18.554652849336257,18.306247430155317,18.304627723559822
9.639045515327101,39854682801.833115,39838058546.05667,18.562136305830236,18.55439363470575,18.312440029954733,18.310548177264206
9.755298443018628,39866800874.12139,39837495135.90613,18.567780242596648,18.554131229003954,18.318423039888305,18.31632218553731
9.872953453849549,39857779555.92093,39836924902.0623,18.56357860488878,18.553865645198208,18.324280687833433,18.321953142485867
9.992027457820912,39868815473.81012,39836346619.24076,18.56871853319125,18.55359631261789,18.330011335815893,18.327444355156196
10.112537568878977,39865205263.65068,39835759256.26917,18.567037094314784,18.5533227509992,18.335646699033134,18.332799039801944
10.234501107374921,39885125601.32629,39835164386.1185,18.576314900514657,18.553045692946174,18.341239314353487,18.338020339553246
10.357935602554209,39878536259.60843,39834563658.9083,18.573245944734964,18.552765906994452,18.346772103299138,18.343111340858776
10.48285879507597,39868803557.58152,39833955872.604996,18.56871298326226,18.55248283330239,18.352083655105144,18.348075059421557
10.60928863956282,39871744232.85919,39833340766.94138,18.570082589328546,18.552196350651723,18.35723231308544,18.35291443146057
10.737243307181362,39867408035.48091,39832716732.14178,18.568063025224,18.551905709296793,18.362251050155862,18.35763231326856
10.866741188253847,39878577869.35098,39832084280.08813,18.573265324282325,18.551611147644273,18.367189099503644,18.36223148748046
10.997800894901342,39852170421.274025,39831444944.99625,18.560966176071037,18.551313380248164,18.37192484638213,18.36671468212812
11.130441263718758,39874600203.7813,39830798158.61357,18.571412744728484,18.551012142447437,18.376528064566436,18.371084565871225
11.264681358482123,39862008556.84738,39830141209.0806,18.56554824273597,18.55070617120592,18.38107534476488,18.375343725976368
11.400540472888565,39859382929.817825,39829475606.18851,18.564325368950897,18.55039616970196,18.385431265032338,18.379494681920725
11.538038133329287,39892429886.232635,39828804453.60099,18.579716837815788,18.55008358345272,18.389853005163243,18.383539918996483
11.677194101695985,39857550744.48654,39828125612.57121,18.563472037009305,18.549767416346654,18.39415763150221,18.387481868765065
11.818028378221166,39860647089.58217,39827435379.79938,18.564914145581607,18.549445943588804,18.398186178283062,18.391322872896527
11.960561204352672,39850004103.939575,39826735205.02655,18.559957223676566,18.549119840389444,18.402077191099437,18.395065205319725
12.104813065662881,39832978422.604904,39826027888.33799,18.552027590433585,18.548790410875483,18.4057231549984,18.398711109581733
12.250804694792999,39861944589.49135,39825312167.807884,18.565518450232346,18.548457067310743,18.40935013818154,18.402262784427936
12.39855707443289,39844828544.82382,39824585354.896484,18.55754673068022,18.54811855752013,18.412955046819114,18.40572235466895
12.548091440336803,39854805514.2425,39823848537.331314,18.562193458573887,18.547775388107762,18.4164360572058,18.409091886067724
12.699429284375467,39888985532.30334,39823103799.53218,18.578112645720243,18.547428529882637,18.420079018309853,18.412373412979857
12.852592357625056,39872721175.45537,39822349582.66051,18.570537595876292,18.54707725682281,18.423732846680664,18.41556892434264
13.007602673493352,39877776429.32037,39821585722.55516,18.572892057252123,18.54672149247099,18.427238971832587,18.418680352511917
13.164482510883603,39869639734.418335,39820812273.79339,18.56910242880114,18.546361262246275,18.430644593496933,18.421709583465216
13.32325441739661,39866483184.88,39820028785.45291,18.56763228028489,18.54599635613368,18.43390738782076,18.424658456294452
13.483941212571365,39868890369.46178,39819235154.95528,18.5687534154986,18.545626726357757,18.43708893032959,18.427528763477937
13.646565991164776,39852539598.05329,39818431512.61588,18.56113811846816,18.545252433612305,18.440117546901895,18.430322255187672
13.811152126471006,39854347468.80974,39817617918.71322,18.561980126007686,18.544873505971758,18.44299477497279,18.43304064118018
13.977723273680795,39855076061.73188,39816793614.47856,18.562319464830168,18.544489590043053,18.445817794773102,18.435685586824032
14.146303373281274,39862509802.501465,39815958264.5396,18.565781695607747,18.544100529628064,18.448619186920485,18.438258712009656
14.316916654496875,39870816926.83703,39815112685.4309,18.569650700788216,18.54370670502404,18.4514410830082,18.440761600942135
14.489587638771654,39859029618.884964,39814256301.60168,18.564160815999195,18.543307848170823,18.454176258017412,18.443195801577417
14.664341143293623,39859953578.57678,39813388857.204636,18.564591146001465,18.542903839908718,18.456787117253047,18.445562820621173
14.84120228456165,39848628004.95426,39812510910.43175,18.559316311865455,18.542494940213075,18.459278327970942,18.447864130777585
15.020196481995317,39849150524.889275,39811620195.240746,18.559559673136313,18.54208009368507,18.461651306975575,18.450101160343895
15.201349461588306,39859244410.81706,39810717469.23738,18.564260854359578,18.54165965317612,18.464026954924297,18.45227529555612
15.384687259605924,39872027482.9499,39809804262.13086,18.570214511763318,18.54123433114129,18.46647262455357,18.454387902452925
15.570236226327143,39851754284.9012,39808879206.07889,18.5607723624579,18.540803490514293,18.468817934384628,18.45644031550628
15.758023029831811,39860964959.4012,39807942264.44747,18.56506219199657,18.540367114233003,18.471047620845965,18.458433829867435
15.948074659833509,39835271982.78794,39806992880.629776,18.553095805603053,18.53992494306034,18.473132392065075,18.460369706712953
16.14041843155869,39871307779.62776,39806031097.99149,18.5698793132314,18.539476997193674,18.475226875857214,18.462249174528097
16.335081989672556,39857729045.15773,39805057347.308105,18.56355507973175,18.539023477264717,18.47739399624742,18.464073435321822
16.532093312252265,39863284447.754944,39804070994.20888,18.566142483093003,18.538564087818195,18.479466140361627,18.46584366146686
16.731480714808132,39846013875.97382,39803071515.80834,18.55809879324419,18.538098585322597,18.481423802202233,18.467560991179234
16.933272854353273,39848926993.96667,39802059221.712814,18.559455564631055,18.53762711397565,18.48325653848805,18.46922653455942
17.13749873352231,39851677378.85681,39801034080.48335,18.560736543819328,18.53714965913481,18.485077095105364,18.470841376931066
17.34418770473983,39855311757.726166,39799994850.01886,18.56242923916194,18.536665642297162,18.486889774548338,18.472406570838153
17.553369474439055,39866649646.23982,39798941896.491806,18.567709808902197,18.53617523400587,18.488742367697935,18.473923139108585
17.765074107331372,39852206262.609825,39797875733.80759,18.560982869009322,18.53567867361002,18.490533083442635,18.47539208519803
17.979332030727445,39867388555.2033,39796795696.68251,18.568053952373763,18.53517565125677,18.49228643035974,18.47681438791436
18.196174038910378,39856126353.31,39795701444.14968,18.562808633330913,18.534666008142345,18.494018990620706,18.47819099733477
18.415631297561585,39866593850.16515,39794592855.05038,18.56768382213551,18.534149687837633,18.495706837523617,18.47952283848509
18.637735348240156,39857880373.05295,39793469812.169,18.5636255600071,18.53362663575,18.497363739208954,18.480810813160588
18.862518112916142,39861425197.304955,39792332010.21984,18.56527654569611,18.533096709694025,18.498953274976348,18.48205579945419
19.090011898558522,39844486985.22858,39791179434.167046,18.55738765086029,18.532559902666826,18.500430580788734,18.483258652897533
19.320249401778593,39865860416.03998,39790011795.247284,18.56734222854485,18.532016080178202,18.501898623442614,18.484420207068016
19.553263713529255,39857375657.31663,39788828638.74832,18.563390490960387,18.53146503044801,18.503402007116,18.48554127168674
19.789088323861044,39874064791.38223,39787629883.21114,18.571163378851438,18.530906715537085,18.504915870406258,18.48662263434525
20.027757126735455,39869453601.96936,39786415526.85459,18.569015738464,18.53034113461586,18.506459799236755,18.487665063519014
20.269304424896426,39935050348.53391,39785185286.475555,18.59956712327879,18.529768155783785,18.508305939237665,18.48866930789535
20.513764934800466,39848784331.24461,39783938686.43921,18.55938912012049,18.529187557516106,18.50998928273838,18.489636094230796
20.76117379160629,39844580542.95644,39782675603.32128,18.55743122494431,18.528599282328543,18.511136321261375,18.49056612877031
21.011566554224647,39855546624.92234,39781395850.20099,18.562538627484784,18.52800324316359,18.51229399480245,18.491460099312274
21.264979210429043,39866389304.59516,39780099139.86514,18.567588555971433,18.527399306253017,18.513544559580357,18.492318674740716
21.52144818202804,39858088603.0234,39778785384.753204,18.56372254216384,18.526787430815908,18.51477888768146,18.493142506031514
21.78101033010006,39879882959.694855,39777454293.31422,18.573873164143322,18.526167481063734,18.516059414417633,18.493932226639405
22.043702960291224,39855361990.2489,39776105522.11371,18.562452634729752,18.52553929704346,18.517293028306494,18.4946884515064
22.309563828177094,39856051091.94504,39774738842.45198,18.562773580694266,18.524902772239244,18.518366764893365,18.49541177785265
22.578631144689147,39876433741.122574,39773354143.949585,18.572266706362548,18.52425785524237,18.519531970482298,18.49610278688228
22.85094358160664,39837197822.42174,39771950898.26762,18.55399275660787,18.523604299981404,18.52056358190937,18.49676204249188
23.126540277114675,39844595280.40513,39770528859.21881,18.557438088843657,18.522941991795754,18.521396636575346,18.497390090954465
23.405460841429427,39862374569.806915,39769088039.525475,18.565718711598524,18.522270936610777,18.52234920245195,18.497987464321376
23.687745362491093,39828102619.49336,39767627965.46733,18.549756707425765,18.521590913793418,18.523186486122334,18.49855467947919
23.9734344117255,39862077609.912544,39766148372.382286,18.56558040388537,18.520901800078516,18.52400455164926,18.499092237001665
24.26256904987534,39867952764.44152,39764649093.13577,18.56831673024699,18.520203517623912,18.525022166534562,18.499600623223998
24.555190832901552,39874235222.41792,39763129787.34418,18.571242756327127,18.519495907897497,18.5260827614038,18.50008031015342
24.851341817956033,39859485839.5908,39761590144.2317,18.56437329870717,18.518778826156858,18.52707081986585,18.500531755022923
25.15106456942623,39834848505.798965,39760029807.07857,18.552898573131504,18.518052106261393,18.527817839184856,18.500955400548587
25.454402165052805,39865776942.81042,39758448518.24374,18.567303351269807,18.517315628215968,18.528583706980882,18.50135167557153
25.76139820212097,39837589471.7745,39756846191.89789,18.55417516550336,18.516569352045963,18.52934459736414,18.501720996883524
26.072096803726463,39876269718.03401,39755222473.71257,18.572190313358938,18.515813112724526,18.530147562703633,18.502063768964515
26.38654262511724,39804463946.47286,39753576449.58282,18.538747103538633,18.515046484511448,18.530745091290147,18.502380379694923
26.70478086011153,39872471324.148254,39751908162.504585,18.570421228772283,18.5142694874319,18.5313121307037,18.50267120299114
27.02685724759327,39839916571.52307,39750217804.467926,18.555259001572136,18.513482210904368,18.53205800847327,18.502936605212252
27.35281807808605,39825500511.95639,39748504526.27709,18.548544787736834,18.512684259419814,18.53252766890341,18.50317694037725
27.68271020040616,39840148566.58591,39746767759.36066,18.55536705221201,18.5118753681687,18.532988443368655,18.503392546305015
28.016581028395926,39847680501.05989,39745007522.95593,18.558875016258487,18.511055546110715,18.53356043672767,18.50358374979956
28.354478547738374,39826056467.886894,39743223598.558,18.548803721669724,18.51022469147819,18.534040165803756,18.50375086881508
28.696451322853907,39841312586.95528,39741415469.2039,18.55590918937733,18.509382563497994,18.534474616023545,18.503894209705265
29.042548503880234,39861358783.21644,39739582805.608086,18.56524561363802,18.50852900880688,18.535093700676622,18.504014066903075
29.39281983373656,39842500932.737946,39737725226.71146,18.556462655992686,18.507663849928324,18.53570338782389,18.50411072394501
29.747315655272857,39870350075.657196,39735842345.356964,18.569433266985577,18.506786906545695,18.536349781532646,18.504184453411508
30.10608691850536,39850198319.81648,39733933793.18927,18.56004767883331,18.505898007099184,18.537021741391136,18.504235517257403
30.469185187939466,40030155437.55142,39731999228.43873,18.643861883683705,18.504996992411133,18.538566072660437,18.504264167314368
30.8366626499808,39884543969.31947,39730038263.14304,18.57604400806661,18.504083681789883,18.54025253996519,18.504270645420128
31.208572120435743,39818285345.9209,39728050393.294365,18.545184357142368,18.503157840496076,18.54073275249518,18.504255182757863
31.58496705210235,39836455722.45355,39726035386.81172,18.553647126940447,18.502219360439067,18.540939068968555,18.50421800098148
31.965901542452947,39876759727.07015,39723992889.03626,18.572418532827278,18.501268076438116,18.54146384259683,18.5041593132523
32.35143034140928,39807629198.51152,39721922031.10671,18.54022130520462,18.50030358382505,18.541813523432545,18.50407932091408
32.74160885921138,39850119005.39106,39719822607.35028,18.560010738502285,18.49932578680872,18.542011629654233,18.503978214633968
33.13649317438156,39846949438.48467,39717694476.234314,18.55853452720638,18.498334619470924,18.542420468894566,18.503856178648363
33.53614004178425,39828189394.95057,39715537012.48294,18.549797122698237,18.497329790592296,18.54269811699163,18.503713388582167
33.94060690078302,39844552135.68994,39713349767.50754,18.557417994389812,18.49631109124473,18.542957122318025,18.503550009980568
34.34995188349621,39844054841.28139,39711132301.728325,18.557186381792576,18.495278316695956,18.5432969661559,18.503366199566806
34.764233823151955,39852299224.45701,39708884154.72524,18.561026165564645,18.494231252507433,18.543671789596267,18.503162105384945
35.1835122625439,39812853146.20799,39706604847.92727,18.542654334961213,18.493169675786895,18.54386401053475,18.502937866790415
35.60784746258914,39866421944.9879,39704293912.125755,18.567603758085127,18.492093368002564,18.54413267096555,18.502693614608326
36.03730041098919,39836636871.533714,39701950865.69052,18.553731496296347,18.491002104837378,18.544523428656245,18.502429471317964
36.4719328309954,39840138912.359055,39699575213.95318,18.555362555799988,18.489895655901805,18.544761021434738,18.50214555111001
36.91180719028024,39831381344.880486,39697166455.81825,18.55128375878502,18.488773787812914,18.544963584138078,18.50184195997576
37.356986709915475,39838445446.522125,39694724106.225136,18.55457383182869,18.487636274655944,18.545152527863085,18.501518795955132
37.807535373458514,39826927397.69813,39692247644.9707,18.54920935324756,18.48648287414867,18.54531180745562,18.5011761492179
38.26351793614863,39836099898.33343,39689736553.44949,18.553481403483268,18.485313344752967,18.545455056892052,18.50081410206636
38.724999934213855,41174476584.46768,39687190309.73375,19.176824226209906,18.48412744338337,18.55307353023905,18.500432729111974
39.19204769429011,39771019213.58895,39684608294.63894,18.523170372101827,18.482924881657517,18.560061772256418,18.500032096899623
39.66472834295417,39799893917.68033,39681989957.990906,18.53661863352194,18.481705403334306,18.55934801055895,18.499612263948332
40.143109816371364,39865859455.06746,39679334804.70078,18.567341780976292,18.48046877782836,18.55917563564721,18.499173281625648
40.62726087005974,39814309672.64189,39676642248.09384,18.5433327054888,18.479214731898605,18.5590829924659,18.498715194110815
41.11725108877194,39817963303.58975,39673911708.91127,18.545034367398962,18.477942995757903,18.558730118513463,18.498238038103977
41.61315089649633,39812298375.344986,39671142609.22748,18.54239595296809,18.476653300240052,18.558374199931997,18.49774184305146
42.11503156657874,39818035538.34157,39668334308.02762,18.545068010404375,18.47534534679531,18.558027489307072,18.497226630974758
42.62296523196612,39815203907.72414,39665486201.93303,18.54374919139006,18.474018854402836,18.557704739820327,18.49669241650934
43.13702489557402,39843031256.69608,39662597685.46371,18.556709651951632,18.472673541063077,18.55752855642752,18.496139207274396
43.65728444077888,39834432231.343544,39659668105.44305,18.55270469520703,18.471309102562017,18.557461428440938,18.495567003762794
44.18381864203688,39807927243.91077,39656696816.617516,18.540360118486703,18.469925238375772,18.55720162381565,18.494975799292334
44.71670317563108,39815141083.00012,39653683166.2214,18.543719931062075,18.4685216444817,18.556842656964974,18.494365580177472
45.25601463054789,39753553420.647156,39650626474.55112,18.515035758889947,18.467098004310966,18.556189929654813,18.49373632570457
45.80183051948482,39833068466.96459,39647526065.03065,18.552069528182443,18.465654002751375,18.55565624145881,18.493088008167987
46.35422928999115,39816312631.170715,39644381274.40842,18.5442655742664,18.46418933089654,18.555478266853815,18.49242059312687
46.91329033574276,39792721486.65671,39641191377.60869,18.533278106563873,18.462703651045757,18.55508168153026,18.491734039294645
47.479094007952895,39768787559.04202,39637955591.6259,18.522130989199358,18.46119659851776,18.554432276717705,18.491028298040632
48.05172162692088,39827471053.91929,39634673232.457146,18.549462558647054,18.459667854741323,18.553992709014288,18.490303313795835
48.631255493719785,39839960297.08766,39631343601.825,18.555279366553936,18.45811709449693,18.553954699968862,18.489559024681054
49.21777890202509,39832381757.05413,39627965900.74166,18.551749696181172,18.456543945659668,18.55394402095814,18.48879536201909
49.811376150086275,39790587810.52816,39624539356.4859,18.532284356661822,18.45494804833815,18.553660066948826,18.48801225008933
50.41213255284251,39793853176.24247,39621063193.53111,18.533805185814543,18.453329041334406,18.553171761683355,18.487209606423065
51.02013445418457,39806263946.307106,39617536604.811966,18.539585445232124,18.451686548761455,18.552781815617944,18.486387341772947
51.6354692393646,39838032636.78677,39613958766.55246,18.55438156758175,18.450020186949384,18.55264549391199,18.48554536000788
52.2582253475557,39849707588.999,39610328867.55774,18.55981912319861,18.4483295780879,18.55275142341759,18.484683558254286
52.8884922845628,39910826146.1405,39606646067.514595,18.58828481176317,18.44661433080497,18.55325809267372,18.483801826963226
53.526360635686835,39769732739.4374,39602909476.182434,18.522571202647292,18.444874030475102,18.55330483575473,18.482900049631752
54.171922078744295,39786968700.89533,39599118215.612274,18.530598772896315,18.443108268197577,18.55267236473904,18.4819781027621
54.825269397243595,39862305945.549866,39595271384.67378,18.56568675016454,18.441316624275057,18.552567541797963,18.481035855966113
55.48649649372027,39856250736.354324,39591368080.8206,18.562866564165148,18.43949867835071,18.552844751447797,18.48007317199354
56.15569840323338,39816725966.50796,39587407421.4094,18.54445808331002,18.437654019337433,18.55286281408117,18.479089906997295
56.83297130702432,39814385522.045425,39583388458.655594,18.543368032001727,18.43578220580889,18.55265070093217,18.47808591043733
57.51841254634043,39848630119.949684,39579310219.35675,18.559317296914905,18.4338827845005,18.55262084370467,18.477061024740927
58.21212063642555,39815856641.89234,39575171718.21737,18.544053199344706,18.431955296515387,18.552597593924332,18.47601508526277
58.91419528067912,39788546021.86758,39570971941.52722,18.53133340292788,18.429999269722646,18.552243581366323,18.474947920228477
59.6247373849859,39806462120.425804,39566709888.80523,18.53967774392189,18.42801423815279,18.551847620500016,18.473859350821133
60.34384907221895,39765556700.868835,39562384538.263626,18.520626231776152,18.42599972591284,18.551332259353615,18.47274919130238
61.07163369691718,39772877809.038666,39557994830.035164,18.524036004435334,18.423955239374465,18.55064541252471,18.471617248848247
61.808195860139854,39847628964.73204,39553539684.16736,18.558851013449406,18.421880275554734,18.550429875042553,18.47046332339668
62.553641424500675,39976245335.36076,39549018011.103676,18.61875350005662,18.41977432699768,18.55134323889841,18.469287207655587
63.308077529382736,39793781349.87462,39544428704.835434,18.533771733012095,18.417636878584805,18.55192758931875,18.468088687130145
64.07161260633724,39771184889.087524,39539770623.88309,18.523247534707846,18.415467398677237,18.551372028755043,18.46686754000634
64.84435639466776,39799057553.18412,39535042601.70711,18.53622910058155,18.41326534396452,18.55086040919007,18.465623536990776
65.62641995720267,39759638520.79989,39530243451.96908,18.517869866465997,18.41103016191497,18.550294982122136,18.46435644124053
66.41791569625771,39791017894.12823,39525372003.669556,18.532484666132284,18.408761307140935,18.549700936219473,18.463066008518574
67.21895736979077,39797375451.98022,39520427037.85692,18.535445669636125,18.406458211921276,18.549328337952602,18.461751987186968
68.02966010775216,39731968499.686386,39515407280.7744,18.504982680635216,18.404120283009608,18.54863640826207,18.46041411781498
68.85014042863149,39791228470.05449,39510311463.59845,18.53258274090722,18.401746929457154,18.54793108051183,18.459052133090587
69.68051625620426,39804355536.77002,39505138282.65335,18.538696612215166,18.399337544082915,18.547640309275536,18.457665757840793
70.52090693648064,39785824780.6891,39499886408.401855,18.53006599729008,18.396891507660996,18.54732556689888,18.45625470888319
71.37143325485853,39788151280.36893,39494554526.919586,18.53114955387958,18.394408208237124,18.54692956943946,18.45481869516056
72.23221745348323,39775299322.01892,39489141284.5233,18.525163813035125,18.391887015339517,18.5464843811446,18.453357417792393
73.10338324881701,39849001002.95088,39483645260.26868,18.559490033977095,18.389327267169854,18.546388320908694,18.451870569668866
73.98505584942022,39899704690.541046,39478065027.27229,18.583105044663206,18.386728299163707,18.546980141690618,18.45035783524399
74.87736197394675,39873760245.53362,39472399143.77835,18.57102153801478,18.3840894398299,18.5476920073457,18.448818890620363
75.78042986935695,39775789654.37912,39466646118.24075,18.52539218309017,18.381409994487658,18.547700965169522,18.447253403389098
76.69438932934987,39669833091.990204,39460804425.32836,18.47604339857369,18.37868925272098,18.54658434560321,18.445661032370957
77.61937171301778,39749612685.89993,39454872544.74974,18.513200379697828,18.37592650646108,18.545355900382514,18.44404142766675
78.55550996372601,39745609391.04919,39448848913.640976,18.511335863423504,18.373121027811237,18.544571859287412,18.442394230655363
79.50293862822011,39844628434.25959,39442731911.89387,18.5574535300998,18.370272062213456,18.544334018734837,18.440719073649127
80.4617938759637,39754290047.515335,39436519921.51793,18.515378839486065,18.367378856096074,18.54414344351022,18.439015579806515
81.43221351870939,39806788257.20573,39430211283.6619,18.539829640636093,18.364440636856695,18.543753336337776,18.437283363133766
82.41433703030589,39742013082.384,39423804283.64484,18.509660899104432,18.361456605890506,18.543300859051673,18.43552202816781
83.40830556674398,39700519002.61769,39417297199.58037,18.490335221157455,18.35842596123681,18.542273565995057,18.43373116985445
84.41426198644395,39750747628.24529,39410688280.759995,18.513728973906407,18.355347887511122,18.541321834683647,18.431910373576077
85.4323508707883,39768667256.42301,39403975724.98588,18.522074958804556,18.35222154534804,18.540767568701913,18.43005921493443
86.46271854490156,39743449805.89522,39397157692.62866,18.510330046511317,18.3490460779486,18.540184744356928,18.42817725949218
87.50551309868081,39716594597.69237,39390232315.48124,18.49782235606848,18.345820615203888,18.53932838021804,18.42626406264686
88.56088440808018,39718514221.397896,39383197683.74483,18.498716412033122,18.342544267633844,18.538355682592574,18.424319169484182
89.62898415665175,39694903828.6806,39376051817.34224,18.487719979567917,18.339216113026577,18.53728551392508,18.422342114404124
90.70996585734608,39714516804.21944,39368792715.437256,18.496854633257797,18.335835219501764,18.536220074466307,18.42033242087353
91.80398487457624,39606164511.10402,39361418407.079346,18.44639004810834,18.332400669098206,18.534686055230292,18.418289601737087
92.91119844654749,39701025315.95795,39353926862.69684,18.490571034280894,18.32891151655217,18.533120665231117,18.416213159307585
94.03176570785615,39765753855.880974,39346315949.08356,18.520718055821696,18.325366768332646,18.532471847393126,18.414102584718734
95.16584771236167,39663440799.34704,39338583491.59977,18.473066217499657,18.32176541161111,18.531625516784025,18.41195735739166
96.31360745633391,39661919644.130135,39330727296.28366,18.47235774641186,18.31810642455988,18.5302296993911,18.409776944978027
97.47520990187972,39745304624.593994,39322745133.7801,18.51119391984034,18.31438876886699,18.529321416083963,18.407560803336384
98.65082200065248,39732701435.79853,39314634725.420204,18.505324042278584,18.310611383252837,18.528821992501335,18.405308376343797
99.84061271784705,39762129612.47046,39306393732.47753,18.5190300810227,18.306773178466266,18.528428617512034,18.403019095575928
101.04475305648423,39765665684.85339,39298019776.64743,18.520676990568703,18.30287304682276,18.528225575418883,18.40069238004947
102.26341608198875,39618921393.755264,39289510439.81413,18.452331507880768,18.298909862095954,18.52723226956843,18.39832763608164
103.49677694706244,39765440584.63117,39280863247.06631,18.520572151169326,18.294882471607213,18.52627095346588,18.395924257057523
104.74501291685849,39703164623.0085,39272075674.872246,18.491567406759128,18.29078970003318,18.525790291966043,18.39348162315512
106.00830339445916,39769150424.37172,39263145146.32042,18.5222999920677,18.28663034718909,18.52534572774398,18.390999101095357
107.28682994666,39674961537.24287,39254069022.78028,18.4784319485037,18.28240318414483,18.52475079767351,18.388476043825555
108.58077633006585,39619583386.14679,39244844611.26612,18.452639827810597,18.278106956654618,18.52334605907848,18.385911790205668
109.89032851750162,39665529330.86025,39235469185.46946,18.474038941503512,18.273740394952743,18.5219259130291,18.38330566485895
111.21567472474072,39710711944.34343,39225939953.343735,18.495082537165747,18.269302198656284,18.52104215941304,18.38065697796166
112.5570054375567,39744510643.66467,39216254051.62648,18.510824126852462,18.26479103421384,18.520614720466895,18.37796502482955
113.91451343910114,39661633105.82688,39206408569.5957,18.472224292507125,18.260205545969946,18.519922773368272,18.375229085615967
115.28839383761098,39646250652.62565,39196400535.608444,18.465059985254722,18.255544349895484,18.51870733464142,18.372448425072687
116.67884409445062,39605763841.26918,39186226902.28882,18.44620343796456,18.250806026689062,18.517211621302252,18.36962229216036
118.08606405249265,39662874390.013435,39175884566.27992,18.472802414942063,18.245989130976398,18.51584628772488,18.366749919696627
119.51025596483952,39807228409.70273,39165370386.97728,18.540034639649267,18.241092200035308,18.515627701115243,18.363830524224795
120.95162452389278,39716834413.949425,39154681125.25156,18.497934049393802,18.236113725256118,18.515704236599703,18.360863305648323
122.410376890773,39854032251.09448,39143813458.6194,18.56183331479793,18.231052159207394,18.516044710291023,18.357847446622085
123.88672272509324,39607457135.77774,39132764050.50754,18.446992082140458,18.22590594789539,18.515760972664065,18.354782112425728
125.38087421509283,39691756538.41304,39121529470.841934,18.486254143514696,18.220673493778804,18.514599596667082,18.351666450779035
126.89304610813464,39691198378.52855,39110106187.291176,18.485994183100313,18.215353151690433,18.513924944224947,18.348499591177692
128.42345574156886,39582505561.38428,39098490623.67449,18.435371000441236,18.20994325604043,18.512659943035747,18.34528064452086
129.97232307397022,39625684961.43366,39086679118.069084,18.455481608605048,18.20444210130499,18.51106848577982,18.34200870283538
131.53987071675215,39638513799.46713,39074667920.99281,18.46145658126778,18.198847941179956,18.50982273632572,18.33868283876673
133.12632396616075,39618404768.16237,39062453213.299774,18.452090891872803,18.193158996915578,18.508565245548606,18.33530210517135
134.731910835656,39481198689.793846,39050031103.72061,18.388187788156525,18.18737345617095,18.5064657400557,18.331865534803132
136.3568620886835,39567184668.747986,39037397616.4146,18.428235364740512,18.18148946721642,18.504140766687602,18.328372139924788
138.00141127184006,39648052402.74076,39024548678.72743,18.46589914213353,18.175505133231873,18.502791267369357,18.324820911792138
139.66579474844085,39571263707.052475,39011480131.862015,18.43013515818213,18.169418517276576,18.50149103102764,18.3212108201428
141.35025173249107,39542470173.15831,38998187727.857315,18.416724701410274,18.163227640882095,18.499640671594577,18.317540812738667
143.05502432306622,39597825379.772385,38984667132.10172,18.442506135815783,18.15693048522289,18.49798347865949,18.31380981491666
144.78035753910876,39524235564.25339,38970913925.675285,18.40823201567847,18.1505249922072,18.49626067980758,18.310016729176855
146.5264993546428,39613350364.14935,38956923580.409676,18.449736826311653,18.14400905286132,18.49466973192292,18.306160434654828
148.2937007344144,39449814020.848816,38942691466.948746,18.373570522080975,18.1373805110838,18.492697524643347,18.302239786514487
150.0822156699622,39535644862.461464,38928212869.98601,18.413545844157426,18.130637170742194,18.490351574695534,18.298253615483986
151.8923012161215,39571833443.53314,38913482965.6745,18.430400510343258,18.123776785151836,18.488732764859254,18.294200727360895
153.72421752796987,39536483022.6209,38898496819.98459,18.413936213419753,18.11679705631098,18.487154565943506,18.29007990239605
155.57822789821867,39403573049.981476,38883249399.34108,18.352034001305704,18.10969563985499,18.484682209576015,18.285889894742066
157.45459879505376,39428608154.72636,38867735559.89288,18.363693986884208,18.102470140058742,18.481678486996515,18.28162943191364
159.35359990043426,39455713099.182724,38851950038.71565,18.376317990845365,18.095118105739278,18.47903366202108,18.27729721415303
161.2755041488532,39553042859.62323,38835887455.665794,18.421648881794706,18.087637031119325,18.477140347672904,18.272891913772586
163.22058776656405,39523160913.69513,38819542318.52809,18.407731502094087,18.080024358224744,18.4756598034855,18.268412174551564
165.189130311282,39362837636.4833,38802909013.94518,18.33306166870461,18.072277472660016,18.473160627416526,18.263856611125178
167.1814147123639,39506928196.39132,38785981798.62067,18.40017118822318,18.064393699511097,18.470641169840643,18.2592238082895
169.1977273114714,39464924891.63307,38768754810.132965,18.3806083410643,18.05637030838194,18.468738481328028,18.254512320334644
171.23835790372596,39286853441.44591,38751222065.482475,18.297672377253317,18.048204512717827,18.465662180878194,18.249720670444972
173.30359977936027,39378220854.70813,38733377438.45397,18.340226332263253,18.039893459262032,18.462189313029544,18.244847349979906
175.3937497658705,39473581134.49643,38715214651.946075,18.384639946602974,18.031434224483284,18.459829064372457,18.239890817605044
177.5091082706783,39331406690.34221,38696727304.250145,18.31842284923657,18.02282382681505,18.457258596987675,18.23484949854768
179.64997932430765,39340134503.8387,38677908861.64783,18.322487788470415,18.014059223207877,18.454017771106173,18.229721783972924
181.81667062408056,39396452838.41023,38658752628.7256,18.348717795318848,18.00513729530353,18.451214170797336,18.224506030169362
184.00949357834142,39393065349.404625,38639251756.52925,18.347140087801534,17.996054853232895,18.448767046823527,18.219200557636366
186.22876335121506,39372451956.03766,38619399248.95066,18.33753949408195,17.9868086385906,18.44624491293952,18.213803650273228
188.4747989079024,39301808709.63756,38599187957.74512,18.30463772504053,17.97739532211435,18.443277399868474,18.208313554594877
190.74792306052458,39348176787.22654,38578610572.04765,18.32623344519029,17.967811498802217,18.44025013188954,18.20272847888069
193.04846251451977,39319499898.973236,38557659602.13078,18.31287731559238,17.95805368034786,18.437389708830977,18.197046592195804
195.37674791559772,39284053157.76687,38536327389.971504,18.296368157932246,17.948118300062077,18.434243049374768,18.19126602340514
197.73311389726268,39368640741.87308,38514606126.792755,18.335764438509045,17.938001721042653,18.431446028002952,18.18538486036623
200.11789912890913,39314535378.10323,38492487814.72449,18.310565112694157,17.927700218318183,18.428878862015267,18.17940114902441
202.53144636449608,39180066834.92926,38469964262.01205,18.247937003479176,17.91720997661638,18.425329464539182,18.173312892292763
204.97410249181,39180175437.686584,38447027107.65106,18.247987584716885,17.90652710183769,18.421127322400675,18.167118049068883
207.44621858232193,39302190854.90748,38423667786.41812,18.304815707452885,17.89564760476846,18.41770254724297,18.160814533216115
209.94814994164432,39293742193.759056,38399877527.30769,18.300880782148912,17.88456740035297,18.414981163840686,18.15440021236835
212.48025616059775,39249152804.20737,38375647372.92092,18.280113477820645,17.873282316723653,18.41203043966094,18.147872906862244
215.04290116689413,39233049034.76608,38350968158.229065,18.272613220827182,17.861788085310277,18.408815710900555,18.14123038868316
217.63645327744084,39222698603.85026,38325830514.69957,18.26779255494862,17.85008034276163,18.4055313827284,18.134470380342567
220.26128525127794,39160379409.582855,38300224851.35039,18.238767675131793,17.83815462212167,18.401922216740104,18.12759055369946
222.91777434315375,39151901558.42638,38274141337.90726,18.234819154715016,17.826006344985114,18.398009739497997,18.12058852861235
225.60630235774448,39107117103.820854,38247569926.04702,18.213960999729732,17.81363083139138,18.393894897884138,18.113461871648703
228.32725570452996,39220406852.209015,38220500333.428116,18.266725182099226,17.801023292386894,18.390260727328474,18.106208094852885
231.08102545333108,39022488046.43031,38192922035.09697,18.174545403160366,17.788178826022655,18.386235451832746,18.098824654407917
233.86800739051486,39221116408.39868,38164824273.77178,18.26705565465059,17.775092422143842,18.382322571210928,18.091308949339
236.68860207588085,39137165595.8956,38136196029.81005,18.22795594753673,17.76175894840234,18.379125744299515,18.083658320137364
239.54321490022994,39045118653.02751,38107026013.87357,18.18508550471956,17.74817314684049,18.37503337841017,18.075870047211378
242.4322561436301,39162664112.19159,38077302672.335846,18.23983176492652,17.734329636409573,18.371185579076194,18.067941349364123
245.35614103438468,39152366136.67186,38047014167.01646,18.235035529908874,17.720222903531184,18.368016415855276,18.059869382224175
248.31528980870976,39101170358.582634,38016148396.19879,18.211191330322585,17.70584731188614,18.364581711679502,18.051651236719138
251.31012777113347,39100415621.78998,37984692996.78963,18.21083981511194,17.691197103420286,18.360943430025873,18.04328393771256
254.3410853556237,39042224697.777275,37952635288.86035,18.183737658292454,17.67626637251485,18.35706423299912,18.034764442377167
257.408598187451,38952523960.74449,37919962271.435074,18.141959950116608,17.661049064024745,18.352459955393517,18.02608963827915
260.5131071457995,38913985932.935455,37886660638.8817,18.12401103985414,17.645538980912654,18.347258938112862,18.017256341575678
263.6550584271334,38963469366.65793,37852716766.03638,18.147057722880177,17.629729777320808,18.34224444086525,18.008261295262468
266.8349036093247,38944512251.43288,37818116705.06597,18.138228533132956,17.61361495710969,18.337514901577492,17.999101167363886
270.05309971655794,38996652739.153496,37782846163.37961,18.162512726911007,17.59718786357044,18.333082843152315,17.989772549026103
273.31010928501604,38858969148.98862,37746890499.64337,18.098387224258683,17.580441677568732,18.328277554522685,17.980271952512176
276.6064004293574,38846468341.7377,37710234727.9689,18.092565030433224,17.563369419495572,18.322761658618745,17.97059580924603
279.9424469099964,38920532825.02927,37672863490.24207,18.127060224915507,17.54596393637952,18.31771896430179,17.960740467772197
283.3187282011958,38825114293.93238,37634761047.690605,18.08261948029513,17.528217897959337,18.31267232155059,17.95070219156524
286.7357295599775,38928843824.75865,37595911274.21346,18.13093103504293,17.5101237935772,18.307797682003557,17.940477156807976
290.1939420958668,38788557675.622406,37556297643.852356,18.06559340244817,17.491673926343584,18.302828772458522,17.930061450116014
293.69386284147885,38610231487.895676,37515903231.454796,17.982538795792752,17.4728604134461,18.29621848838351,17.919451066251348
297.2359948239523,38687034052.253586,37474710693.25482,18.01830923901362,17.453675177105044,18.289213127861046,17.9086419057859
300.8208471372484,38571637549.80928,37432702242.08435,17.964563845574215,17.4341099330282,18.282154451310912,17.897629772576316
304.44893501532135,38586798178.04437,37389859650.60289,17.971624838862784,17.414156191915065,18.27471430657778,17.886410371180624
308.1207799061689,38461563100.046555,37346164240.06427,17.913297173839698,17.393805254225008,18.266838489578888,17.87497930429142
311.836909546778,38633699674.58823,37301596846.71387,17.993468996452076,17.373048194526927,18.259417862708545,17.86333206998178
315.5978580389755,38587372062.039536,37256137826.18641,17.97189212270983,17.351875863547505,18.252859928583266,17.851464058856553
319.4041659261899,38360108691.319885,37209767055.529724,17.866045246808294,17.33027888911377,18.244941931607073,17.839370551306462
323.2563802711419,38365342968.796074,37162463900.37809,17.868483087612567,17.308247660864225,18.235994242480313,17.82704671465621
327.15505473447257,38495850283.62146,37114207175.11068,17.929266272834287,17.285772311692824,18.228011592640836,17.81448759997896
331.100749654316,38312761959.27678,37064975158.772446,17.843993722820773,17.262842725164056,18.21991759674912,17.80168813885616
335.0940321268354,38584773186.283806,37014745580.51787,17.970681708208236,17.239448528733444,18.21252101552949,17.788643140220707
339.13547608772984,38527743865.76482,36963495573.103516,17.944120562905287,17.215579072086904,18.206474882936384,17.77534728693683
343.2256623947215,38150922085.25369,36911201681.510864,17.768617541400086,17.19122343115679,18.19816778735041,17.761795132253962
347.36517891104063,37900984251.35683,36857839868.95056,17.65221013793772,17.16637041091835,18.186603757663562,17.74798109642509
351.5546205899174,38392718860.51982,36803385454.796295,17.88123328402478,17.141008516482717,18.17667226252641,17.7338994630938
355.79458956008955,37940293892.280235,36747813097.156044,17.670518423480516,17.115125944979546,18.16716171615759,17.71954437532969
360.08569521234466,38188770992.52392,36691096803.11061,17.78624549692215,17.08871059032555,18.156774455732304,17.70490983171906
364.428554287106,38198434772.64731,36633209872.93473,17.790746358333386,17.06175001724576,18.148049597824006,17.689989682294705
368.82379096307136,37987966487.38652,36574124896.21513,17.69272171669992,17.034231459465506,18.138416294588627,17.674777624234736
373.2720369469261,38218994763.81385,36513813749.706055,17.80032208022227,17.006141818711647,18.12913925520855,17.659267197630115
377.7739315641329,38064406223.35547,36452247542.32304,17.728323174257426,16.97746763909369,18.120490983947874,17.64345178103538
382.3301218508199,38205850249.777336,36389396589.04763,17.794200082904343,16.948195094949998,18.111984875222486,17.62732458667832
386.94126264677766,38095712978.78671,36325230410.28897,17.74290415247014,16.918309990550476,18.103844696167517,17.61087865563643
391.60801668957356,38101774298.37943,36259717693.59638,17.74572718435908,16.887797742264382,18.095327010446514,17.594106852911725
396.33105470980524,37786220215.54532,36192826270.892075,17.598759312941002,16.85664336795655,18.085292963229083,17.57700186228586
401.11105552750286,37788706851.41064,36124523097.535286,17.59991745222678,16.824831477236618,18.07377991165826,17.559556181056017
405.94870614969005,37717160988.44637,36054774200.695206,17.566595293647218,16.792346247413956,18.062156164975587,17.541762114494304
410.84470186912574,37751840943.85901,35983544654.83713,17.58274732432954,16.75917141208045,18.050607923103193,17.523611770019073
415.7997463642362,37541037261.11206,35910798576.00173,17.48456647285028,16.725290258446094,18.03835345660695,17.505097051338282
420.81455180024926,37704732826.09631,35836499047.141014,17.560806933852213,16.69068559256457,18.026141801801757,17.486209652285712
425.88983893155137,37712880674.794846,35760608087.92172,17.564601757132916,16.6553397252693,18.015162408430037,17.46694105022625
431.02633720527984,37487205654.346924,35683086684.31432,17.459494648108763,16.619234485954394,18.003235269127156,17.44728249961597
436.22478486616023,37467120176.765976,35603894691.35734,17.45013992875297,16.58235117728758,17.990241601329558,17.42722502533742
441.48592906261183,37403604376.04976,35522990782.27984,17.420557734953295,16.54467055151424,17.97709309791935,17.406759415377156
446.81052595413337,37389214767.28878,35440332425.32454,17.41385584045982,16.506172799662867,17.963827913235995,17.38587621326908
452.1993408199794,37152690174.38525,35355875841.496414,17.303695592666944,16.466837531866673,17.949485321670352,17.364565710355247
457.65314816915196,37100897458.211006,35269576003.23646,17.27957337189666,16.426643776745916,17.933897944995728,17.342817937990922
463.17273185171797,37200074090.939285,35181386519.47906,17.32576443517043,16.38556992787387,17.91894627904709,17.320622659289114
468.7588851714661,36902941058.64116,35091259616.74934,17.187376083821444,16.343593734973037,17.903243579143595,17.297969360325332
474.41241099992544,37118488137.05394,34999146105.87775,17.287766150146037,16.300692288412574,17.88747973537863,17.274847241262478
480.1341218917604,36811786599.80902,34904995270.55746,17.144921311363728,16.256841967304446,17.871569179311084,17.25124520688475
485.9248402015522,40663936462.879265,34808754824.02129,18.939042498686447,16.212018419325886,17.875733955646286,17.227151856504328
491.7853982019932,36892323160.96628,34710370906.5802,17.18243084652267,16.166196559572956,17.87999227070381,17.202555473855885
497.7166382035078,36328100434.85672,34609788027.91179,16.91964669137162,16.119350543681694,17.86033421921489,17.177444016896704
503.71941267531,36816560968.86888,34506948907.325745,17.14714495192572,16.071453693432467,17.840758722275144,17.15180510664539
509.79458436792675,36354208319.25517,34401794436.43197,16.9318063191692,16.022478479362817,17.821759601373852,17.125626015201846
515.9430264371982,36070667401.35593,34294263690.216194,16.79974843296056,15.972396525925893,17.79910129444476,17.098893653907727
522.1656225697697,36134386398.17797,34184293803.286022,16.829425264417544,15.92117855385259,17.77577849232317,17.07159456116141
528.4632671101007,36448269739.09034,34071819829.678284,16.97561499542393,15.868794314857489,17.755099819095054,17.043714889064727
534.8368651890073,36212631462.23527,33956774673.645874,16.86586754527853,15.815212559403124,17.735324578933884,17.015240389233156
541.2873328537482,35813305908.67726,33839089054.062138,16.679883494360332,15.760401020121499,17.71250923204156,16.986156398365054
547.8155971996863,36056562109.958755,33718691418.156864,16.793178957979425,15.704326371637015,17.689394610906774,16.956447823478765
554.4225965035367,36169628156.41744,33595507766.679733,16.845838952197994,15.646954149137148,17.668789201936846,16.926099126056027
561.1092803582181,35783128206.00791,33469461618.76089,16.665828367309626,15.588248732006422,17.647146869200604,16.8950943054072
567.8766098093348,35695334133.60675,33340473860.75589,16.624938679468997,15.52817327342663,17.62341039909848,16.863416881398955
574.7255574933044,35429279394.15642,33208462495.109177,16.501024900928975,15.466689583411151,17.598278148680446,16.831049875368336
581.6571077771479,35451213215.56517,33073342736.971573,16.511240477972237,15.403758173804107,17.572403993334223,16.797975790648003
588.6722568999686,34840396332.75029,32935027068.12473,16.226755307356587,15.339338283395417,17.543872948651362,16.76417659438204
595.7720131161401,35317013322.73829,32793424621.85036,16.448737491428187,15.273387591426468,17.51531341402845,16.729633696654144
602.9573968402125,35667944320.47438,32648441094.70442,16.612181999224365,15.205862176499336,17.491992073451456,16.69432792624723
610.229440793577,34466012928.535995,32499978887.09034,16.052387948463775,15.13671658204813,17.464476787662967,16.65823950727368
617.5891901528903,35115785581.016815,32347936673.812893,16.355016590701897,15.065903616326414,17.43462827125044,16.621348034746674
625.0377027002941,34662085922.20511,32192209344.159966,16.143708048851348,14.993374324500572,17.4065321951696,16.583632448042565
632.5760489754474,34681925045.95291,32032687836.637283,16.152948030035642,14.919077911678253,17.376723742808203,16.545071003746166
640.2053124293863,34507790007.01836,31869258822.977684,16.071845431768928,14.842961595737147,17.346763814135528,16.50564124647915
647.9265895802449,33922859983.056934,31701804552.56939,15.799416947313771,14.764970534868155,17.313312212399865,16.465319977823288
655.7409901708554,34188213599.086357,31530202490.9224,15.923004180825927,14.685047659192769,17.278918100760922,16.424083223120075
663.6496373282415,33310733474.374016,31354325179.175415,15.514321824437477,14.603133605329056,17.241923845840095,16.381906196294562
671.6536677250424,33372779327.6196,31174040155.93169,15.543219396923064,14.519166679987077,17.201338231304106,16.33876326430824
679.7542317428836,33751405963.102757,30989209247.39089,15.719563021379988,14.433082529351031,17.164155897867015,16.294627908085474
687.9524936377117,33655510532.45072,30799688293.918175,15.674900162972106,14.344814011730069,17.129398664133756,16.249472678955055
696.249631707129,33301501963.761127,30605327169.83426,15.51002229057449,14.254291206775413,17.092974157978187,16.203269154734144
704.6468384597479,32289548539.682053,30405969220.217693,15.038709609796022,14.161441153173598,17.049854608328083,16.15598789383517
713.145320786579,34144296547.67764,30201450823.02308,15.90255001491393,14.066187644705034,17.01250128440329,16.107598384941138
721.746300134495,32567016421.743805,29991600903.875378,15.167939007328284,13.96845100426167,16.97745026537659,16.058068992778814
730.451012681785,33531762848.5754,29776240401.609695,15.617265244961446,13.868147834924596,16.939934281281325,16.007366899549247
739.2607095158205,32289450874.85265,29555181866.744175,15.038664122848235,13.765190832954625,16.901702752014373,15.955458042586454
748.176656812871,32678529444.203396,29328228936.207314,15.219875687719448,13.659488543148944,16.85972351262611,15.902307048375533
757.2001360200866,32083093074.634956,29095175660.5969,14.942553920831124,13.550945045515041,16.81756776646091,15.847877161519564
766.3324440396711,35565210793.99492,28855805658.692097,16.564334328947517,13.43945956148857,16.792471929332926,15.792130167007333
775.5748934152812,47890866574.82231,28609891869.322926,22.30495215797561,13.324926338367703,16.855477316723082,15.735026308308779
784.9288125206746,32038028532.20841,28357195356.705513,14.921565316223713,13.207234092903473,16.896598038015842,15.676524199419406
794.3955457506266,31064466211.03911,28097464367.87963,14.4681331161076,13.086265572305628,16.844402471077,15.616580727205491
803.9764537141556,31110324793.278885,27830433351.131752,14.4894915411278,12.961897097077655,16.788358923109893,15.555150945445684
813.6729134300795,29735583536.971886,27555821861.192646,13.849212086096104,12.833998051117556,16.726264493176814,15.492187959923605
823.4863185249237,30849034643.016975,27273333870.86144,14.367796848219358,12.702430561109914,16.664281895505567,15.427642806418056
833.4180794332223,29094307363.342785,26982655775.02935,13.550540640038651,12.567048566909065,16.600134892864077,15.36146431673062
843.4696236002361,30416094344.39784,26683454789.831547,14.166156883470082,12.427697075951398,16.535220784617177,15.293598968056042
853.6423956871075,28788956393.382877,26375377558.067543,13.408324821794764,12.28421151373628,16.47006241070437,15.223990719401904
863.9378577784973,28795083285.610306,26058049375.283993,13.411178393838535,12.136417363377648,16.397558372878716,15.152580839940285
874.3574895927261,28988554577.0745,25731070444.485355,13.501286763318726,11.984128421252638,16.32787949851042,15.079307716394608
884.9027886944416,28900592731.807846,25394013147.036804,13.46031893603302,11.827145525937086,16.2604242478595,15.004106629303168
895.5752707098593,28881316925.7245,25046420983.74187,13.451341317475551,11.665256065017271,16.19397775583356,14.926909513739426
906.3764695445994,27844806029.396477,24687804565.92306,12.968591106269903,11.498232107954058,16.123246903104928,14.847644697643549
917.307937604142,27990525064.34897,24317638156.784897,13.036459080595314,11.325828795238538,16.049316236831334,14.766236605171798
928.3712460169497,26724420895.81181,23935355988.576015,12.446776852521337,11.147782623127108,15.970909073359218,14.682605427665925
939.5679848602816,29403504518.12838,23540346700.655766,13.69454780128097,10.963808853196431,15.902285636458302,14.596666751350702
950.8997633887208,25960878332.470314,23131948649.481308,12.09116039443737,10.77359932799135,15.830872966294468,14.508331137319187
962.368210265473,25854201296.946056,22709443945.323345,12.041476052851992,10.576819693652526,15.74168039851693,14.417503652650565
973.9749737964391,26294253664.60495,22272050463.78077,12.246428431241315,10.373105679315884,15.656458331965098,14.324083335595482
985.7217221671224,25713000730.667778,21818910917.490482,11.975712534653892,10.162058007311442,15.572442525550068,14.227962568967737
997.6101436823909,24514444057.15018,21349082928.14464,11.417490243569121,9.94323776925072,15.480577274535191,14.129026353346838
1009.6419470091245,22901135343.641457,20861536888.916973,10.66609908603731,9.716165430461578,15.375361216231664,14.027151531189723
1021.8188614217956,24461473359.388897,20355132283.79017,11.392819383260212,9.480309800823209,15.272450621428995,13.922205886168392
1034.1426370510137,22262182220.019398,19828592093.420197,10.36850958990003,9.23507611441445,15.168328614798993,13.814046991925025
1046.6150451350566,20492001154.607815,19280490210.301235,9.544055851664325,8.979800168184402,15.044787377356908,13.702520877892542
1059.2378782744452,21101038574.423225,18709224917.228386,9.827712245523388,8.71373596966767,14.917845507195482,13.587460510506697
1072.0129506895892,19341363852.689487,18112987803.86087,9.008151788822344,8.436041260015797,14.787484518615084,13.468683992433627
1084.9420984815295,19554026663.926228,17489713987.73241,9.107198520896095,8.145754329660418,14.651742112171982,13.345992357710829
1098.027179895836,20614483416.56196,16837019076.280777,9.601101405200499,7.841764658666731,14.526267742413065,13.21916679625614
1111.270075589688,20297984369.213043,16152149776.709446,9.453693420879876,7.52278991350236,14.407825090143353,13.08796532429925
1124.6726889021647,19305194373.124107,15431868998.53479,8.991306019075743,7.187322434074009,14.28494261871627,12.95211862512759
1138.2369461278074,17305789381.270428,14672319904.31323,8.060092285074118,6.833565915975162,14.148429710743102,12.811324603711663
1151.9647967934795,16058803744.488281,13868869330.693308,7.479314425758221,6.459362484556946,13.997265027492867,12.66524145573052
1165.8582139385567,13846867335.545135,13015846857.075785,6.449115155906226,6.062071167349507,13.830566328609232,12.513478593877673
1179.919194398505,14862952892.3616,12106164134.443909,6.922352358615694,5.638390598205071,13.661326059553865,12.355584245348032
1194.1497590918812,12929616505.863918,11130732523.707668,6.021909775503713,5.184087785019242,13.490937225465299,12.191028023275319
1208.5519533107824,10447545363.367298,10077599173.000767,4.8658964885112255,4.693595741681788,13.300206500541671,12.0191759223733
1223.1278470148095,16383777059.68943,8930463345.529736,7.630669261588047,4.1593224745554656,13.133330124094318,11.839252934396065
1237.879535128577,8991108664.371525,7665953294.632292,4.187567754545501,3.5703826994841386,12.961931138800786,11.650283298694555
1252.8091378427982,15755002642.970592,6248223325.519854,7.337820451655551,2.9100814480007076,12.79159201548569,11.450987246837306
1267.918800919016,10633832661.74643,4614806067.675051,4.952658946056095,2.1493248278773596,12.633958671652215,11.239572039963555
1283.210695998004,7310273192.157194,2642805305.793007,3.404726317867904,1.2308744886973437,12.433528372515056,11.013262731296527
1298.6870209118815,0.0,0.0,0.0,0.0,12.179046104419763,10.766832235060042
1314.35,0.0,0.0,0.0,0.0,11.890502703423195,10.511746708293186
