R_kpc,Sigma_bar,Sigma_eff,kappa_bar,kappa_eff,kappa_bar_mean,kappa_eff_mean
1.0,39625486921.47069,39628796837.95702,15.860788902524911,15.862113754047337,0.0,0.0
1.0120606264911474,39625531510.19401,39628840300.44385,15.860806749935328,15.862131150662048,0.3757706903722965,0.3758020731040731
1.0242667116936537,39625580610.813156,39628884825.59863,15.860826403310359,15.862148972628054,0.7426391448714854,0.7427011396891626
1.0366200099307066,39625619176.34126,39628930439.51538,15.860841839832348,15.862167230389934,1.1008162444123657,1.1009081381166366
1.0491222966837304,39625666283.925674,39628977169.08186,15.860860695460635,15.862185934709983,1.4505078938423825,1.4506290094917693
1.0617753688475675,39625714621.109604,39629025041.80731,15.86088004325747,15.862205096599249,1.7919151747871431,1.7920648160643826
1.0745810449887383,39625764316.81134,39629074085.94041,15.860899934824637,15.862224727364758,2.12523437103921,2.125411856824134
1.0875411656068144,39625814844.46308,39629124330.44947,15.860920159394233,15.862244838601583,2.4506571141726816,2.4508617803575787
1.1006575933989453,39625865843.24486,39629175804.90923,15.860940572541802,15.862265442147523,2.768370491463813,2.7686016950308363
1.113932213527575,39625920606.20778,39629228539.61669,15.860962492368209,15.862286550129475,3.078557171763512,3.0788142765618307
1.127366933891388,39625973255.2474,39629282565.68697,15.860983566060122,15.862308175001813,3.3813954836529145,3.3816778730449846
1.1409636853995222,39626027282.43896,39629337915.02534,15.86100519138127,15.862330329535167,3.677059519742786,3.6773666074879827
1.1547244222490889,39626084649.88922,39629394620.37557,15.861028153698939,15.862353026835809,3.9657192738959877,3.966050477919352
1.1686511222060412,39626144358.48786,39629452715.27257,15.861052053101881,15.862376280326659,4.247540716998419,4.247895455124339
1.1827457868894284,39626200933.043915,39629512234.03656,15.861074698049881,15.862400103744987,4.522685856963347,4.523063578064983
1.19701044205908,39626262394.61887,39629573211.92815,15.86109929911202,15.86242451120446,4.791312875901494,4.79171304704023
1.2114471379067577,39626325515.32093,39629635685.14819,15.861124564268577,15.862449517195106,5.053576230713487,5.053998314639654
1.2260579493508208,39626390953.60426,39629699690.78726,15.861150757077265,15.862475136563061,5.309626706866915,5.310070174542074
1.2408449763344431,39626455118.3587,39629765266.82959,15.861176440133908,15.862501384512177,5.559611503425711,5.560075848210141
1.2558103441274293,39626524037.568794,39629832452.17398,15.861204026243948,15.862528276612377,5.803674343872414,5.804159069531127
1.2709562036316695,39626590396.16889,39629901286.75304,15.861230587425394,15.862555828847375,6.041955540141062,6.042460167453068
1.2862847316902777,39626661616.37685,39629971811.55931,15.861259094549766,15.862584057625154,6.274592080851752,6.275116146663778
1.3017981314004599,39626735561.947235,39630044068.62321,15.861288692547754,15.862612979769112,6.50171773391089,6.502260766358493
1.3174986324301545,39626807994.480606,39630118101.00731,15.861317684926417,15.862642612515797,6.723463067738463,6.724024617141196
1.3333884913384921,39626885641.40006,39630193952.83545,15.861348764453613,15.862672973526537,6.939955569468329,6.94053519610415
1.34946999190012,39626960691.85407,39630271669.37818,15.861378804700449,15.862704080921658,7.151319700285649,7.1519169801292035
1.3657454454334392,39627041074.41095,39630351297.108154,15.861410979214003,15.862735953302643,7.357676973672845,7.358291497453115
1.3822171911327976,39627124745.246574,39630432883.69066,15.8614444699182,15.862768609748354,7.559146051859675,7.559777397537582
1.3988875964046932,39627206134.83496,39630516477.98849,15.861477047513596,15.862802069816968,7.75584274955619,7.756490519283913
1.415759057208029,39627293127.89099,39630602130.08585,15.861511867994171,15.862836353555565,7.947880148974581,7.948543957631707
1.4328339983984741,39627378428.231606,39630689891.32215,15.861546010936022,15.862871481513627,8.13536865556611,8.136048128579958
1.4501148740769754,39627468998.273766,39630779814.42353,15.861582263167382,15.86290747479571,8.318416057901976,8.31911083266848
1.467604167942475,39627562086.29485,39630871953.52925,15.86161952326351,15.862944355071992,8.497127610538222,8.4978373169561
1.4853043936488803,39627656374.9362,39630966364.119194,15.861657263928738,15.86298214454926,8.671606055109184,8.672330335530244
1.5032180951663396,39627755929.476234,39631063103.03639,15.861697112361309,15.863020865979925,8.841951712298306,8.84269020858271
1.5213478471468749,39627851661.58541,39631162228.63679,15.861735430799587,15.863060542721962,9.008262501821699,9.009014880086651
1.5396962552944244,39627954624.783104,39631263800.84193,15.86177664360655,15.863101198760013,9.17063403339261,9.17139997410806
1.5582659567393489,39628058569.27669,39631367881.084274,15.861818249194227,15.863142858683489,9.32915967384425,9.329938849783094
1.5770596204174525,39628164557.97738,39631474532.379555,15.861860673011277,15.863185547715524,9.483930553596547,9.48472265499299
1.5960799474535783,39628273473.048805,39631583819.39484,15.861904268159007,15.863229291740236,9.635035653244152,9.635840378768
1.615329671549826,39628385738.02868,39631695808.48511,15.861949204165736,15.863274117317363,9.782561851450154,9.783378902450258
1.6348115593784562,39628500453.72279,39631810567.739914,15.861995121113376,15.863320051700926,9.926593966273673,9.927423049644933
1.65452841097953,39628618999.733,39631928167.00986,15.862042571211513,15.863367122849839,10.067214808624836,10.068055634988243
1.6744830601633456,39628745472.14637,39632048677.95353,15.86209319399009,15.8634153594467,10.204505253515402,10.205357511760479
1.6946783749177292,39628861434.63432,39632172174.176315,15.862139609988603,15.86346479095334,10.338544191248335,10.339407618371839
1.7151172578202367,39628989459.09052,39632298731.25816,15.86219085399926,15.863515447621944,10.469408663848522,10.470283023747701
1.7358026464553273,39629118705.26616,39632428426.70291,15.862242587024328,15.863567360474773,10.597173942753642,10.598058971638574
1.7567375138365704,39629251834.39522,39632561340.03388,15.862295874268899,15.863620561342412,10.721913477689025,10.722808923880452
1.7779248688339402,39629387660.62478,39632697552.90556,15.862350241074756,15.86367508290849,10.84369898511076,10.844604602631227
1.7993677566062685,39629526965.02088,39632837149.15164,15.862406000077142,15.863730958728894,10.962600480520319,10.963516031607226
1.8210692590389104,39629669769.66889,39632980214.83545,15.862463160116105,15.863788223251966,11.078686324413217,11.079611576343245
1.8430324951866892,39629816847.99441,39633126838.31434,15.862522030768668,15.86384691184427,11.192023261495779,11.192957983499284
1.8652606217221832,39629967296.389404,39633277110.294334,15.862582250350032,15.863907060812469,11.302676454507822,11.303620419236584
1.88775683338942,39630122561.024536,39633431123.90104,15.862644397715103,15.863968707431699,11.410709525006606,11.411662506685122
1.9105243634630407,39630278519.04608,39633588974.76315,15.862706822620122,15.864031889979008,11.516184574390971,11.517146362524079
1.9335664842130058,39630439860.82207,39633750761.0938,15.862771402466299,15.864096647765905,11.61916223570784,11.62013263269653
1.9568865073748998,39630607691.16384,39633916583.76202,15.862838579473552,15.86416302116697,11.71970173287481,11.720680527278624
1.9804877846259143,39630776005.83589,39634086546.35717,15.862905950342403,15.864231051645646,11.81786086325608,11.818847854523346
2.0043737080665673,39630952979.26084,39634260755.27613,15.862976787027389,15.864300781789128,11.913696065585807,11.91469105409845
2.0285477107082346,39631129077.51206,39634439319.78724,15.8630472734089,15.864372255333965,12.007262434514109,12.008265229537594
2.0530132669665586,39631310659.71762,39634622352.13128,15.863119954838318,15.864445517206478,12.098613744798541,12.09962417992348
2.0777738931608125,39631499638.47295,39634809967.66587,15.863195596865163,15.86452061358056,12.187802536270611,12.188820430821485
2.102833148019282,39631691289.74232,39635002284.91559,15.863272308612132,15.864597591897725,12.274880090480044,12.275905264481393
2.1281946331907466,39631892247.059494,39635199425.639725,15.86335274526626,15.864676500894246,12.359896483401599,12.360928749324101
2.153861993762124,39632091571.548065,39635401514.95905,15.863432528352398,15.864757390651883,12.442900583707232,12.443939768730674
2.1798389187823672,39632305787.389046,39635608681.41788,15.863518271960801,15.864840312622725,12.523940129546006,12.524986049150263
2.206129141792668,39632508547.855156,39635821057.11414,15.863599430356587,15.864925319681268,12.603061680272473,12.604114187542939
2.232736441363065,39632727402.42487,39636038777.931854,15.863687030696678,15.86501246621744,12.680310699401431,12.681369678174143
2.2596646416355184,39632952654.174255,39636261983.590904,15.863777191618965,15.865101808156558,12.755731656925382,12.756796938775633
2.2869176128735367,39633182350.29024,39636490817.61877,15.863869131476122,15.865193402947982,12.82936791424568,12.830439336086732
2.314499272018431,39633414787.61272,39636725427.51112,15.863962168548756,15.86528730962942,12.901261788126675,12.90233921079109
2.3424135832522777,39633652118.13849,39636965964.947044,15.864057164210939,15.86538358891305,12.971454595010584,12.972537901864452
2.3706645585676736,39633899645.79426,39637212586.02203,15.864156241451388,15.865482303278807,13.03998670792117,13.041075770347668
2.399256258344359,39634153684.87834,39637465451.36318,15.864257925004038,15.865583517020475,13.10689755079037,13.10799222255818
2.4281927919327986,39634414983.272064,39637724726.18653,15.864362514221368,15.86568729626864,13.172225599722864,13.173325732752355
2.4574783182447963,39634681829.32024,39637990580.32726,15.864469323983679,15.865793709002782,13.236008414615883,13.23711386525135
2.4871170463512398,39634952838.69346,39638263188.44303,15.864577800189101,15.865902825132657,13.298282650835082,13.299393296043876
2.5171132360870474,39635231260.98266,39638542730.32513,15.864689243542808,15.866014716622852,13.359084104290782,13.360199833879598
2.547471198663417,39635519006.95907,39638829391.02099,15.864804418864146,15.866129457541815,13.41844774725406,13.419568440864865
2.578195297287452,39635815079.310135,39639123360.97243,15.864922926961459,15.866247124117185,13.476407727688821,13.477533252571675
2.6092899477892684,39636117998.366684,39639424836.20236,15.865044175571475,15.866367794810541,13.532997372774213,13.534127597671828
2.6407596192566607,39636423375.02881,39639734018.52969,15.86516640788078,15.866491550403397,13.588249192199246,13.58938401710778
2.6726088346774195,39636741130.71492,39640051115.75126,15.865293595109293,15.866618474070046,13.642194952078565,13.643334282811182
2.7048421715894047,39637064538.70736,39640376341.853,15.865423044771516,15.866748651462073,13.694865680605297,13.696009415979828
2.7374642627384485,39637399832.088394,39640709917.243965,15.865557251766816,15.86688217080203,13.746291668886887,13.747439704923694
2.770479796744201,39637741013.59155,39641052068.94842,15.865693815585193,15.867019122960315,13.796502491150738,13.797654722490188
2.803893518774003,39638091361.54256,39641403030.867546,15.865834048433419,15.867159601559939,13.845527008329595,13.8466833430787
2.837710231224885,39638453778.97059,39641763044.0464,15.865979112299309,15.867303703083365,13.893393426887409,13.894553759254613
2.8719347944137956,39638823772.899345,39642132356.88898,15.866127208791116,15.867451526958607,13.940129277277554,13.941293497971909
2.9065721272761507,39639201031.84764,39642511225.42777,15.86627821323309,15.867603175667115,13.98576141504606,13.986929436413766
2.941627208072808,39639589954.02555,39642899913.589066,15.866433886085149,15.867758754849964,14.030316078994199,14.03148781746042
2.977105075105571,39639985174.20882,39643298693.572266,15.866592079823166,15.86791837345969,14.073818881416454,14.074994264793585
3.013010827441318,39640396328.58952,39643707846.206604,15.86675665150027,15.868082143903065,14.11629484848348,14.117473797646547
3.0493496256448713,39640815383.44215,39644127661.16355,15.866924385478383,15.868250182126127,14.1577684205471,14.158950845207464
3.086126692520694,39641247907.74064,39644558437.248405,15.86709751083599,15.868422607730883,14.198263447623352,14.19944926068383
3.123347313863546,39641688776.13066,39645000482.802666,15.867273976061055,15.868599544136366,14.237803216478222,14.238992335037045
3.161016839218183,39642143258.57272,39645454116.13168,15.867455890546744,15.868781118749821,14.276410463153615,14.277602810395479
3.1991406826482205,39642607441.47215,39645919665.90967,15.86764168780886,15.868967463128802,14.31410739120414,14.315302893153753
3.237724323514275,39643086306.13349,39646397471.56119,15.867833361701004,15.869158713133887,14.35091568345785,14.35211426676536
3.2767733072614837,39643578139.77419,39646887883.66853,15.868030226652236,15.869355009091718,14.386856524345314,14.38805810423597
3.3162932462165258,39644080400.69566,39647391264.46002,15.868231265303576,15.869556495990471,14.42195057620371,14.423155080324985
3.356289820394258,39644595674.61192,39647907988.29884,15.868437512631942,15.86976332367551,14.456218012196935,14.457425383462683
3.396768778314074,39645126954.44373,39648438442.1761,15.868650166605816,15.869975647046738,14.489678554013297,14.490888727389615
3.4377359378261105,39645672504.60487,39648983026.24882,15.868868532526687,15.870193626273949,14.522351461926325,14.5235643625252
3.4791971869474256,39646229194.30586,39649542154.43676,15.869091357241727,15.870417427035715,14.554255516785501,14.555471087072322
3.521158484708249,39646804211.04529,39650116255.01091,15.869321517671995,15.87064722075493,14.585409074016596,14.58662725786446
3.56362586200845,39647391710.22447,39650705771.191605,15.86955667441543,15.870883184838227,14.615830060169516,14.61705080096149
3.606605422484327,39648001387.57131,39651311161.87156,15.869800708355406,15.87112550296538,14.645535995783996,14.646759222000668
3.6501033433858567,39648620922.13049,39651932902.30875,15.870048687815707,15.871374365366641,14.674543973233517,14.67576961630914
3.6941258764645224,39649260374.00844,39652571484.84549,15.870304639528541,15.87162996911057,14.70287066985886,14.70409867878354
3.7386793488718437,39649918939.88577,39653227419.7207,15.870568241951384,15.871892518429148,14.730532411467292,14.731762713542794
3.7837701640687524,39650591851.43653,39653901235.92552,15.870837586479006,15.87216222506026,14.757545110547687,14.758777643360132
3.8294048027459335,39651280882.07729,39654593482.113075,15.871113382952172,15.872439308611842,14.78392428857907,14.78515901888002
3.875589823755259,39651993797.14111,39655304727.54251,15.87139873958022,15.872723996939747,14.809685144707379,14.810922027625534
3.922331865052462,39652722216.2312,39656035563.0958,15.871690301963879,15.873016526554744,14.83484251460833,14.83608150280158
3.9696376446511854,39653472210.17197,39656786602.36867,15.871990500055986,15.873317143059168,14.859410871933775,14.860651931899607
4.017513961588521,39654250175.55142,39657558482.83928,15.872301894201918,15.873626101614722,14.883404406552652,14.884647465109127
4.06596769690221,39655041534.60701,39658351867.11002,15.87261864939919,15.87394366743951,14.90683693276314,14.908081923541433
4.115005814619619,39655852638.41521,39659167444.21099,15.872943307776394,15.874270116329788,14.929721899165752,14.930968807270487
4.164635362758645,39656692538.94329,39660005931.01115,15.873279492540544,15.874605735224797,14.952072508850273,14.95332130319624
4.214863474340702,39657553267.05443,39660868073.74775,15.873624013906307,15.874950822818956,14.973901656752158,14.975152292735572
4.265697368415905,39658440553.43357,39661754649.65868,15.8739791656798,15.875305690215217,14.995221922078452,14.996474359346006
4.317144351100639,39659354493.14043,39662666468.725945,15.87434498591032,15.875670661622932,15.016045613475017,15.017299795887215
4.369211816627631,39660289431.580666,39663604375.57039,15.874719211248342,15.876046075116259,15.03638472144978,15.03764061182536
4.421907248408684,39661255341.33723,39664569251.4822,15.875105833393278,15.87643228344689,15.056250973352066,15.057508540285324
4.4752382201102385,39662249379.942986,39665562016.550186,15.875503714598326,15.876829654896339,15.075655852132702,15.076915044955662
4.529212396741896,39663264730.212616,39666583632.07277,15.875910126166735,15.877238574240986,15.09461052277641,15.095871326851446
4.583837535758073,39664318978.19888,39667635103.24363,15.876332107221359,15.877659443827046,15.11312593750388,15.114388330941066
4.639121488172954,39665403989.10479,39668717481.8017,15.876766401668506,15.878092684631284,15.131212833140406,15.132476752641342
4.695072199688863,39666514737.11148,39669831868.94364,15.87721099783695,15.878538737426776,15.148881629823684,15.15014704418513
4.75169771183828,39667663266.65591,39670979418.72086,15.87767071672163,15.878998064142626,15.166142534583772,15.167409420867994
4.8090061631396015,39668853134.914116,39672161341.61769,15.878146982144,15.8794711492962,15.183005586362162,15.184273867179984
4.867005790266854,39670062321.181335,39673378908.4232,15.878630979934771,15.879958501542879,15.1994804979876,15.200750142827436
4.925704929233514,39671316923.31029,39674633454.48872,15.879133156212463,15.88046065538021,15.215576772874043,15.216847788650687
4.9851120165906035,39672608317.40429,39675926384.381004,15.879650059112748,15.880978173010414,15.2313037711489,15.232576132443857
5.0452355906392325,39673943103.93355,39677259177.043434,15.880184330588389,15.88151164640625,15.246670622019991,15.247944294683256
5.106084292657776,39675316458.74617,39678633391.443375,15.880734039688859,15.882061699571462,15.261686246505624,15.262961194171416
5.1676668681438365,39676733698.3898,39680050672.751114,15.88130131445463,15.882628991014014,15.27635935689212,15.277635553603412
5.229992168071196,39678255423.91279,39681512759.22547,15.881910411507128,15.88321421650217,15.290698773177354,15.291975905063314
5.293069150161929,39679709179.14012,39683021489.861,15.88249230226906,15.883818112125416,15.304712569409945,15.305990595459356
5.356906880173848,39681261219.24564,39684578812.86724,15.883113533259374,15.884441457688437,15.318408608574323,15.319687791906803
5.4215145332034815,39682870241.47655,39686186795.11876,15.883757572334387,15.885085080493651,15.33179515393268,15.333075487068333
5.486901395004776,39684526672.69734,39687847632.7087,15.884420587680461,15.885749859565456,15.344880032648236,15.346161504462774
5.5530768633236836,39686244214.700554,39689563662.79482,15.88510806367787,15.886436730391807,15.357670906682342,15.358953503754341
5.620050449248863,39688018709.06271,39691337376.88761,15.885818335845446,15.887146690243023,15.370175301213282,15.371458986035718
5.687831778578659,39689848953.19957,39693171435.87751,15.886550922827968,15.887880804186688,15.38240053779905,15.38368529912032
5.756430593204574,39691750636.93175,39695068687.0844,15.887312104748462,15.888640211912003,15.394353833708546,15.395639642861351
5.825856752511429,39693708703.30973,39697032183.61397,15.88809585480155,15.889426135477512,15.406042237347535,15.407329074517454
5.896120234794399,39695742005.93167,39699065206.438385,15.888909719467124,15.89023988814927,15.417472649098137,15.41876051418785
5.967231138693149,39697846464.02486,39701171289.70422,15.889752065345078,15.891082884530787,15.428651875253951,15.429940750343478
6.039199684643272,39700031413.473816,39703354249.90984,15.890626629285235,15.89195665224177,15.43958658615389,15.440876445485545
6.11203621634521,39702295362.336395,39705618219.666046,15.89153281411185,15.89286284543142,15.45028333098908,15.451574141968559
6.1857512022509145,39704640225.07167,39707967686.96176,15.892471386120398,15.893803260495204,15.46074850588878,15.46204026803182
6.2603552370684294,39707083113.9451,39710407541.1036,15.893449194792138,15.894779854462953,15.47098844609415,15.472281144092248
6.335859043284609,39709612852.97834,39712943126.771484,15.894461766747765,15.895794766635573,15.481009364096195,15.482302989362397
6.412273472706223,39712247696.09034,39715580308.07254,15.89551640843516,15.89685034422372,15.490817359597557,15.492111928872056
6.489609508019627,39714996409.2317,39718325544.91706,15.896616628578197,15.897949172918613,15.500418515633747,15.50171400098968
6.567878264369249,39717852605.08584,39721185984.74105,15.897759870542556,15.899094113605566,15.50981878196994,15.511115165563053
6.647090990955133,39720835637.29847,39724169573.723465,15.898953880960844,15.900288346880622,15.519024029622502,15.52032131282998
6.727259072649714,39723946631.44021,39727285192.78173,15.900199110362237,15.901535427485127,15.528040087097546,15.529338273290637
6.808394031634124,39727208934.32136,39730542825.39818,15.901504903712778,15.902839351481163,15.536872761481439,15.538171828787595
6.89050752905422,39730614716.223114,39733953767.04766,15.90286812703162,15.904204640078586,15.545527794968848,15.546827725113198
6.973611366696582,39734190786.00538,39737530889.76848,15.904299511030247,15.905636445534144,15.554010884686129,15.555311686567386
7.057717488684729,39737942065.820435,39741288980.81432,15.905801025885543,15.907140686702784,15.562327742615869,15.563629433032833
7.142837983195795,39741896956.29783,39745245182.575356,15.90738403944242,15.908724225123695,15.570484104081638,15.571786700340104
7.228985084197899,39746061386.90204,39749419573.949745,15.909050925071952,15.910395097724376,15.578485730665282,15.57978926499679
7.3161711732084855,39750477969.074165,39753835953.33747,15.910818738743027,15.912162830227475,15.586338478646923,15.587642974805721
7.404408781073854,39755161381.03793,39758522916.51252,15.912693355669452,15.914038868587854,15.594048336407411,15.595353787589428
7.493710589770156,39760144778.03623,39763515379.33197,15.914688046812659,15.916037188483328,15.601621377780857,15.602927821340595
7.58408943422613,39765476731.22835,39768856794.23243,15.916822253622177,15.918175182505832,15.609063920647294,15.610371420933546
7.67555830416779,39771213079.46797,39774602494.440956,15.919118326568368,15.920474998739895,15.616382628474119,15.617691249653555
7.768130345985381,39777414514.00687,39780824965.72867,15.921600558378142,15.92296565087351,15.623584559527602,15.624894419465207
7.861818864622859,39784191378.01094,39787622622.76619,15.92431311581883,15.925686531086729,15.630677417226186,15.631988684903602
7.956637325490131,39791674276.5794,39795135483.347664,15.927308275848246,15.928693683931893,15.637669865518665,15.638982748500936
8.052599356398389,39800062860.10517,39803575933.38775,15.930665952001403,15.932072120557628,15.644571930966436,15.645886779598667
8.149718749518765,39809689660.85419,39813297845.328094,15.934519246089357,15.935963484550715,15.651395929717818,15.652713395557802
8.24800946336461,39821168453.006836,39824988977.30542,15.93911383188082,15.940643063042492,15.658158381058577,15.659479863218472
8.3474856247977,39835956831.546234,39836699772.91759,15.945033137066616,15.945330512245409,15.664885258334424,15.666196982533979
8.448161531058608,39860722529.756424,39842933838.293625,15.954946037622612,15.947825805114107,15.671640594063467,15.672839891621248
8.550051651821585,39865901785.02644,39843651465.17045,15.957019124438501,15.948113047727091,15.678377311869117,15.67935822313992
8.653170631274223,39855759950.75486,39843123623.228264,15.952959679243929,15.94790176982821,15.684930459131314,15.685722988189951
8.757533290222188,39875805897.03685,39842606685.71868,15.960983417171997,15.947694856617742,15.691376169182583,15.69193200702589
8.863154628219347,39878686478.3201,39842103892.069786,15.962136419827605,15.947493604733003,15.697777387665305,15.697989088413491
8.970049825723585,39866610635.80052,39841584352.65105,15.957302854264038,15.947285650063234,15.703982925179536,15.703897818807912
9.078234246278617,39872023243.11687,39841057850.59025,15.959469344286658,15.947074908475134,15.71001034555421,15.709661600773718
9.187723438722127,39872182894.97994,39840531946.30539,15.95953324771586,15.94686440615723,15.715921237261618,15.715283838434337
9.298533139420517,39858614241.7628,39839996872.623344,15.954102158760534,15.946650233628953,15.72162812007011,15.720767844307538
9.410679274530622,39859357166.37548,39839449370.46127,15.954399527231377,15.946431086385829,15.727139389853265,15.72611679085229
9.524177962288718,39878412186.08538,39838896291.77452,15.962026629599888,15.94620970704191,15.73261448069684,15.731333792689368
9.639045515327101,39854682801.833115,39838339733.342606,15.952528531692398,15.945986934869596,15.737936477225574,15.73642193294414
9.755298443018628,39866800874.12139,39837776323.3799,15.95737900045385,15.945761420253163,15.743078349642532,15.741384215496282
9.872953453849549,39857779555.92093,39837206089.72854,15.953768061265048,15.94553317433691,15.748112484422798,15.74622355729945
9.992027457820912,39868815473.81012,39836627807.10429,15.958185378945787,15.945301706679556,15.753037473871164,15.750942800486097
10.112537568878977,39865205263.65068,39836040444.33498,15.956740329668635,15.94506660453654,15.757880574418875,15.755544709159972
10.234501107374921,39885125601.32629,39835445574.39142,15.964713790571865,15.944828497516735,15.762686936897568,15.7600319845812
10.357935602554209,39878536259.60843,39834844847.39321,15.962076292180978,15.944588046109148,15.767441883853087,15.764407279296796
10.48285879507597,39868803557.58152,39834237061.3072,15.958180609268465,15.944344769179144,15.772006696886283,15.768673185053721
10.60928863956282,39871744232.85919,39833621955.86631,15.959357665588366,15.944098562550314,15.77643151695965,15.772832225289058
10.737243307181362,39867408035.48091,39832997921.29486,15.95762202732623,15.943848781881997,15.78074468140311,15.776886854749934
10.866741188253847,39878577869.35098,39832365469.474815,15.962092947202636,15.943595632063834,15.784988501824074,15.78083946488073
10.997800894901342,39852170421.274025,39831726134.62246,15.951522907767334,15.943339727192525,15.789058461011594,15.784692400198928
11.130441263718758,39874600203.7813,39831079348.48513,15.960500817519776,15.943080839815075,15.793014523407264,15.78844795419655
11.264681358482123,39862008556.84738,39830422399.20358,15.955460792286777,15.942817884462755,15.79692251200901,15.792108350415056
11.400540472888565,39859382929.817825,39829756796.569466,15.95440983949634,15.942551465455876,15.800666043529493,15.79567575413658
11.538038133329287,39892429886.232635,39829085644.24575,15.967637457382903,15.942282825089412,15.804466141451186,15.799152301263934
11.677194101695985,39857550744.48654,39828406803.48606,15.953676475517057,15.942011107293006,15.80816559033785,15.802540081522771
11.818028378221166,39860647089.58217,39827716570.991005,15.954915841383485,15.941734829756795,15.811627773052379,15.805841107384722
11.960561204352672,39850004103.939575,39827016396.501724,15.950655801654401,15.94145457276484,15.814971757384125,15.809057333103523
12.104813065662881,39832978422.604904,39826309080.1041,15.943840977192911,15.941171457100111,15.8181051436585,15.81219068682217
12.250804694792999,39861944589.49135,39825593359.87187,15.955435188242271,15.940884977654719,15.821222217671949,15.815243058180274
12.39855707443289,39844828544.82382,39824866547.26572,15.94858419428841,15.940594058294137,15.82432032054909,15.818216273276748
12.548091440336803,39854805514.2425,39824129730.01383,15.95257764946412,15.940299134400457,15.82731194374363,15.821112107463966
12.699429284375467,39888985532.30334,39823384992.535324,15.966258794940561,15.9400010402986,15.83044274937908,15.823932309102178
12.852592357625056,39872721175.45537,39822630775.99186,15.959748703818848,15.939699152036473,15.833582894477408,15.826678587518364
13.007602673493352,39877776429.32037,39821866916.22278,15.961772156920143,15.93939340390592,15.836596101610478,15.82935260341248
13.164482510883603,39869639734.418335,39821093467.8055,15.958515303560555,15.939083817752497,15.839522934808635,15.831955977626155
13.32325441739661,39866483184.88,39820309979.81794,15.957251839820989,15.938770213086821,15.842327020431448,15.834490290706725
13.483941212571365,39868890369.46178,39819516349.68171,15.958215357230294,15.938452548850103,15.84506127724385,15.836957083141012
13.646565991164776,39852539598.05329,39818712707.712654,15.951670677180875,15.938130877203529,15.847664107623135,15.839357859057067
13.811152126471006,39854347468.80974,39817899114.1896,15.952394308829563,15.937805222274738,15.850136832859976,15.841694087849186
13.977723273680795,39855076061.73188,39817074810.34399,15.952685940792518,15.937475280353452,15.852562970841513,15.843967200763887
14.146303373281274,39862509802.501465,39816239460.803635,15.955661424559725,15.93714091720113,15.854970521751778,15.84617858996305
14.316916654496875,39870816926.83703,39815393882.103035,15.95898649525815,15.936802459649877,15.857395694000868,15.848329616939917
14.489587638771654,39859029618.884964,39814537498.69179,15.9542684206632,15.936459677325654,15.859746337087136,15.850421612034598
14.664341143293623,39859953578.57678,39813670054.72291,15.954638251566612,15.936112467821264,15.861990141666654,15.852455870136046
14.84120228456165,39848628004.95426,39812792108.38876,15.950104994151182,15.935761054562894,15.864131118836573,15.854433656911695
15.020196481995317,39849150524.889275,39811901393.647606,15.95031414182432,15.935404530528,15.866170486216104,15.856356199864978
15.201349461588306,39859244410.81706,39810998668.10514,15.95435439486207,15.935043198961417,15.868212147319051,15.85822469035122
15.384687259605924,39872027482.9499,39810085461.47038,15.959471041353417,15.934677672155727,15.870313985916576,15.860040302367715
15.570236226327143,39851754284.9012,39809160405.90158,15.951356341961414,15.93430740260853,15.872329574067592,15.861804182782796
15.758023029831811,39860964959.4012,39808223464.765236,15.955043074295679,15.933932375656632,15.874245794070786,15.863517444671922
15.948074659833509,39835271982.78794,39807274081.45517,15.94475901446449,15.933552368508748,15.876037472130195,15.865181171912159
16.14041843155869,39871307779.62776,39806312299.336945,15.959182967607157,15.933167398522698,15.877837497294472,15.866796420285086
16.335081989672556,39857729045.15773,39805338549.18591,15.953747843455385,15.932777638123794,15.879699947245642,15.868364222818103
16.532093312252265,39863284447.754944,39804352196.63194,15.955971489767608,15.932382833394378,15.881480773415594,15.869885587068717
16.731480714808132,39846013875.97382,39803352718.790085,15.949058643654471,15.931982775040675,15.883163212109778,15.871361491239595
16.933272854353273,39848926993.96667,39802340425.26712,15.950224669692819,15.931577586988174,15.884738288243733,15.872792889370439
17.13749873352231,39851677378.85681,39801315284.62431,15.951325558982324,15.931167256652973,15.886302897020588,15.8741807142073
17.34418770473983,39855311757.726166,39800276054.76085,15.952780282205104,15.930751286862664,15.88786073605681,15.875525870324854
17.553369474439055,39866649646.23982,39799223101.84932,15.957318468869456,15.930329824184183,15.889452877424032,15.876829236759285
17.765074107331372,39852206262.609825,39798156939.79572,15.951537253884071,15.929903074317323,15.890991840587475,15.878091675897922
17.979332030727445,39867388555.2033,39797076903.316696,15.957614230007007,15.929470770970873,15.892498688520293,15.879314028945345
18.196174038910378,39856126353.31,39795982651.44568,15.95310633822611,15.929032777667048,15.893987672144835,15.880497112414531
18.415631297561585,39866593850.16515,39794874063.024315,15.95729613552214,15.928589045910114,15.895438228558827,15.881641721288881
18.637735348240156,39857880373.05295,39793751020.83724,15.953808415071979,15.928139528782587,15.896862190271749,15.882748630587086
18.862518112916142,39861425197.304955,39792613219.599335,15.955227292504805,15.927684104088797,15.898228256885188,15.883818594957594
19.090011898558522,39844486985.22858,39791460644.27547,15.948447479132113,15.927222765810676,15.899497871693196,15.884852349659335
19.320249401778593,39865860416.03998,39790293006.10255,15.957002565783645,15.92675539836578,15.900759525628708,15.885850611083393
19.553263713529255,39857375657.31663,39789109850.368546,15.953606393838387,15.92628181974773,15.902051552071606,15.886814075118341
19.789088323861044,39874064791.38223,39787911095.61558,15.960286509414129,15.925801997351595,15.903352584826294,15.887743418634246
20.027757126735455,39869453601.96936,39786696740.06268,15.958440800817234,15.925315930464512,15.90467945627652,15.888639302072505
20.269304424896426,39935050348.53391,39785466500.50503,15.98469703716367,15.924823505728831,15.906266051728293,15.889502368868207
20.513764934800466,39848784331.24461,39784219901.309875,15.950167566462182,15.924324532764295,15.907712737862981,15.890333243608792
20.76117379160629,39844580542.95644,39782956819.05525,15.948484927236532,15.923818962169117,15.908698516895281,15.89113253325369
21.011566554224647,39855546624.92234,39781677066.819305,15.95287429187686,15.92330671912458,15.909693435793091,15.891900828909067
21.264979210429043,39866389304.59516,39780380357.38928,15.957214262607545,15.922787688668798,15.910768186563779,15.892638705425748
21.52144818202804,39858088603.0234,39779066603.20532,15.953891762731807,15.922261835754412,15.911828983334466,15.893346722263999
21.78101033010006,39879882959.694855,39777735512.716446,15.962615332264653,15.921729043683085,15.912929483781067,15.894025423826111
22.043702960291224,39855361990.2489,39776386742.48935,15.952800388644192,15.921189174989676,15.913989666748959,15.894675338604237
22.309563828177094,39856051091.94504,39775020063.82519,15.953076213558507,15.920642138133502,15.914912449194652,15.895296979860085
22.578631144689147,39876433741.122574,39773635366.34383,15.961234722664523,15.920087888933,15.915913841227145,15.895890847090898
22.85094358160664,39837197822.42174,39772232121.708115,15.945529865203872,15.919526215912056,15.916800420791743,15.89645742491955
23.126540277114675,39844595280.40513,39770810083.73168,15.94849082615616,15.918957020530298,15.917516358230651,15.896997182822933
23.405460841429427,39862374569.806915,39769369265.13623,15.955607295326557,15.918380307879811,15.918335005075736,15.897510578055574
23.687745362491093,39828102619.49336,39767909192.20334,15.941889352370339,15.917795888346577,15.919054576973112,15.897998054839162
23.9734344117255,39862077609.912544,39766429600.2716,15.955488431974633,15.91720365599527,15.919757632561328,15.898460043375877
24.26256904987534,39867952764.44152,39764930322.20604,15.957840064547337,15.916603543927216,15.920632183325562,15.898896961631047
24.555190832901552,39874235222.41792,39763411017.62338,15.960354727394261,15.915995415898104,15.921543671617282,15.8993092152563
24.851341817956033,39859485839.5908,39761871375.74931,15.954451030919131,15.91537914751512,15.922392821227389,15.899697197206029
25.15106456942623,39834848505.798965,39760311039.86553,15.944589510449548,15.91475459599557,15.923034818829594,15.900061287958593
25.454402165052805,39865776942.81042,39758729752.33098,15.956969154174706,15.91412165821415,15.923693015045068,15.900401856067946
25.76139820212097,39837589471.7745,39757127427.31677,15.945686629655,15.913480299816362,15.924346933610714,15.900719259732647
26.072096803726463,39876269718.03401,39755503710.49509,15.96116906957645,15.91283037897634,15.925037011911895,15.901013846570264
26.38654262511724,39804463946.47286,39753857687.7631,15.9324275632078,15.912171529808568,15.925550535337639,15.901285949932461
26.70478086011153,39872471324.148254,39752189402.11656,15.959648696496616,15.911503769522838,15.926037855992666,15.901535891170038
27.02685724759327,39839916571.52307,39750499045.54564,15.946618091719817,15.910827174966549,15.92667887253323,15.901763985138842
27.35281807808605,39825500511.95639,39748785768.85724,15.940847813665027,15.910141406235423,15.927082504490704,15.901970536089484
27.68271020040616,39840148566.58591,39747049003.47985,15.946710951770353,15.909446235748849,15.927478499740516,15.902155834349944
28.016581028395926,39847680501.05989,39745288768.65104,15.94972573927205,15.908741671206993,15.92797007787728,15.902320160781851
28.354478547738374,39826056467.886894,39743504845.86793,15.941070344675694,15.908027625150286,15.928382362953077,15.90246378864112
28.696451322853907,39841312586.95528,39741696718.16859,15.947176871126585,15.907303890655745,15.928755734822165,15.902586981214043
29.042548503880234,39861358783.21644,39739864056.267334,15.955200709113155,15.90657033592106,15.929287783796973,15.90268999154203
29.39281983373656,39842500932.737946,39738006479.10617,15.947652527151694,15.905826808421152,15.929811756439559,15.902773063301884
29.747315655272857,39870350075.657196,39736123599.53116,15.95879962997049,15.905073153190937,15.930367275153122,15.902836430754618
30.10608691850536,39850198319.81648,39734215049.18896,15.950733539930052,15.9043092227906,15.930944765730615,15.902880319029451
30.469185187939466,40030155437.55142,39732280486.303276,16.02276449974027,15.903534880418245,15.932271983041705,15.902904944555548
30.8366626499808,39884543969.31947,39730319522.91475,15.964480982266007,15.902749970786406,15.933721353812048,15.9029105151731
31.208572120435743,39818285345.9209,39728331655.02416,15.937959818228846,15.901954292160648,15.934134054374082,15.902897229565658
31.58496705210235,39836455722.45355,39726316650.54819,15.945232826811301,15.901147751645588,15.934311365292064,15.902865278227182
31.965901542452947,39876759727.07015,39724274154.82645,15.961365204198037,15.90033020728226,15.934762362210726,15.90281484435293
32.35143034140928,39807629198.51152,39722203299.001335,15.933694510274163,15.899501311295321,15.935062882227214,15.902746100981991
32.74160885921138,39850119005.39106,39720103877.4014,15.950701792954652,15.898660981361207,15.935233137153789,15.902659211977799
33.13649317438156,39846949438.48467,39717975748.49348,15.949433118787587,15.89780916082881,15.935584498631737,15.9025543356771
33.53614004178425,39828189394.95057,39715818287.00445,15.94192408575321,15.896945599421713,15.935823112825558,15.90243162301578
33.94060690078302,39844552135.68994,39713631044.34684,15.948473556735062,15.896070117584994,15.93604570519268,15.902291216267079
34.34995188349621,39844054841.28139,39711413580.94117,15.948274506016716,15.895182539369333,15.936337771172084,15.902133250122501
34.764233823151955,39852299224.45701,39709165436.36913,15.951574463476904,15.894282680484316,15.936659899052641,15.901957851814545
35.1835122625439,39812853146.20799,39706886132.06257,15.935785486009447,15.893370349374727,15.936825096094351,15.90176514110856
35.60784746258914,39866421944.9879,39704575198.81271,15.957227327491262,15.892445358231619,15.9370559861771,15.901555230438827
36.03730041098919,39836636871.533714,39702232154.99047,15.945305334874762,15.891507514274581,15.93739180814862,15.901328225067074
36.4719328309954,39840138912.359055,39699856505.93,15.946707087498492,15.890556619505029,15.937595998308383,15.901084223131686
36.91180719028024,39831381344.880486,39697447750.53669,15.943201719113935,15.889592473351144,15.937770083190168,15.900823315724383
37.356986709915475,39838445446.522125,39695005403.74698,15.946029248404516,15.88861488165782,15.937932463754258,15.900545587103313
37.807535373458514,39826927397.69813,39692528945.381645,15.941418949448988,15.887623636214293,15.93806935059759,15.900251114763009
38.26351793614863,39836099898.33343,39690017856.84197,15.945090402031338,15.886618529442426,15.93819246092736,15.899939969436678
38.724999934213855,41174476584.46768,39687471616.132065,16.480798900274024,15.885599352404302,15.944739870742348,15.899612215247641
39.19204769429011,39771019213.58895,39684889604.10564,15.919040728385445,15.884565857275872,15.950745651991427,15.89926790938649
39.66472834295417,39799893917.68033,39682271270.633575,15.930598329863601,15.883517823858414,15.950132236398733,15.8989071021467
40.143109816371364,39865859455.06746,39679616120.58983,15.957002181137716,15.882455053969128,15.949984095276811,15.898529837675634
40.62726087005974,39814309672.64189,39676923567.30739,15.936368485994906,15.881377312784364,15.949904476585901,15.898136153942803
41.11725108877194,39817963303.58975,39674193031.531395,15.937830915196258,15.880284368447311,15.949601212365579,15.897726082490111
41.61315089649633,39812298375.344986,39671423935.33702,15.935563429342613,15.879175989633524,15.949295331553573,15.897299648625406
42.11503156657874,39818035538.34157,39668615637.71196,15.937859828409419,15.878051919766703,15.948997364172811,15.89685687127554
42.62296523196612,39815203907.72414,39665767535.28,15.936726419107421,15.876911917335045,15.948719989289282,15.89639776301973
43.13702489557402,39843031256.69608,39662879022.56182,15.94786479852054,15.875755739984946,15.948568575111826,15.895922330407283
43.65728444077888,39834432231.343544,39659949446.38258,15.944422889373673,15.874583126271835,15.948510884493487,15.89543057386305
44.18381864203688,39807927243.91077,39656978161.491684,15.933813808118256,15.873393817922963,15.94828760519905,15.894922487645522
44.71670317563108,39815141083.00012,39653964515.12601,15.936701272421212,15.872187553658563,15.947979104666949,15.89439805999444
45.25601463054789,39753553420.647156,39650907827.5869,15.91204974161438,15.87096406141745,15.947418142778336,15.893857273109502
45.80183051948482,39833068466.96459,39647807422.298134,15.943877019010737,15.869723070388245,15.946959484570385,15.8933001031814
46.35422928999115,39816312631.170715,39644662636.00796,15.93717020491054,15.868464315092925,15.946806531003118,15.892726520612474
46.91329033574276,39792721486.65671,39641472743.64641,15.927727439857655,15.867187505309651,15.946465700692157,15.892136489921738
47.479094007952895,39768787559.04202,39638236962.21281,15.918147469919187,15.865892327628814,15.945907594198902,15.89152996931664
48.05172162692088,39827471053.91929,39634954607.70471,15.94163655728751,15.86457850826656,15.945529824301362,15.890906911041744
48.631255493719785,39839960297.08766,39631624981.844246,15.94663559363597,15.86324576772505,15.945497158859647,15.890267261918504
49.21777890202509,39832381757.05413,39628247285.64724,15.943602151450152,15.861893786197008,15.945487981186323,15.88961096292609
49.811376150086275,39790587810.52816,39624820746.397865,15.926873398953923,15.860522254389506,15.945243947613857,15.88893794899048
50.41213255284251,39793853176.24247,39621344588.57309,15.928180418256597,15.859130861885992,15.944824292055293,15.88824814923829
51.02013445418457,39806263946.307106,39617818005.10987,15.933148044383262,15.857719285645475,15.944489167604539,15.887541486970473
51.6354692393646,39838032636.78677,39614240172.23544,15.945864014142984,15.85628719593861,15.944372011051655,15.886817879571986
52.2582253475557,39849707588.999,39610610278.75578,15.950537116402955,15.854834268070904,15.94446304817328,15.886077238633225
52.8884922845628,39910826146.1405,39606927484.35658,15.975000879706846,15.853360165691976,15.944898485971567,15.88531947000767
53.526360635686835,39769732739.4374,39603190898.807945,15.91852579477752,15.851864532471858,15.944938657551024,15.884544473572447
54.171922078744295,39786968700.89533,39599399644.1686,15.925424787508083,15.850347016999315,15.944395104171333,15.883752143193316
54.825269397243595,39862305945.549866,39595552819.30344,15.955579827276592,15.848807258579379,15.94430501804489,15.88294236681434
55.48649649372027,39856250736.354324,39591649521.668274,15.953156124698465,15.84724489595308,15.94454325543176,15.88211502648215
56.15569840323338,39816725966.50796,39587688868.62795,15.937335649553352,15.845659575830373,15.944558778681321,15.881269998574005
56.83297130702432,39814385522.045425,39583669912.402145,15.936398846035155,15.844050918845731,15.944376486028924,15.88040715371521
57.51841254634043,39848630119.949684,39579591679.78835,15.950105840714809,15.842418535457966,15.944350826359923,15.87952635648705
58.21212063642555,39815856641.89234,39575453185.49614,15.936987687287466,15.840762031287476,15.94433084521238,15.878627465392546
58.91419528067912,39788546021.86758,39571253415.82124,15.926056137604094,15.839081000581539,15.944026602460408,15.877710332807952
59.6247373849859,39806462120.425804,39566991370.284134,15.933227367013894,15.837375042880854,15.94368630881569,15.876774805057062
60.34384907221895,39765556700.868835,39562666027.10338,15.91685426285878,15.83564374919967,15.943243401099863,15.875820722515321
61.07163369691718,39772877809.038666,39558276326.42171,15.91978466347302,15.83388669531172,15.942653116476666,15.87484791946875
61.808195860139854,39847628964.73204,39553821188.28615,15.949705110962334,15.832103448947084,15.942467880910186,15.87385622398289
62.553641424500675,39976245335.36076,39549299523.13283,16.001186045644445,15.830293573988907,15.943252837055873,15.87284545790963
63.308077529382736,39793781349.87462,39544710224.96691,15.928151668506205,15.828456627743563,15.943755035003319,15.871815436910738
64.07161260633724,39771184889.087524,39540052152.32052,15.919107042879306,15.82659215331872,15.943277579413207,15.87076597035788
64.84435639466776,39799057553.18412,39535324138.65167,15.93026356045758,15.824699683785703,15.942837887258538,15.869696861194853
65.62641995720267,39759638520.79989,39530524997.62924,15.914485408566927,15.822778744294888,15.942351952273189,15.86860790587728
66.41791569625771,39791017894.12823,39525653558.25774,15.927045547379622,15.820828866135006,15.941841421908835,15.86749889450625
67.21895736979077,39797375451.98022,39520708601.58881,15.929590270255225,15.818849561400825,15.941521206369783,15.866369610822384
68.02966010775216,39731968499.686386,39515688853.87608,15.90341000235982,15.816840320253243,15.94092655347271,15.865219831869128
68.85014042863149,39791228470.05449,39510593046.30025,15.927129834048982,15.814800634825316,15.94032038611813,15.8640493279167
69.68051625620426,39804355536.77002,39505419875.18716,15.932384170342615,15.812729983298839,15.940070493736846,15.862857862479462
70.52090693648064,39785824780.6891,39500168011.00676,15.92496691359102,15.81062783350633,15.939800000262332,15.861645192188428
71.37143325485853,39788151280.36893,39494836139.84234,15.925898135467904,15.80849365952982,15.939459675169047,15.860411066906922
72.23221745348323,39775299322.01892,39489422908.02006,15.920753916072506,15.806326919537861,15.939077074866006,15.859155229774885
73.10338324881701,39849001002.95088,39483926894.5999,15.950254293073293,15.804127044774546,15.938994519516296,15.857877416859909
73.98505584942022,39899704690.541046,39478346672.69654,15.970549324072934,15.801893464104262,15.939503137584484,15.856577356979423
74.87736197394675,39873760245.53362,39472680800.55905,15.960164609652354,15.799625600441173,15.940114923694999,15.855254771773517
75.78042986935695,39775789654.37912,39466927786.65602,15.92095018011016,15.797322856773944,15.940122622159107,15.85390937556748
76.69438932934987,39669833091.990204,39461086105.669304,15.87853922697239,15.794984622567515,15.939162985552784,15.852540875149325
77.61937171301778,39749612685.89993,39455154237.31145,15.910472394134198,15.792610289300443,15.938107244601964,15.851148969813098
78.55550996372601,39745609391.04919,39449130618.72259,15.908870005886753,15.790199231410945,15.937433430029461,15.849733351357083
79.50293862822011,39844628434.25959,39443013629.797806,15.948504096561845,15.787750800423906,15.937229026929602,15.848293703787682
80.4617938759637,39754290047.515335,39436801652.55623,15.912344589303679,15.7852643487144,15.937065244234654,15.84682970324434
81.43221351870939,39806788257.20573,39430493028.15403,15.93335790892067,15.78273921230139,15.936729981326533,15.845341018001044
82.41433703030589,39742013082.384,39424086041.918655,15.90743052092396,15.78017470485743,15.936341116774653,15.843827308193749
83.40830556674398,39700519002.61769,39417578971.97818,15.89082179530294,15.777570137173395,15.935458248470809,15.842288225715734
84.41426198644395,39750747628.24529,39410970067.62823,15.910926674506625,15.77492480849947,15.934640318861325,15.840723414241431
85.4323508707883,39768667256.42301,39404257526.6751,15.918099316707888,15.772237997476351,15.934163975850906,15.839132509039642
86.46271854490156,39743449805.89522,39397439509.50026,15.908005594445905,15.769508967764786,15.933663089431414,15.837515136751485
87.50551309868081,39716594597.69237,39390514147.90782,15.897256331248638,15.766736971586946,15.932927119544434,15.835870915282126
88.56088440808018,39718514221.397896,39383479532.10727,15.898024693954842,15.763921244516032,15.932091171226453,15.83419945367463
89.62898415665175,39694903828.6806,39376333682.02877,15.888574224474509,15.761060993994725,15.931171455094612,15.832500351788669
90.70996585734608,39714516804.21944,39369074596.84514,15.896424658347746,15.758155419157218,15.930255803302984,15.830773200087851
91.80398487457624,39606164511.10402,39361700305.624245,15.853054772405047,15.755203731103714,15.928937448280294,15.829017579907072
92.91119844654749,39701025315.95795,39354208778.80185,15.891024456005237,15.752205117465904,15.927592132837411,15.827233063530045
94.03176570785615,39765753855.880974,39346597883.169945,15.916933177574322,15.749158724390256,15.927034530797329,15.825419213633008
95.16584771236167,39663440799.34704,39338865444.108536,15.875980600893742,15.746063681447371,15.926307183849412,15.823575582826324
96.31360745633391,39661919644.130135,39331009267.67357,15.875371732116152,15.742919110473066,15.925107601192607,15.821701713605625
97.47520990187972,39745304624.593994,39323027124.51316,15.908748017823365,15.739724119130551,15.924327011333054,15.819797138331465
98.65082200065248,39732701435.79853,39314916735.968994,15.903703372759958,15.736477795347291,15.923897800555803,15.817861379067352
99.84061271784705,39762129612.47046,39306675763.32402,15.915482511244859,15.73317920301119,15.923559729245634,15.815893947304875
101.04475305648423,39765665684.85339,39298301828.285965,15.916897885590187,15.729827390169488,15.92338523237034,15.813894343742312
102.26341608198875,39618921393.755264,39289792512.761795,15.858160936101827,15.72642138893848,15.92253157309002,15.81186205816398
103.49677694706244,39765440584.63117,39281145341.84797,15.916807785319277,15.722960208695067,15.921705406192995,15.809796569240234
104.74501291685849,39703164623.0085,39272357792.0202,15.891880750783235,15.719442839354853,15.921292319780749,15.807697344291125
106.00830339445916,39769150424.37172,39263427286.37843,15.918292713065494,15.715868249468864,15.920910255813551,15.80556383907152
107.28682994666,39674961537.24287,39254351186.30912,15.880591976196945,15.712235382886231,15.9203989655845,15.80339549749919
108.58077633006585,39619583386.14679,39245126798.849075,15.858425910046448,15.708543161701698,15.919191715936746,15.801191751385147
109.89032851750162,39665529330.86025,39235751397.701416,15.876816571881632,15.70479049466762,15.91797122493298,15.798952020305308
111.21567472474072,39710711944.34343,39226222190.8282,15.894901697143089,15.700976264222348,15.91721171619202,15.796675711419683
112.5570054375567,39744510643.66467,39216536314.97745,15.908430213175626,15.697099324299582,15.916844369897845,15.794362219116998
113.91451343910114,39661633105.82688,39206690859.44734,15.875257040186955,15.693158509840403,15.916249702040043,15.792010924755298
115.28839383761098,39646250652.62565,39196682852.61409,15.869099946306664,15.689152631400805,15.915205139030206,15.789621196456448
116.67884409445062,39605763841.26918,39186509247.1223,15.8528943973494,15.685080469223905,15.913919704566995,15.787192388771329
118.08606405249265,39662874390.013435,39176166939.63229,15.875753885727049,15.680940781144134,15.912746320076684,15.784723842377419
119.51025596483952,39807228409.70273,39165652789.54663,15.93353408759713,15.676732310082853,15.912558464052495,15.782214883965858
120.95162452389278,39716834413.949425,39154963557.7525,15.89735232186791,15.672453759528942,15.912624239590365,15.779664825927354
122.410376890773,39854032251.09448,39144095921.78075,15.952268137467936,15.668103799606454,15.912916846873578,15.777072965829008
123.88672272509324,39607457135.77774,39133046545.08852,15.853572167866222,15.6636810948062,15.912672999262776,15.774438586305559
125.38087421509283,39691756538.41304,39121811997.622055,15.88731446691878,15.659184272189634,15.911674898428764,15.771760954900754
126.89304610813464,39691198378.52855,39110388747.056816,15.887091053737276,15.654611917882544,15.91109509381173,15.769039323496353
128.42345574156886,39582505561.38428,39098773217.24354,15.8435848671417,15.64996260046912,15.910007936211393,15.766272927992123
129.97232307397022,39625684961.43366,39086961746.27884,15.860868171457385,15.645234854208976,15.908640218247047,15.763460988068875
131.53987071675215,39638513799.46713,39074950584.69088,15.8660031365448,15.64042717831093,15.90756960582494,15.76060270675089
133.12632396616075,39618404768.16237,39062735913.35739,15.857954147741427,15.635538044105004,15.906488902765242,15.757697270055552
134.731910835656,39481198689.793846,39050313841.044975,15.803035033448669,15.630565894057495,15.90468456188948,15.754743846724063
136.3568620886835,39567184668.747986,39037680391.93274,15.837452413946007,15.625509136777085,15.902686451145174,15.751741587887404
138.00141127184006,39648052402.74076,39024831493.374115,15.869821128062425,15.620366142116296,15.901526674812152,15.748689626623001
139.66579474844085,39571263707.052475,39011762986.602806,15.839085119825459,15.615135245456736,15.90040923568783,15.745587077515353
141.35025173249107,39542470173.15831,38998470623.68846,15.827560008127573,15.609814746490553,15.8988190140041,15.742433036262915
143.05502432306622,39597825379.772385,38984950070.03859,15.849716890350912,15.60440291022187,15.897394801987556,15.739226579291978
144.78035753910876,39524235564.25339,38971196906.75893,15.820261289423264,15.598897967911558,15.895914207438166,15.735966763402663
146.5264993546428,39613350364.14935,38957206605.7039,15.855931034808142,15.593298107090762,15.894546927233758,15.732652625315458
148.2937007344144,39449814020.848816,38942974537.55393,15.790472774973479,15.587601474793969,15.8928519880102,15.72928318114945
150.0822156699622,39535644862.461464,38928495987.03203,15.824828059057236,15.581806183649721,15.890835849734959,15.725857426023552
151.8923012161215,39571833443.53314,38913766130.30334,15.839313166740512,15.575910302834398,15.889444624626215,15.722374333631068
153.72421752796987,39536483022.6209,38898780033.37029,15.825163547208629,15.569911857429831,15.888088301042691,15.718832855710218
155.57822789821867,39403573049.981476,38883532662.6998,15.771964023799566,15.563808832677037,15.885963527533699,15.715231921570295
157.45459879505376,39428608154.72636,38868018874.47347,15.781984758997043,15.557599169673429,15.883382091358397,15.711570437627863
159.35359990043426,39455713099.182724,38852233405.793945,15.792833983464343,15.551280761852988,15.881109096203808,15.707847286861346
161.2755041488532,39553042859.62323,38836170876.53917,15.831791909390642,15.544851455728484,15.879481958537049,15.704061328245949
163.22058776656405,39523160913.69513,38819825794.52859,15.819831141885084,15.538309052959326,15.878209560629672,15.700211396235296
165.189130311282,39362837636.4833,38803192546.45444,15.755658967520205,15.53165130672165,15.876061737938944,15.69629630023651
167.1814147123639,39506928196.39132,38786265389.042366,15.813333715040075,15.524875918170219,15.873896485071418,15.69231482401278
169.1977273114714,39464924891.63307,38769038459.90011,15.796521163277639,15.517980540780773,15.872261291132297,15.688265725110167
171.23835790372596,39286853441.44591,38751505776.086494,15.725244974632124,15.510962779777266,15.869617480641443,15.684147734342325
173.30359977936027,39378220854.70813,38733661211.41964,15.761816367614468,15.50382018304907,15.866632855244363,15.679959555172424
175.3937497658705,39473581134.49643,38715498488.81854,15.79998597472631,15.496550238085568,15.864604428482288,15.67569986296623
177.5091082706783,39331406690.34221,38697011206.62643,15.74307818579408,15.48915038251252,15.862395337156812,15.671367304352396
179.64997932430765,39340134503.8387,38678192831.17425,15.746571644630883,15.481618001115493,15.859610131483869,15.666960496686412
181.81667062408056,39396452838.41023,38659036667.08026,15.769114035535784,15.473950413951732,15.857200682852456,15.66247802735064
184.00949357834142,39393065349.404625,38639535865.43035,15.767758134266128,15.466144879624489,15.855097594373328,15.657918452969891
186.22876335121506,39372451956.03766,38619683430.16466,15.759507265793367,15.45819859783938,15.85293004145364,15.653280298714646
188.4747989079024,39301808709.63756,38599472213.0889,15.731231080297865,15.450108707407571,15.85037972417582,15.648562057627082
190.74792306052458,39348176787.22654,38578894903.38046,15.749790708143253,15.441872282045425,15.847778052794286,15.643762189889484
193.04846251451977,39319499898.973236,38557944011.36072,15.73831228588769,15.433486323879073,15.845319769991992,15.638879121983162
195.37674791559772,39284053157.76687,38536611879.061195,15.724124112486292,15.42494776767372,15.842615492104594,15.633911245841128
197.73311389726268,39368640741.87308,38514890697.74448,15.75798176117442,15.416253487846681,15.840211697492677,15.628856918154375
200.11789912890913,39314535378.10323,38492772469.590866,15.73632515024246,15.407400283131809,15.838005443428521,15.623714459594229
202.53144636449608,39180066834.92926,38470249002.91524,15.682501781925518,15.39838487466495,15.834955047527176,15.618482153849873
204.97410249181,39180175437.686584,38447311936.77161,15.682545252064108,15.38920391583236,15.83134367482447,15.613158246783453
207.44621858232193,39302190854.90748,38423952705.9803,15.73138404057488,15.37985397827221,15.828400380878248,15.607740945554303
209.94814994164432,39293742193.759056,38400162539.59024,15.728002317310516,15.370331551259099,15.826061590468814,15.602228417591839
212.48025616059775,39249152804.20737,38375932480.269135,15.710154640223964,15.360633049465308,15.82352570177093,15.596618789677946
215.04290116689413,39233049034.76608,38351253363.04962,15.703708826999023,15.35075480445358,15.820762924285262,15.590910147041154
217.63645327744084,39222698603.85026,38326115819.46059,15.699565887377071,15.340693066330743,15.817940332208009,15.585100532391824
220.26128525127794,39160379409.582855,38300510258.587326,15.674621548224607,15.330443996166725,15.814838570511224,15.57918794490928
222.91777434315375,39151901558.42638,38274426850.22576,15.67122814115288,15.320003659251723,15.811476139387672,15.573170339083337
225.60630235774448,39107117103.820854,38247855546.12009,15.653302385892873,15.30936803359695,15.807939793830945,15.567045623605214
228.32725570452996,39220406852.209015,38220786063.994354,15.698648574005736,15.29853300354299,15.804816542901039,15.560811660308586
231.08102545333108,39022488046.43031,38193207878.97702,15.619428136802858,15.287494356327334,15.80135717156923,15.554466263019613
233.86800739051486,39221116408.39868,38165110233.85461,15.698932586186105,15.276247786188579,15.797994393776188,15.54800719644269
236.68860207588085,39137165595.8956,38136482109.05801,15.665329816384295,15.264788882352928,15.79524700135998,15.541432174977745
239.54321490022994,39045118653.02751,38107312215.34325,15.628486429882905,15.253113126104536,15.791729971717688,15.53473886138919
242.4322561436301,39162664112.19159,38077588999.15695,15.675536040098335,15.241215892933138,15.788423125584886,15.527924865497543
245.35614103438468,39152366136.67186,38047300622.3978,15.671414096659117,15.229092444433208,15.785699507684969,15.520987742830737
248.31528980870976,39101170358.582634,38016434983.440796,15.650922097896226,15.216737936719303,15.78274768061834,15.513924993312326
251.31012777113347,39100415621.78998,37984979719.2794,15.65062000139533,15.204147421283475,15.779620896560214,15.506734060090057
254.3410853556237,39042224697.777275,37952922150.076706,15.627328074064886,15.191315822800918,15.776287066863583,15.499412328137804
257.408598187451,38952523960.74449,37920249274.95839,15.591423797171142,15.178237937446042,15.772330093988206,15.491957122609243
260.5131071457995,38913985932.935455,37886947788.39113,15.57599828265292,15.16490843944819,15.76786027568731,15.484365707288788
263.6550584271334,38963469366.65793,37853004065.3076,15.595804885862607,15.151321875137688,15.763550754999786,15.476635283085484
266.8349036093247,38944512251.43288,37818404157.97534,15.588216971463442,15.137472661692525,15.759486130692183,15.468762986477586
270.05309971655794,38996652739.153496,37783133773.90637,15.60908710665321,15.123355078296326,15.755677165101323,15.46074588787378
273.31010928501604,38858969148.98862,37747178271.885216,15.553976859975997,15.108963264548471,15.751547440876472,15.45258098989023
276.6064004293574,38846468341.7377,37710522666.14072,15.548973194902786,15.094291222133954,15.746807012009036,15.444265225669579
279.9424469099964,38920532825.02927,37673151598.66756,15.578618789845004,15.079332803744586,15.742473258412874,15.435795457127472
283.3187282011958,38825114293.93238,37635049330.81578,15.540425866635859,15.064081709712552,15.738136111483698,15.427168473069996
286.7357295599775,38928843824.75865,37596199736.60062,15.58194541173707,15.048531485332557,15.733946786226383,15.418380987284193
290.1939420958668,38788557675.622406,37556586290.19555,15.525793445660092,15.032675515855704,15.72967644417186,15.409429636582633
293.69386284147885,38610231487.895676,37516192066.593315,15.454415293893,15.016507026754077,15.723995484632946,15.4003109788385
297.2359948239523,38687034052.253586,37474999722.15498,15.485156853305696,15.00001907593517,15.717974991529774,15.391021490977575
300.8208471372484,38571637549.80928,37432991469.85111,15.438967400315855,14.983204543831725,15.71190867797584,15.381557566808032
304.44893501532135,38586798178.04437,37390149082.49191,15.44503570490333,14.966056134694668,15.705514525967706,15.371915514800365
308.1207799061689,38461563100.046555,37346453881.48522,15.394908191284351,14.94856637209329,15.698745951849123,15.362091555881463
311.836909546778,38633699674.58823,37301886703.21998,15.463808842943722,14.93072758545965,15.69236857373263,15.352081821067708
315.5978580389755,38587372062.039536,37256427903.483696,15.445265411933045,14.912531911856744,15.6867326043852,15.341882349016686
319.4041659261899,38360108691.319885,37210057359.50924,15.354299303291803,14.893971296797762,15.679927780274685,15.331489083667542
323.2563802711419,38365342968.796074,37162754437.101166,15.356394413700707,14.875037481087842,15.672238026049438,15.320897871790082
327.15505473447257,38495850283.62146,37114497950.8036,15.408632231617823,14.855721984880562,15.665377638472027,15.310104460246963
331.100749654316,38312761959.27678,37065266179.85448,15.335347952015077,14.83601611406391,15.658421558726106,15.29910449320917
335.0940321268354,38584773186.283806,37015036853.58292,15.444225166804268,14.815910954415319,15.652064845737954,15.287893509442947
339.13547608772984,38527743865.76482,36963787104.92285,15.421398191433626,14.795397352994707,15.646868724930046,15.276466939370502
343.2256623947215,38150922085.25369,36911493479.090675,15.270568733453587,14.77446592161784,15.639729504682585,15.2648201020226
347.36517891104063,37900984251.35683,36858131939.51832,15.170526777374947,14.753107039231152,15.629791235160079,15.252948202132579
351.5546205899174,38392718860.51982,36803677805.76035,15.36735208951449,14.731310827057998,15.62125598593405,15.240846327030996
355.79458956008955,37940293892.280235,36748105736.160225,15.186261143434747,14.709067141660494,15.613082505263462,15.228509443238481
360.08569521234466,38188770992.52392,36691389738.03714,15.285718415515387,14.686365579017012,15.604155565736114,15.215932393106263
364.428554287106,38198434772.64731,36633503111.88915,15.289586511239769,14.663195452188486,15.596657315404153,15.203109891318089
368.82379096307136,37987966487.38652,36574418447.56555,15.205342927058373,14.639545789786347,15.588378335970706,15.190036521193875
373.2720369469261,38218994763.81385,36514107622.071655,15.297816004554932,14.615405335093854,15.580405534081853,15.176706731052274
377.7739315641329,38064406223.35547,36452541744.58766,15.235939258110934,14.590762524058938,15.572973103258011,15.163114830387002
382.3301218508199,38205850249.777336,36389691130.371086,15.292554684668248,14.565605474848192,15.565662848667715,15.14925498574996
386.94126264677766,38095712978.78671,36325525300.1106,15.24847033034992,14.539921987588247,15.558667078542554,15.135121216605928
391.60801668957356,38101774298.37943,36260012941.653786,15.250896478720572,14.513699529046619,15.551346874539655,15.120707391099852
396.33105470980524,37786220215.54532,36193121887.23997,15.124590480132328,14.486925223518778,15.542723490792918,15.106007221635362
401.11105552750286,37788706851.41064,36124819092.54961,15.125585799296871,14.459585844442294,15.532829032491117,15.091014260350862
405.94870614969005,37717160988.44637,36055070585.07514,15.096948325855244,14.431667793731371,15.522839441446992,15.075721894357834
410.84470186912574,37751840943.85901,35983841439.62703,15.110829579933934,14.40315709197271,15.512914740166657,15.06012334073165
415.7997463642362,37541037261.11206,35911095772.61185,15.026451747087355,14.37403937613523,15.502383100747513,15.044211641478473
420.81455180024926,37704732826.09631,35836796667.34763,15.091973738164466,14.34429986967623,15.49188825422288,15.027979658238102
425.88983893155137,37712880674.794846,35760906143.87845,15.095235056024693,14.313923370459138,15.482452428349324,15.011420066616344
431.02633720527984,37487205654.346924,35683385188.58748,15.004904712148008,14.282894262606689,15.472202097951152,14.994525350650699
436.22478486616023,37467120176.765976,35604193656.93328,14.996865151131404,14.251196477569396,15.46103517983045,14.977287797082736
441.48592906261183,37403604376.04976,35523290222.57352,14.971441849478829,14.218813473761456,15.449735194077489,14.959699489065091
446.81052595413337,37389214767.28878,35440632354.20288,14.965682158818115,14.18572822728972,15.43833493100147,14.941752299667304
452.1993408199794,37152690174.38525,35356176273.30712,14.8710090852548,14.151923215044018,15.426008731182677,14.923437885224832
457.65314816915196,37100897458.211006,35269876952.81878,14.85027815166259,14.117380414159085,15.412612747711849,14.904747678640076
463.17273185171797,37200074090.939285,35181688002.1773,14.889975320277422,14.082081256007875,15.399763101867633,14.885672882287627
468.7588851714661,36902941058.64116,35091561648.43907,14.771042666892306,14.046006618640535,15.386268008193719,14.866204460455632
474.41241099992544,37118488137.05394,34999448703.039024,14.857319126183175,14.00913681348015,15.372720366732281,14.84633313171879
480.1341218917604,36811786599.80902,34905298450.269905,14.73455651261676,13.971451540684646,15.35904663891126,14.826049360803344
485.9248402015522,40663936462.879265,34809058603.81201,16.27644635538717,13.932929871747046,15.362625898982447,14.805343349911931
491.7853982019932,36892323160.96628,34710675304.68457,14.76679266905774,13.893550248675492,15.366285547383518,14.784205030039235
497.7166382035078,36328100434.85672,34610093063.345184,14.540952729965865,13.853290460817531,15.349391175847417,14.762624052207583
503.71941267531,36816560968.86888,34507254599.70042,14.7364675366996,13.81212758082158,15.332567752707524,14.740589777874183
509.79458436792675,36354208319.25517,34402100806.09919,14.551402863839451,13.770037949824388,15.316239674233081,14.718091268635003
515.9430264371982,36070667401.35593,34294570758.31575,14.437910690154858,13.726997181847164,15.29676684622391,14.695117276050599
522.1656225697697,36134386398.17797,34184601591.748493,14.463415324575578,13.682980114242001,15.276722942863131,14.671656231174223
528.4632671101007,36448269739.09034,34072128361.250416,14.589052579711307,13.637960751586588,15.25895143643553,14.647696233075928
534.8368651890073,36212631462.23527,33957083971.95792,14.494734269529788,13.591912237997233,15.24195635151133,14.62322503664797
541.2873328537482,35813305908.67726,33839399143.689053,14.334897285799611,13.544806842878643,15.22234856142383,14.598230040203326
547.8155971996863,36056562109.958755,33719002324.631588,14.432264802453782,13.496615926376082,15.202483571366837,14.572698272788513
554.4225965035367,36169628156.41744,33595819516.5379,14.477521449986675,13.447309869406581,15.184775029144962,14.546616380556342
561.1092803582181,35783128206.00791,33469774239.618687,14.322818136525047,13.396858059607048,15.166175341868728,14.519970612470278
567.8766098093348,35695334133.60675,33340787381.361435,14.287677035243254,13.345228830821226,15.145775927151206,14.49274680546083
574.7255574933044,35429279394.15642,33208776945.391407,14.181184007982774,13.292389362576953,15.124176961641325,14.464930368023161
581.6571077771479,35451213215.56517,33073658148.110474,14.18996340069735,13.238305718767526,15.10194039389969,14.436506263480695
588.6722568999686,34840396332.75029,32935343472.637665,13.945473341669816,13.182942869242344,15.077420462742877,14.407458994357894
595.7720131161401,35317013322.73829,32793742053.6338,14.136247564344679,13.12626444357229,15.052876046980737,14.37777258444323
602.9573968402125,35667944320.47438,32648759589.10293,14.276713787144043,13.068232695746726,15.03283339968938,14.347430557956994
610.229440793577,34466012928.535995,32500298481.035553,13.795619886124413,13.008808560468387,15.009186424235338,14.3164159194678
617.5891901528903,35115785581.016815,32348257405.876923,14.055702668098956,12.947951481225852,14.983534241649547,14.284711132899028
625.0377027002941,34662085922.20511,32192531254.645725,13.874101504993476,12.885619386325022,14.959388127865896,14.252298098722434
632.5760489754474,34681925045.95291,32033010967.70056,13.882042458612508,12.821768622751527,14.933770376819028,14.21915813062184
640.2053124293863,34507790007.01836,31869583218.73206,13.812341886893416,12.756353829683086,14.908022445164836,14.185271930423523
647.9265895802449,33922859983.056934,31702130259.218678,13.57821349242884,12.68932787623024,14.879273726680779,14.150619561389245
655.7409901708554,34188213599.086357,31530529556.87323,13.68442588287101,12.620641716718307,14.84971500357895,14.115180419684346
663.6496373282415,33310733474.374016,31354653655.207478,13.333199232917023,12.55024433447566,14.81792168532022,14.078933204147893
671.6536677250424,33372779327.6196,31174370095.345955,13.358034162581243,12.478082710538368,14.78304190838106,14.041855885744209
679.7542317428836,33751405963.102757,30989540706.141182,13.509586045089915,12.40410153950647,14.751086953129288,14.003925673983503
687.9524936377117,33655510532.45072,30800021330.80697,13.471202234556484,12.328243120124231,14.7212161584278,13.965118979488388
696.249631707129,33301501963.761127,30605661846.748394,13.32950416056693,12.250447363217422,14.68991248927432,13.925411376253448
704.6468384597479,32289548539.682053,30406305602.341774,12.9244522385473,12.170651566254728,14.652855017292985,13.884777562205837
713.145320786579,34144296547.67764,30201788979.012722,13.666847320795661,12.088790238061895,14.620753110710355,13.843191315956924
721.746300134495,32567016421.743805,29991940906.158394,13.035513574230913,12.004794904660939,14.59062983330975,13.8006254502008
730.451012681785,33531762848.5754,29776582326.673744,13.421670076251084,11.918593895337748,14.558388134573478,13.7570517613812
739.2607095158205,32289450874.85265,29555525795.43272,12.924413146504206,11.830112181927218,14.525531487504804,13.71244097611668
748.176656812871,32678529444.203396,29328574954.080288,13.080148596953013,11.73927116858964,14.489454012205279,13.666762694497455
757.2001360200866,32083093074.634956,29095523858.388355,12.841814855305195,11.645988422573236,14.453224844807995,13.619985329041794
766.3324440396711,35565210793.99492,28856156132.585285,14.235592910069853,11.55017733571987,14.431657173328007,13.572076037894595
775.5748934152812,47890866574.82231,28610244721.19219,19.169150567350332,11.451747025133214,14.485804779154828,13.523000654439187
784.9288125206746,32038028532.20841,28357550695.095654,12.82377699003346,11.350601855288636,14.52114443343053,13.472723611712105
794.3955457506266,31064466211.03911,28097822308.514343,12.43409177329101,11.246641060567715,14.4762869204212,13.421207858483347
803.9764537141556,31110324793.278885,27830794017.260727,12.45244746677979,11.139758352300458,14.428122405128759,13.368414768197344
813.6729134300795,29735583536.971886,27556185384.4803,11.90218341816156,11.02984148076843,14.374757687358885,13.314304040224691
823.4863185249237,30849034643.016975,27273700392.13831,12.347861549038862,10.916771959615366,14.321489079612025,13.258833595011914
833.4180794332223,29094307363.342785,26983025445.205513,11.645501499317076,10.80042426698788,14.266360355579353,13.201959458950292
843.4696236002361,30416094344.39784,26683827770.88784,12.174569680161573,10.680665204799356,14.210572371542584,13.143635634930291
853.6423956871075,28788956393.382877,26375754024.22084,11.52327947374769,10.557353340594915,14.154574462584426,13.083813961767037
863.9378577784973,28795083285.610306,26058429514.298187,11.525731868703502,10.430338697835957,14.092263599598613,13.022443966693297
874.3574895927261,28988554577.0745,25731454459.106827,11.603172111108442,10.299461256832915,14.032380716879594,12.959472699836171
884.9027886944416,28900592731.807846,25394401256.71053,11.567963855825274,10.164549862489114,13.974408843766946,12.894844541947617
895.5752707098593,28881316925.7245,25046813426.56688,11.560248379878697,10.025421800544517,13.91730391023935,12.828500998779134
906.3764695445994,27844806029.396477,24688201600.911617,11.145366903358143,9.881881193057742,13.85651694436247,12.760380476217513
917.307937604142,27990525064.34897,24318040066.484474,11.203693476279291,9.73371761417179,13.792980019319737,12.690418025359252
928.3712460169497,26724420895.81181,23935763082.109966,10.696913307607248,9.58070461616185,13.725595937457072,12.618545059760418
939.5679848602816,29403504518.12838,23540759317.253872,11.769263027119486,9.422597503371005,13.666620110695106,12.544689035501959
950.8997633887208,25960878332.470314,23132367162.826973,10.39129214415625,9.259131455278037,13.605247182517918,12.46877309025604
962.368210265473,25854201296.946056,22709868768.649708,10.348592809141124,9.090019139889165,13.528593991374224,12.390715640361776
973.9749737964391,26294253664.60495,22272482056.0322,10.52473140709264,8.91494751663457,13.455353097880145,12.310429921245477
985.7217221671224,25713000730.667778,21819349783.50182,10.29207483173191,8.733573459736066,13.383148879202581,12.227823448927657
997.6101436823909,24514444057.15018,21349529631.57344,9.81233172033371,8.545519789464306,13.304198751170949,12.142797395458395
1009.6419470091245,22901135343.641457,20861992080.106304,9.166576906259712,8.35037442251402,13.213774774941875,12.055245922293473
1021.8188614217956,24461473359.388897,20355596689.067913,9.791129279165574,8.147680877968085,13.125332142436942,11.965055406320195
1034.1426370510137,22262182220.019398,19829066533.894165,8.910824828500708,7.9369280446067,13.03584840768921,11.872103450486867
1046.6150451350566,20492001154.607815,19280975640.107307,8.202279132812945,7.717545151395127,12.929675546836096,11.776257737447304
1059.2378782744452,21101038574.423225,18709722430.682243,8.446056930889581,7.488891139331204,12.8205801403456,11.677374724487914
1072.0129506895892,19341363852.689487,18113498682.020832,7.741716581612879,7.25024223553523,12.70854630137981,11.575298096150613
1084.9420984815295,19554026663.926228,17490239742.4344,7.826838562905576,7.000772027333556,12.591887605631303,11.469856869747073
1098.027179895836,20614483416.56196,16837561492.691517,8.25130478403102,6.739526229623696,12.484053387058815,11.36086301043638
1111.270075589688,20297984369.213043,16152711000.257189,8.124620546994393,6.465402933377069,12.382262313091296,11.24810857031768
1124.6726889021647,19305194373.124107,15432451653.751312,7.727239119639034,6.177106628712348,12.276655603864098,11.131362114828729
1138.2369461278074,17305789381.270428,14672927255.565897,6.926942568853614,5.873093805606601,12.15933472961202,11.010364044165243
1151.9647967934795,16058803744.488281,13869505530.64484,6.427814924348491,5.551510315568256,12.029421939251991,10.884820638543875
1165.8582139385567,13846867335.545135,13016517322.653913,5.542448985058371,5.210086980377478,11.886159024557095,10.754396262963992
1179.919194398505,14862952892.3616,12106876085.420914,5.94915486492576,4.845987286930765,11.740711853157483,10.618702712451583
1194.1497590918812,12929616505.863918,11131496060.971275,5.175303420157899,4.455574502901281,11.594277590823902,10.477284241097454
1208.5519533107824,10447545363.367298,10078429151.547161,4.181811365152847,4.034066194783555,11.430361256998744,10.329596086522955
1223.1278470148095,16383777059.68943,8931383030.710333,6.557891134177128,3.574941076141914,11.28694564401751,10.174972366597036
1237.879535128577,8991108664.371525,7667003335.063951,3.598847297646448,3.0688511576753257,11.13964324529849,10.012574788641526
1252.8091378427982,15755002642.970592,6249487280.643593,6.306213260523491,2.501465753688803,10.993251705015812,9.841304071733505
1267.918800919016,10633832661.74643,4615928748.524609,4.256376089636071,1.8476055982488244,10.857779668089773,9.659618177829833
1283.210695998004,7310273192.157194,2642997189.4539156,2.926063726368182,1.0579054984225629,10.685527400736424,9.465126839348862
1298.6870209118815,0.0,0.0,0.0,0.0,10.466822205617,9.253337762735951
1314.35,0.0,0.0,0.0,0.0,10.21884445342349,9.0341096289611
