R_kpc,Sigma_bar,Sigma_eff,kappa_bar,kappa_eff,kappa_bar_mean,kappa_eff_mean
1.0,40445504725.87253,40448568623.61005,19.32782753207236,19.329291687049484,0.0,0.0
1.0120606264911474,40445551300.650696,40448612959.038445,19.327849788916126,19.329312873767748,0.45791109356551357,0.4579457692649736
1.0242667116936537,40445605797.04506,40448658378.667755,19.327875831288907,19.329334578596697,0.9049740261441228,0.9050424917229681
1.0366200099307066,40445638362.935074,40448704909.04383,19.327891393658813,19.32935681422189,1.3414457297713178,1.3415472131372548
1.0491222966837304,40445686788.26279,40448752577.656334,19.327914534830832,19.329379593779898,1.767577096532741,1.767710889702816
1.0617753688475675,40445736551.43354,40448801412.581024,19.327938315322342,19.329402930687383,2.1836132043747476,2.183778532327758
1.0745810449887383,40445787880.88386,40448851442.69698,19.327962844297065,19.329426838744887,2.589793244497755,2.58998934749569
1.0875411656068144,40445839705.03094,40448902697.63026,19.32798760967417,19.3294513321099,2.986350736417494,2.986576874791683
1.1006575933989453,40445891280.14931,40448955207.51173,19.3280122560471,19.329476425181173,3.373513656889363,3.373769121168331
1.113932213527575,40445949104.69797,40449009003.188835,19.32803988885602,19.329502132699876,3.7515046143137187,3.751788692030624
1.127366933891388,40446001496.84495,40449064116.396965,19.32806492566512,19.329528469831498,4.120540913140366,4.120852919217386
1.1409636853995222,40446055348.07927,40449120579.68495,19.32809065973313,19.329555452130258,4.480834683000631,4.481173985951121
1.1547244222490889,40446114516.331856,40449178426.491325,19.3281189346623,19.329583095575543,4.832593088542956,4.832959048827573
1.1686511222060412,40446176988.85768,40449237691.03023,19.328148788615486,19.329611416517373,5.176018396560569,5.17641035691496
1.1827457868894284,40446231879.37102,40449298408.25924,19.328175019327208,19.329640431661048,5.511308008463928,5.511725368030664
1.19701044205908,40446295053.748436,40449360614.165504,19.328205208676543,19.32967015820386,5.838654677967155,5.839096862264592
1.2114471379067577,40446360078.7307,40449424345.743484,19.328236282380555,19.329700613824475,6.158246644743758,6.158713052814457
1.2260579493508208,40446428223.903595,40449489640.87243,19.328268847140414,19.329731816624378,6.470267659763099,6.47075769419431
1.2408449763344431,40446492334.2363,40449556538.30091,19.328299483757807,19.329763785120477,6.774897087002776,6.775410187878671
1.2558103441274293,40446564321.258575,40449625077.66465,19.32833388443498,19.329796538253625,7.072310068559459,7.072845685443782
1.2709562036316695,40446629646.239296,40449695299.698326,19.32836510150025,19.329830095489836,7.362677581330407,7.363235189266555
1.2862847316902777,40446702982.50711,40449767246.26232,19.328400146945864,19.329864476833077,7.646166553217303,7.646745650839109
1.3017981314004599,40446780055.090096,40449840960.272964,19.3284369778768,19.329899702791906,7.9229400155215215,7.9235400667538425
1.3174986324301545,40446852420.98604,40449916485.66467,19.32847155960759,19.32993579436142,8.19315706490529,8.19377757241382
1.3333884913384921,40446933373.18026,40449993867.42033,19.328510244501224,19.329972773037728,8.456973056938654,8.457613533522954
1.34946999190012,40447007385.025734,40450073151.712395,19.328545612787373,19.330010660885424,8.71453965291784,8.715199635409613
1.3657454454334392,40447090128.2868,40450154385.98378,19.32858515358406,19.330049480576207,8.96600492289163,8.96668397023522
1.3822171911327976,40447177505.77378,40450237618.89921,19.328626908953662,19.33008925536565,9.2115134937153,9.212211122136926
1.3988875964046932,40447258430.288574,40450322900.32422,19.328665580620036,19.330130009083163,9.451206479581533,9.451922250352688
1.415759057208029,40447348483.1478,40450410281.34091,19.328708614478646,19.33017176613952,9.685221677780605,9.685955170376946
1.4328339983984741,40447433152.039696,40450499814.282364,19.328749075482932,19.330214551543303,9.913693625968671,9.914444433193877
1.4501148740769754,40447526187.5452,40450591552.95992,19.328793534668616,19.330258391009515,10.136753671010991,10.137521402634924
1.467604167942475,40447622083.050934,40450685552.680984,19.3288393605721,19.330303310968088,10.354530093944813,10.355314330904992
1.4853043936488803,40447718173.87655,40450781870.069756,19.328885279813743,19.330349338478218,10.567148090440085,10.567948432318374
1.5032180951663396,40447822463.71705,40450880563.07529,19.328935117145832,19.33039650123221,10.774729920642539,10.775545955286772
1.5213478471468749,40447916881.064514,40450981691.230644,19.32898023667692,19.330444827679333,10.977394890259188,10.97822625260329
1.5396962552944244,40448023279.21246,40451085315.718636,19.329031081512884,19.33049434705721,11.175259501194114,11.17610585006317
1.5582659567393489,40448129210.40637,40451191499.22319,19.329081703203972,19.330545089320825,11.36843754729209,11.369298513458228
1.5770596204174525,40448236720.9913,40451300306.031654,19.32913307964389,19.33059708519138,11.557040068029155,11.557915313983864
1.5960799474535783,40448347497.44762,40451411802.12718,19.329186016756598,19.33065036620047,11.741175493276122,11.742064692097564
1.615329671549826,40448462315.5216,40451526055.21741,19.329240885250552,19.33070496470376,11.920949697913455,11.921852519865126
1.6348115593784562,40448579327.3031,40451643134.78175,19.329296802058796,19.330760913903614,12.096466042297827,12.097382161830291
1.65452841097953,40448701200.32105,40451763112.077324,19.32935504192223,19.330818247851905,12.267825442787002,12.268754534442474
1.6744830601633456,40448835985.10648,40451886060.18381,19.32941945197483,19.330877001471464,12.435126485705458,12.436068164076923
1.6946783749177292,40448947065.415215,40452012054.229065,19.3294725342905,19.33093721066389,12.598465258469707,12.59941924368175
1.7151172578202367,40449079111.84262,40452141171.39322,19.329535635754866,19.330998912311504,12.75793562036597,12.75890168808421
1.7358026464553273,40449210561.72594,40452273490.75508,19.329598452146723,19.331062144203962,12.913629335548798,12.914607187985832
1.7567375138365704,40449346613.79811,40452409093.42744,19.329663467801844,19.3311269451029,13.065635902390209,13.066625262678206
1.7779248688339402,40449484838.86469,40452548062.72201,19.32972952187301,19.331193354820766,13.21404271430467,13.215043311511513
1.7993677566062685,40449626704.58057,40452690484.1867,19.329797315713332,19.331261414238618,13.35893508888935,13.359946664144882
1.8210692590389104,40449772171.96522,40452836445.64563,19.32986683069506,19.331331165325263,13.500396330451196,13.50141862960658
1.8430324951866892,40449922689.18018,40452986037.26469,19.329938758855956,19.33140265116857,13.63850777769664,13.639540544192545
1.8652606217221832,40450076377.811874,40453139351.59597,19.330012202552286,19.331475915996723,13.773348839724088,13.774391818230695
1.88775683338942,40450236014.9692,40453296483.65226,19.330088488890297,19.33155100521379,13.904997049533636,13.906049981738008
1.9105243634630407,40450393336.138374,40453457531.004105,19.330163668479365,19.33162796544613,14.033528071791851,14.034590728996852
1.9335664842130058,40450557544.37317,40453622593.87049,19.33024213921333,19.33170684458573,14.159015784439557,14.16008796207632
1.9568865073748998,40450730732.697334,40453791775.18739,19.330324901292396,19.331787691822946,14.281532378820923,14.282613833323333
1.9804877846259143,40450900899.57739,40453965180.6601,19.330406219503946,19.331870557671508,14.401148279369247,14.40223878684774
2.0043737080665673,40451084146.47707,40454142918.85765,19.330493788307866,19.331955494013663,14.517932266199582,14.51903159902542
2.0285477107082346,40451261469.637344,40454325101.25891,19.33057852631478,19.332042554122193,14.631951472282339,14.633059418042553
2.0530132669665586,40451445366.50087,40454511842.36904,19.330666405719082,19.33213179271605,14.7432714043254,14.744387802503974
2.0777738931608125,40451639517.40257,40454703259.91895,19.330759185254625,19.332223266055706,14.851956108346064,14.853080759128582
2.102833148019282,40451834444.1491,40454899474.87512,19.33085233554571,19.33231703194781,14.958068079729632,14.95920077955288
2.1281946331907466,40452043178.99719,40455100611.48088,19.3309520843601,19.332413149764925,15.061668354116664,15.062808876262858
2.153861993762124,40452243917.9975,40455306797.41137,19.331048012172182,19.332511680519605,15.162816470266955,15.163964617675683
2.1798389187823672,40452469292.618034,40455518163.79698,19.33115571268984,19.332612686875564,15.26157061950046,15.2627261623913
2.206129141792668,40452666949.87576,40455734845.3777,19.33125016781937,19.33271623322144,15.357987499956606,15.359150292633469
2.232736441363065,40452891369.20106,40455956980.856544,19.331357411826918,19.33282238583971,15.452122482156941,15.4532924469015
2.2596646416355184,40453123194.552444,40456184712.8873,19.33146819497673,19.332931212900807,15.544029821118642,15.545206751850278
2.2869176128735367,40453358416.91365,40456418187.90284,19.33158060146689,19.333042784381096,15.6337623547154,15.634946053413952
2.314499272018431,40453593518.256744,40456657556.31389,19.331692950125724,19.333157172157854,15.721371626404387,15.72256194719242
2.3424135832522777,40453832618.44147,40456902972.8111,19.33180720972428,19.33327445015361,15.80690796215206,15.808104808120751
2.3706645585676736,40454086081.11182,40457154596.69806,19.331928332771486,19.3333946944953,15.890420577813266,15.891623819439252
2.399256258344359,40454346445.91293,40457412591.985245,19.332052754162827,19.333517983559158,15.971957539061428,15.973167000979643
2.4281927919327986,40454615036.56237,40457677127.36444,19.332181106467594,19.33364439795848,16.05156573836767,16.052781236781406
2.4574783182447963,40454888296.79348,40457948376.1236,19.332311690240847,19.333774020502958,16.129290944432874,16.130512302053248
2.4871170463512398,40455163314.47291,40458226516.39926,19.33244311385176,19.333906936319295,16.205177805020757,16.20640488949679
2.5171132360870474,40455446358.20698,40458511731.63648,19.332578372900034,19.334043233070982,16.279269929421584,16.280502635010567
2.547471198663417,40455741037.69239,40458804210.668625,19.332719192363406,19.334183000996447,16.351609949572723,16.352848142788204
2.578195297287452,40456045192.86681,40459104147.8213,19.332864540005723,19.334326332958717,16.422239495394994,16.423483009822878
2.6092899477892684,40456355702.13876,40459411743.10573,19.333012924101705,19.334473324537818,16.49119918059068,16.492447849833027
2.6407596192566607,40456663671.12663,40459727202.46035,19.333160094263707,19.33462407414623,16.558528588434417,16.559782316623618
2.6726088346774195,40456988566.77459,40460050737.91911,19.333315353224926,19.334778683109324,16.624266425214113,16.625525126896292
2.7048421715894047,40457316849.244576,40460382567.829796,19.33347223065802,19.334937255769677,16.68845051262885,16.689714082521252
2.7374642627384485,40457660662.14835,40460722917.10881,19.33363652967104,19.33509989960884,16.751117769281645,16.752386092284226
2.770479796744201,40458007899.063644,40461072017.40363,19.3338024649278,19.33526672532496,16.81230423849539,16.813577193120487
2.803893518774003,40458364833.537674,40461430107.38371,19.333973034389132,19.3354378469718,16.872045077266858,16.873322570848444
2.837710231224885,40458736988.33918,40461797433.031555,19.334150877238848,19.335613382097833,16.930374676412196,16.931656580415282
2.8719347944137956,40459115218.38306,40462174247.82021,19.334331623284793,19.335793451831073,16.98732659096452,16.988612765665575
2.9065721272761507,40459498660.01405,40462560812.98722,19.33451485980917,19.335978181009963,17.042933524601292,17.04422387864415
2.941627208072808,40459895777.75327,40462957397.788376,19.334704631780752,19.336167698304667,17.097227449535108,17.098521898444567
2.977105075105571,40460295674.60628,40463364279.96432,19.334895731816662,19.336362136440023,17.15023956607282,17.151538049615162
3.013010827441318,40460717181.98195,40463781746.14932,19.335097158944738,19.336561632390907,17.202000381254333,17.203302820133995
3.0493496256448713,40461144096.50661,40464210091.97927,19.33530117000504,19.336766327433818,17.252539693041264,17.253845978960783
3.086126692520694,40461587169.95755,40464649622.34163,19.335512902985055,19.336976367266335,17.30188656348221,17.303196593175073
3.123347313863546,40462035946.04541,40465100651.828705,19.335727361103096,19.337191902223733,17.350069367046917,17.351383044712385
3.161016839218183,40462500565.07649,40465563505.224205,19.335949390140975,19.337413087511482,17.397115804873284,17.398433046709144
3.1991406826482205,40462972953.28551,40466038517.92614,19.33617513186169,19.337640083407337,17.443052932890005,17.444373659465498
3.237724323514275,40463462658.52024,40466526036.30439,19.33640914892694,19.337873055432222,17.487907174964874,17.489231306034412
3.2767733072614837,40463965948.495964,40467026418.08824,19.336649657777436,19.33811217453542,17.531704361407293,17.533031787445605
3.3162932462165258,40464477436.61141,40467540032.89279,19.336894084300166,19.338357617346126,17.57446965888373,17.575800297573988
3.356289820394258,40465001888.43827,40468067262.722786,19.337144705834675,19.33860956641421,17.616227634646226,17.61756143766172
3.396768778314074,40465544864.58567,40468608502.45948,19.3374041796477,19.33886821044289,17.657002332386458,17.65833923050176
3.4377359378261105,40466102539.895905,40469164160.41036,19.33767067779844,19.33913374455142,17.696817235663623,17.698157134291264
3.4791971869474256,40466668310.35262,40469734658.946075,19.33794104440368,19.339406370579464,17.73569521253725,17.737038056163552
3.521158484708249,40467256011.616646,40470320435.09074,19.33822189115658,19.33968629736918,17.77365863091229,17.775004365406303
3.56362586200845,40467853632.02872,40470921941.09796,19.33850747800566,19.33997374104051,17.81072933820635,17.81207790637335
3.606605422484327,40468479949.75886,40471539645.23953,19.338806778537336,19.34026892536804,17.846928703581465,17.848280011098144
3.6501033433858567,40469110084.601776,40472174032.496216,19.339107903165363,19.34057208211114,17.882277553901936,17.88363151161687
3.6941258764645224,40469763504.8493,40472825605.25973,19.33942015526694,19.340883451349406,17.916796193475253,17.91815275200743
3.7386793488718437,40470438127.51444,40473494884.175545,19.339742539438173,19.341203281885416,17.950504543247607,17.95186360015197
3.7837701640687524,40471123991.9349,40474182409.024414,19.340070295744315,19.341531831665993,17.98342198375787,17.98478345923051
3.8294048027459335,40471824085.950645,40474888739.66024,19.340404851994368,19.341869368230373,18.015567397352644,18.016931278952523
3.875589823755259,40472553255.08939,40475614456.96072,19.340753302469913,19.342216169164512,18.046959320376065,18.048325566533173
3.922331865052462,40473294319.15567,40476360163.86284,19.341107437213942,19.342572522595912,18.077615835710237,18.07898439742069
3.9696376446511854,40474058722.10716,40477126486.48054,19.34147272498848,19.34293872772771,18.107554566320776,18.108925425781827
4.017513961588521,40474858530.70033,40477914075.30706,19.341854932174478,19.343315095413278,18.136792850765175,18.138165894752028
4.06596769690221,40475664211.070946,40478723606.48606,19.34223994532624,19.34370194876362,18.165347516529415,18.16672264645674
4.115005814619619,40476487690.21588,40479555783.12264,19.34263346403734,19.34409962377391,18.193234894163457,18.194612131809933
4.164635362758645,40477346222.21412,40480411336.71815,19.34304373357175,19.34450847000912,18.220471092687365,18.221850420095997
4.214863474340702,40478223292.770195,40481291028.741684,19.343462862188296,19.34492885135502,18.247071842511673,18.24845320834173
4.265697368415905,40479129514.3186,40482195652.29871,19.343895921286265,19.34536114681555,18.27305246887631,18.274435830484485
4.317144351100639,40480064296.58037,40483126033.90336,19.344342628787082,19.345805751359748,18.29842799029251,18.299813266342774
4.369211816627631,40481015618.719635,40484083035.42274,19.34479724025404,19.34626307685092,18.323212997678763,18.324600150395238
4.421907248408684,40482002401.69786,40485067556.15025,19.345268797509757,19.34673355303739,18.347421776378987,18.348810780374425
4.4752382201102385,40483018126.45997,40486080534.92049,19.345754185271765,19.347217628563147,18.37106834263367,18.3724591256807
4.529212396741896,40484048355.44284,40487122952.6133,19.346246504213866,19.34771577216451,18.39416626171279,18.395558835622943
4.583837535758073,40485126982.42602,40488195835.015175,19.34676195126895,19.348228474037466,18.416728889279256,18.418123247494435
4.639121488172954,40486236871.20743,40489300255.40339,19.347292337503273,19.34875624707259,18.438769357706764,18.440165394488144
4.695072199688863,40487367000.74385,40490437337.42218,19.34783239625435,19.34929962822948,18.460300329053524,18.461698013455514
4.75169771183828,40488540136.79965,40491608258.665146,19.348393006673525,19.3498591802487,18.481334233022295,18.482733552517924
4.8090061631396015,40489762167.03696,40492814254.3355,19.34897698231744,19.350435493400905,18.501883366463634,18.50328417853891
4.867005790266854,40490988219.330215,40494056621.17397,19.349562879994572,19.35102918736389,18.521959512486596,18.52336178446222
4.925704929233514,40492268742.71478,40495336721.80048,19.350174807952833,19.351640913297352,18.541574209841734,18.54297799652294
4.9851120165906035,40493585292.398506,40496655989.44781,19.3508039519182,19.352271356105,18.560738902739022,18.56214418133908
5.0452355906392325,40494949530.71543,40498015933.26143,19.351455885008928,19.35292123696719,18.579464726881834,18.580871452892033
5.106084292657776,40496350396.652565,40499418144.06766,19.352125321462054,19.353591316097372,18.597762556781742,18.599170679404303
5.1676668681438365,40497796847.81635,40500864300.63621,19.352816541878678,19.354282395734792,18.615642998085885,18.617052490122354
5.229992168071196,40499407340.29653,40502356176.711044,19.353586153263418,19.354995323504372,18.63311713015833,18.63452728201415
5.293069150161929,40500838254.89211,40503895648.83278,19.35426994916865,19.355730996154794,18.650194479582346,18.651605226391993
5.356906880173848,40502417279.35721,40505484704.9935,19.355024522828618,19.356490363694434,18.66688427983285,18.668296275471903
5.4215145332034815,40504060555.03392,40507125454.282265,19.35580980042825,19.357274434000676,18.683196911939426,18.68461016888108
5.486901395004776,40505746995.347694,40508820137.648796,19.35661570525621,19.358084277963606,18.69914191903859,18.70055644012686
5.5530768633236836,40507501515.11377,40510571139.998505,19.35745414343791,19.358921035265876,18.714728641404836,18.71614442304184
5.620050449248863,40509313477.47597,40512381003.72594,19.3583200319036,19.35978592085001,18.729966277643715,18.731383258221385
5.687831778578659,40511177942.20159,40514252444.04874,19.359211009847893,19.360680232246064,18.744863720443277,18.746281899472148
5.756430593204574,40513123275.174065,40516188366.4329,19.360140632569607,19.36160535789872,18.7594297855468,18.760849120293333
5.825856752511429,40515116696.914,40518191886.34899,19.36109323563018,19.362562786608237,18.77367305277742,18.77509352041487
5.896120234794399,40517192428.61986,40520266351.793945,19.362085172427246,19.363554118293006,18.787601909121673,18.789023532420256
5.967231138693149,40519338986.854706,40522415369.09826,19.36311095533271,19.364581076322157,18.801224670027306,18.802647428486043
6.039199684643272,40521571212.571884,40524642832.7087,19.364177676442182,19.36564552174788,18.81454947383384,18.8159733272766
6.11203621634521,40523882180.07691,40526952959.6434,19.36528202615106,19.366749469770625,18.827584310137322,18.82900920103921
6.1857512022509145,40526271375.292404,40529350329.55643,19.366423758795477,19.367895108884877,18.840336937348233,18.841762882953176
6.2603552370684294,40528768025.36133,40531839931.61794,19.367616841247216,19.36908482328193,18.85281509361558,18.854242074797252
6.335859043284609,40531344846.55656,40534427219.66902,19.36884823534107,19.370321219206915,18.86502634284159,18.866454355013182
6.412273472706223,40534032395.06578,40537118177.605446,19.37013254306383,19.37160715620396,18.8769780902136,18.878407187261026
6.489609508019627,40536841848.93196,40539919397.318344,19.371475106103972,19.372945784361956,18.888677801069967,18.89010792958349
6.567878264369249,40539753690.3455,40542838172.23712,19.372866597421066,19.374340589016207,18.900132715630168,18.90156384432443
6.647090990955133,40542798662.25277,40545882610.83397,19.374321708248896,19.375795444989215,18.911349967829047,18.91278210898507
6.727259072649714,40545970480.91539,40549061775.44399,19.375837435756555,19.377314682929132,18.922336659788964,18.923769828252304
6.808394031634124,40549305856.78061,40552385853.50823,19.377431322887265,19.378903171142202,18.933099899069827,18.93453404749831
6.89050752905422,40552778447.14855,40555866371.24409,19.379090781167637,19.38056641770018,18.943646681391304,18.945081768140685
6.973611366696582,40556429066.84018,40559516463.63105,19.380835314911575,19.38231069945929,18.95398392093508,18.95541996537852
7.057717488684729,40560253319.15549,40563351220.00108,19.382662823053465,19.38414322720866,18.96411857269642,18.965555608995512
7.142837983195795,40564291104.02692,40567388132.91188,19.3845923727064,19.386072360174875,18.974057629375405,18.975495688171016
7.228985084197899,40568534984.0244,40571647691.45061,19.386620409721,19.388107889545996,18.983808100161202,18.98524724160779
7.3161711732084855,40573046701.60985,40576154180.26478,19.388776439172382,19.390261420307098,18.993377137942115,18.99481739483476
7.404408781073854,40577828080.413445,40580936779.33171,19.391061332524753,19.39254689679076,19.00277208394583,19.00421340738494
7.493710589770156,40582911593.428894,40586031117.81744,19.39349060775535,19.394981345224757,19.01200030066081,19.013442733892852
7.58408943422613,40588352224.83637,40591481535.93877,19.396090540336786,19.397585954615607,19.02106947198967,19.022513105368624
7.67555830416779,40594208212.541916,40597344497.45436,19.398888960610428,19.400387707487,19.02998774083179,19.031432640707184
7.768130345985381,40600531402.985794,40603693969.16129,19.401910644606712,19.40342195059765,19.038763680119377,19.040210005392332
7.861818864622859,40607448055.45037,40610630376.64498,19.405215928267793,19.40673667465526,19.047406670428987,19.04885464771173
7.956637325490131,40615086517.95701,40618296598.90158,19.40886614568847,19.41040015771975,19.055927311455882,19.057377170854327
8.052599356398389,40623646973.13314,40626909362.2346,19.412956958805076,19.414515967508834,19.064337813965544,19.065789964973362
8.149718749518765,40633469783.675026,40636829771.922585,19.417651017868515,19.419256666600027,19.072653164124198,19.074108402586695
8.24800946336461,40645179387.52553,40648759646.5063,19.42324672511028,19.424957635347884,19.080893464267454,19.0823535206094
8.3474856247977,40660271680.50504,40660709439.93019,19.430458929229097,19.430668122777973,19.089090372904995,19.09053847661532
8.448161531058608,40685542008.80106,40667070424.400505,19.44253494485295,19.433707867531062,19.097321913691154,19.098632981055122
8.550051651821585,40690828156.63758,40667802575.77003,19.44506105385779,19.43405774313512,19.10553073167366,19.10657567428575
8.653170631274223,40680476462.155334,40667264051.131004,19.44011425527106,19.433800396579173,19.11351586220782,19.11433124387024
8.757533290222188,40700937209.78362,40666736478.689026,19.44989190062416,19.433548283785964,19.121370081938377,19.12189703549961
8.863154628219347,40703877397.58171,40666223268.77922,19.451296937922088,19.433303034463655,19.129170095521637,19.12927768877156
8.970049825723585,40691551675.32763,40665692984.26606,19.445406804134667,19.43304962564399,19.136731664837555,19.136477573525823
9.078234246278617,40697076283.18364,40665155594.22207,19.448046866820174,19.432792821280735,19.144076192738847,19.143500835950626
9.187723438722127,40697239238.647705,40664618804.05892,19.448124738888435,19.432536303584527,19.151278730066416,19.150351623979102
9.298533139420517,40683389815.6658,40664072657.474915,19.44150646917893,19.43227531470444,19.15823267406187,19.157033973931217
9.410679274530622,40684148113.268364,40663513830.050186,19.44186883937012,19.432008265988927,19.164948255618288,19.163551751544347
9.524177962288718,40703597429.54667,40662949309.38628,19.451163148668314,19.431738496626316,19.17161975926194,19.16990875205617
9.639045515327101,40679377024.297134,40662381233.76194,19.43958886325408,19.431467028442974,19.178104712884696,19.17610873228401
9.755298443018628,40691745850.160675,40661806164.82875,19.445499595106362,19.431192218343927,19.184370178034357,19.18215535249072
9.872953453849549,40682537858.062035,40661224130.79934,19.441099341372222,19.430914079811238,19.190504363920805,19.188052167034403
9.992027457820912,40693802137.014046,40660633881.79922,19.44648223972726,19.43063201556324,19.19650555493431,19.193802639105037
10.112537568878977,40690117222.47231,40660034365.72789,19.44472131738952,19.43034552282918,19.20240696528271,19.19941013681907
10.234501107374921,40710449762.33434,40659427187.15567,19.454437695671995,19.4300553683904,19.20826361511278,19.204877951713787
10.357935602554209,40703724070.464836,40658814029.33826,19.451223666984042,19.429762356629876,19.21405761843595,19.210209315958622
10.48285879507597,40693789974.20853,40658193666.10471,19.446476427447035,19.429465901593243,19.21961993423547,19.215407387635867
10.60928863956282,40696791499.49782,40657565831.875,19.447910776295387,19.429165876366884,19.22501166359444,19.22047524159523
10.737243307181362,40692365575.224884,40656928884.283394,19.4457957451789,19.42886149610804,19.230267337915603,19.225415868990442
10.866741188253847,40703766541.21823,40656283345.497986,19.451243962623877,19.42855301034691,19.23543851751825,19.230232183841633
10.997800894901342,40676812656.227776,40655630780.73541,19.438363420176803,19.42824116705876,19.24039783862256,19.23492704298233
11.130441263718758,40699706567.684135,40654970610.20228,19.449303809601094,19.4279256891758,19.245218373120004,19.239503241068086
11.264681358482123,40686854367.71735,40654300067.04321,19.443162086162374,19.427605254491674,19.249980332083126,19.243963487525022
11.400540472888565,40684174409.821526,40653620691.614624,19.441881405791225,19.427280599101607,19.254541891864037,19.24831042079124
11.538038133329287,40717905191.3758,40652935650.45535,19.458000446283407,19.426953236210018,19.25917238927334,19.252546643495677
11.677194101695985,40682304311.94017,40652242761.41968,19.440987735912113,19.4266221230277,19.26368024302963,19.256674701997316
11.818028378221166,40685464728.2498,40651538246.00244,19.44249801453952,19.426285453907845,19.26789897273272,19.26069704853092
11.960561204352672,40674601512.306725,40650823583.30534,19.437306773495195,19.4259439356737,19.27197367303428,19.26461606439524
12.104813065662881,40657223526.549,40650101630.21159,19.42900229778506,19.425598933553516,19.27579174649072,19.268434099063896
12.250804694792999,40686789076.71487,40649371099.152374,19.443130885334398,19.42524983225252,19.279589947658135,19.272153455090233
12.39855707443289,40669318857.778305,40648629246.900444,19.434782333849085,19.424895320855594,19.283365036323822,19.27577635760894
12.548091440336803,40679502275.93675,40647877183.242035,19.43964871767066,19.42453592969998,19.287010375333093,19.279304969921377
12.699429284375467,40714389565.049225,40647117034.9178,19.4563204222667,19.424172675098283,19.290825325920725,19.28274142243236
12.852592357625056,40697788657.50806,40646347211.35552,19.448387291502076,19.423804796958485,19.294651662630653,19.28608779798266
13.007602673493352,40702948517.36568,40645567545.01633,19.450853050851443,19.423432215218224,19.29832331905435,19.289346120162705
13.164482510883603,40694643453.6597,40644778091.5433,19.446884282504012,19.423054956467844,19.301889725987163,19.292518363994606
13.32325441739661,40691421587.12509,40643978390.79295,19.44534463845372,19.422672800817057,19.30530655876492,19.295606455401334
13.483941212571365,40693878582.446236,40643168338.04214,19.446518770959567,19.422285698221458,19.30863830354232,19.298612271491773
13.646565991164776,40677189472.20865,40642348066.222496,19.43854349047977,19.421893712205538,19.31180989797262,19.301537645070454
13.811152126471006,40679034752.385086,40641517636.80672,19.439425300639893,19.421496872145447,19.314822952059007,19.30438436661756
13.977723273680795,40679778421.738174,40640676275.52285,19.439780680380974,19.421094808037285,19.317779239742865,19.307154180130212
14.146303373281274,40687365985.4122,40639823640.11308,19.443406574607643,19.42068735632518,19.320712881660278,19.309848781981263
14.316916654496875,40695845005.1679,40638960563.695366,19.4474584719097,19.420274915133955,19.323668000910498,19.31246983117203
14.489587638771654,40683813787.991554,40638086458.95244,19.44170907424088,19.41985720380038,19.326532303732076,19.31501894874237
14.664341143293623,40684756866.74708,40637201064.77993,19.442159746414696,19.419434097549633,19.329266418191448,19.31749771253506
14.84120228456165,40673196938.351776,40636304950.689835,19.436635565079296,19.4190058685363,19.331875232077103,19.31990766478504
15.020196481995317,40673730270.54626,40635395804.41002,19.436890430304544,19.41857141178723,19.334360229075923,19.322250301225626
15.201349461588306,40684033024.51216,40634474398.95047,19.441813841524358,19.41813109670327,19.336848024862753,19.324527073544743
15.384687259605924,40697080610.74955,40633542295.14839,19.448048934848455,19.417685669166868,19.339409155924642,19.326739412275494
15.570236226327143,40676387908.94054,40632598097.228355,19.43816044478144,19.417234462174193,19.341865186578186,19.328888714893132
15.758023029831811,40685789175.599625,40631641767.75911,19.44265305927102,19.416777457837846,19.344200131643003,19.330976337697184
15.948074659833509,40659564546.295105,40630672738.740425,19.430121008658087,19.416314384725677,19.346383314506483,19.33300360140875
16.14041843155869,40696346014.94478,40629691054.36916,19.44769789111401,19.415845263958182,19.348576672331223,19.334971792514295
16.335081989672556,40682486302.103355,40628697154.1469,19.441074704155195,19.41537030556144,19.35084610355266,19.336882169772675
16.532093312252265,40688156660.03589,40627690390.71862,19.44378441691334,19.41488920018176,19.353016071976676,19.338735960906984
16.731480714808132,40670528716.42879,40626670230.487915,19.43536049301642,19.414401692827663,19.355066149462054,19.340534357872045
16.933272854353273,40673502114.20331,40625636989.32526,19.43678140047597,19.41390793444521,19.356985398990258,19.342278523179438
17.13749873352231,40676309411.5155,40624590635.08726,19.438122932956503,19.41340790967394,19.358891895999125,19.343969593393123
17.34418770473983,40680018994.878914,40623529900.281685,19.439895643865906,19.41290101281313,19.360790146297834,19.345608670750842
17.553369474439055,40691591492.991615,40622455158.504814,19.44542583193386,19.412387422394477,19.36273019982777,19.347196826371874
17.765074107331372,40676849239.21149,40621366934.093925,19.438380902208603,19.41186738898477,19.364605453634454,19.348735111086906
17.979332030727445,40692345691.85104,40620264548.131134,19.445786243445074,19.411340588147272,19.36644157477872,19.35022454991469
18.196174038910378,40680850446.50637,40619147652.63751,19.44029297241368,19.41080685359214,19.36825592922712,19.351666137787596
18.415631297561585,40691534542.355,40618016123.92706,19.445398616744196,19.410266126213127,19.37002345917544,19.35306084340383
18.637735348240156,40682640761.3556,40616869842.328964,19.441148516110527,19.40971834882275,19.371758583539865,19.35440961113397
18.862518112916142,40686258936.99004,40615708496.271835,19.44287754570522,19.409163372529356,19.373423159915543,19.355713360527034
19.090011898558522,40668970230.45089,40614532070.36423,19.43461573415147,19.40860118997778,19.37497020343651,19.356972987505465
19.320249401778593,40690785931.62213,40613340269.88497,19.445040875649564,19.408031660328643,19.37650754819747,19.35818936500071
19.553263713529255,40682125601.77373,40612132630.77497,19.44090233509196,19.407454561820483,19.378081906810916,19.359363340961842
19.789088323861044,40699160076.247894,40610909069.86414,19.44904265592533,19.40686985470854,19.37966724259573,19.36049574016364
20.027757126735455,40694453469.65941,40609669585.26438,19.44679349421947,19.40627753809053,19.381284067271935,19.361587367361746
20.269304424896426,40761407578.87501,40608413887.90039,19.478789076528393,19.40567747382509,19.383217391042113,19.362639006588882
20.513764934800466,40673356499.42859,40607141492.3954,19.43671181506046,19.40506942996361,19.38498022476363,19.363651418911903
20.76117379160629,40669065724.12484,40605852272.76605,19.434661368030266,19.404453346302006,19.386181403755383,19.36462534391802
21.011566554224647,40680258722.07162,40604546038.185135,19.44001020309484,19.40382913164904,19.38739372242037,19.36556150187668
21.264979210429043,40691325764.21964,40603222495.51228,19.445298847243972,19.40319664592076,19.388703325273454,19.36646059324974
21.52144818202804,40682853300.130974,40601881555.33538,19.44125008272027,19.402555846389497,19.389995925760168,19.36732329974519
21.78101033010006,40705098637.1833,40600522920.07023,19.451880535742283,19.401906590847705,19.391336910534644,19.36815028472237
22.043702960291224,40680070266.83963,40599146239.21595,19.439920145367882,19.401248711800367,19.392628766590033,19.36894219215392
22.309563828177094,40680773627.793335,40597751279.340256,19.440256262800414,19.400582097696418,19.393753189476445,19.369699647454066
22.578631144689147,40701578045.55198,40596337927.71661,19.450198138938926,19.399906694666857,19.394973406873117,19.37042325926439
22.85094358160664,40661530236.42345,40594905645.161194,19.431060359521418,19.399222245050122,19.39605371659383,19.371113618101827
23.126540277114675,40669080766.52863,40593454180.3889,19.434668556393675,19.398528628763767,19.396926085147385,19.371771296027973
23.405460841429427,40687227954.41105,40591983546.3008,19.44334061327517,19.397825851972865,19.397923615889965,19.372396850210773
23.687745362491093,40652246830.73495,40590493259.45362,19.426624067644887,19.39711368365278,19.398800416425438,19.372990821937353
23.9734344117255,40686924849.66513,40588983049.69858,19.443195767604603,19.396391994706615,19.399657091834342,19.37355373541207
24.26256904987534,40692921576.00589,40587452746.39244,19.446061443116797,19.395660703588526,19.400722750963396,19.374086099928036
24.555190832901552,40699334033.932915,40585902002.11963,19.44912578566142,19.39491964427787,19.401833423197743,19.37458840977368
24.851341817956033,40684279449.05807,40584330499.69038,19.441931601239688,19.394168665198123,19.402868131526255,19.37506114376564
25.15106456942623,40659132306.4958,40582737875.034004,19.42991445279112,19.393407592369627,19.403650407871158,19.375504765518453
25.454402165052805,40690700731.120255,40581123865.156044,19.445000160603055,19.39263630011434,19.40445242499375,19.37591972411651
25.76139820212097,40661929989.9922,40579488382.38806,19.431251391085606,19.391854746537856,19.405249230697166,19.376306456025468
26.072096803726463,40701410628.41072,40577831065.07025,19.450118134754184,19.391062758812602,19.4060901015372,19.37666538481749
26.38654262511724,40628119013.76206,40576150980.36454,19.415094027697602,19.390259891160156,19.406715825624808,19.376996916682227
26.70478086011153,40697533636.145256,40574448172.0517,19.448265423597334,19.38944616450218,19.407309620475214,19.377301443186287
27.02685724759327,40664305243.32231,40572722835.93828,19.432386461275,19.388621672409396,19.408090708731216,19.3775793479808
27.35281807808605,40649590879.00951,40570974105.41748,19.425354859182022,19.387786000753547,19.40858252368756,19.377831001794164
27.68271020040616,40664542038.94997,40569201400.21464,19.432499619587222,19.38693887223684,19.40906503373937,19.378056758390727
28.016581028395926,40672229828.204575,40567404739.86688,19.436173408944605,19.386080296195562,19.409664021207515,19.378256959999625
28.354478547738374,40650158339.07483,40565583901.32633,19.42562603320614,19.385210166041073,19.41016638401653,19.378431939581706
28.696451322853907,40665730145.84584,40563738356.97477,19.433067384171412,19.384328229638708,19.410621328620667,19.37858201794963
29.042548503880234,40686191148.626,40561867770.68852,19.442845151454787,19.38343432636393,19.411269636538595,19.378707503432455
29.39281983373656,40666943081.50935,40559971753.53432,19.433647013761174,19.38252827035591,19.411908103704604,19.37880869294812
29.747315655272857,40695368493.656,40558049910.37924,19.447230759772555,19.381609872791167,19.412585013552544,19.378885871941392
30.10608691850536,40674799747.001495,40556101865.2583,19.43740150456648,19.380678954006065,19.41328869902839,19.37893931472992
30.469185187939466,40858480632.8072,40554127269.18655,19.525177698876647,19.379735347230007,19.41490599478516,19.378969285029367
30.8366626499808,40709856094.88975,40552125726.196335,19.454153997840596,19.378778863240626,19.41667214639807,19.378976036088844
31.208572120435743,40642226412.93384,40550096722.02139,19.42183557734487,19.377809256283783,19.41717502312211,19.378959810000854
31.58496705210235,40660772780.52935,40548040019.67685,19.430698391560245,19.37682641311074,19.417391057274717,19.37892083887898
31.965901542452947,40701910776.97358,40545955257.08753,19.45035714240729,19.37583016069543,19.417940603233703,19.3788593459422
32.35143034140928,40631349762.87371,40543841547.58844,19.416637916494455,19.374820075324305,19.418306780384135,19.37877554203432
32.74160885921138,40674718791.359955,40541698681.20073,19.437362818025466,19.37379605665408,19.418514218615417,19.378669626818912
33.13649317438156,40671483638.09502,40539526513.3501,19.435816824601268,19.372758035596554,19.418942352220906,19.378541793224322
33.53614004178425,40652335401.79591,40537324405.90184,19.42666639339165,19.37170570720418,19.419233093889893,19.37839222516052
33.94060690078302,40669036729.04013,40535091900.98584,19.434647512052937,19.37063885267304,19.419504312262184,19.378221095982173
34.34995188349621,40668529144.352066,40532828549.90174,19.434404950874004,19.369557257581214,19.419860191191823,19.37802856980518
34.764233823151955,40676944124.674484,40530533882.70436,19.438426245439615,19.368460697354433,19.420252703951792,19.37781480165626
35.1835122625439,40636681807.265,40528207410.949104,19.419185958238195,19.367348938578058,19.42045398307615,19.377579937463327
35.60784746258914,40691359080.0247,40525848655.690704,19.445314767978267,19.36622175237693,19.420735315742217,19.37732411422109
36.03730041098919,40660957678.042305,40523457125.32066,19.430786749148208,19.365078903824458,19.421144517994477,19.377047460184052
36.4719328309954,40664532184.95274,40521032314.956535,19.432494910624875,19.3639201516508,19.42139331570029,19.376750094926688
36.91180719028024,40655593401.24574,40518573713.11934,19.428223304398017,19.362745251433793,19.421605428044995,19.376432129436882
37.356986709915475,40662803677.02305,40516080824.683846,19.431668902805725,19.361553966566305,19.42180327823666,19.376093666375336
37.807535373458514,40651047290.62737,40513553119.08029,19.426050839433888,19.3603460435032,19.421970062634667,19.375734800163045
38.26351793614863,40660409593.50792,40510990066.94152,19.430524834173344,19.359121229274034,19.422120059694315,19.375355616983903
38.724999934213855,42026480679.47025,40508391134.364296,20.08333375632634,19.357879268740707,19.430098643270828,19.374956194960813
39.19204769429011,40593982224.73714,40505755689.957,19.398780967068383,19.356619860178004,19.437417204344626,19.37453660376595
39.66472834295417,40623454419.51129,40503083172.940094,19.412864942566955,19.35534273560435,19.436669680074594,19.37409690467454
40.143109816371364,40690784950.764656,40500373077.39271,19.445040406923948,19.35404765325366,19.436489135065603,19.37363715147352
40.62726087005974,40638168472.91594,40497624804.52792,19.41989639608522,19.352734326981636,19.436392091308644,19.373157390418815
41.11725108877194,40641897706.73207,40494837763.138824,19.42167849742166,19.351402474266276,19.436022515889377,19.372657659934355
41.61315089649633,40636115556.78924,40492011363.32284,19.418915362244658,19.35005181320888,19.435649752409198,19.37213799084771
42.11503156657874,40641971436.20366,40489144950.81575,19.421713730768865,19.34868203115403,19.435286632635208,19.371598406210882
42.62296523196612,40639081211.98452,40486237909.75366,19.420332569732178,19.34729283379681,19.43494860713679,19.37103892134104
43.13702489557402,40667484379.211945,40483289622.09515,19.43390568549021,19.34588392579171,19.434764076529444,19.37045954420746
43.65728444077888,40658707418.26869,40480299421.14695,19.429711410044355,19.344454988543802,19.434693756943243,19.369860275316285
44.18381864203688,40631653975.58636,40477266648.318695,19.416783291632754,19.343005707330335,19.434421653117738,19.369241107659725
44.71670317563108,40639017087.25801,40474190637.338356,19.42030192623637,19.341535763757676,19.43404569998489,19.36860202689591
45.25601463054789,40576155020.349625,40471070694.48743,19.390261821761232,19.340044826316262,19.433362100428386,19.367943011323177
45.80183051948482,40657315434.15431,40467906129.14054,19.429046217977337,19.33853256497466,19.432803167501,19.367264031917536
46.35422928999115,40640212877.72437,40464696264.265236,19.420873362593884,19.336998656197117,19.432616763532266,19.36656505260102
46.91329033574276,40616133572.74302,40461440359.84837,19.409366505232946,19.335442746351102,19.432201415262742,19.365846030126608
47.479094007952895,40591704391.611374,40458137616.73306,19.397692451395258,19.33386445354086,19.431521296826705,19.365106913556875
48.05172162692088,40651602196.47124,40454787336.71346,19.426316014130542,19.33226344411245,19.431060935098568,19.364347644688298
48.631255493719785,40664349873.679474,40451388807.00325,19.43240778893185,19.330639377444303,19.431021114506514,19.363568158708425
49.21777890202509,40656614514.47838,40447941212.10045,19.428711267166314,19.32899186382979,19.43100991622095,19.362768383685417
49.811376150086275,40613955745.457016,40444443763.3366,19.40832577968226,19.32732052638529,19.430712525270394,19.361948240311616
50.41213255284251,40617288679.84957,40440895669.15654,19.40991850009833,19.325624986847718,19.43020112349011,19.36110764221281
51.02013445418457,40629956260.147,40437296105.77933,19.41597199872313,19.32390485155414,19.42979273078391,19.360246495915902
51.6354692393646,40662382325.20983,40433644232.3864,19.431467550016798,19.3221597186998,19.429649951857982,19.35936470073873
52.2582253475557,40674298861.721825,40429939220.95343,19.437162144856064,19.320389192593968,19.42976087593566,19.358462148937864
52.8884922845628,40736682116.44505,40426180213.69858,19.46697343776369,19.318592863325584,19.43029148347575,19.35753872577842
53.526360635686835,40592669130.18051,40422366302.0959,19.39815347421607,19.316770296734347,19.430340423922402,19.35659430924329
54.171922078744295,40610261747.28927,40418496590.10604,19.406560516522017,19.314921064626954,19.42967804336626,19.355628769991252
54.825269397243595,40687157910.1445,40414570157.802155,19.44330714098912,19.313044727394914,19.42956825367129,19.354641971464687
55.48649649372027,40680977403.35058,40410586083.94003,19.440353641702036,19.311140844800196,19.42985855594334,19.353633769918673
56.15569840323338,40640634766.015495,40406543467.69356,19.42107497175129,19.309208986362037,19.42987746130468,19.35260401470011
56.83297130702432,40638245891.83553,40402441341.677704,19.419933392521184,19.30724868979295,19.42965531048505,19.35155254814724
57.51841254634043,40673199097.1118,40398278712.48265,19.43663659669311,19.30525948036888,19.429624031281403,19.350479205232975
58.21212063642555,40639747452.87413,40394054574.43711,19.420650948476528,19.303240877506354,19.42959967211715,19.349383813523115
58.91419528067912,40611871707.02317,40389767892.89602,19.407329873321526,19.30119238677611,19.429228914900687,19.34826619311787
59.6247373849859,40630158534.98962,40385417646.63641,19.416068660473268,19.29911352016293,19.42881422667253,19.347126156742092
60.34384907221895,40588406678.80827,40381002792.76815,19.396116562437,19.29700377929745,19.42827449421553,19.345963509872213
61.07163369691718,40595879279.229095,40376522249.59083,19.39968751879244,19.294862647263912,19.427555169987578,19.34477805056496
61.808195860139854,40672177225.4597,40371974914.69861,19.43614827149639,19.29268959725197,19.42732943463912,19.343569569296903
62.553641424500675,40803454994.205666,40367359675.78328,19.49888241439594,19.290484097719222,19.428285965251355,19.34233784897113
63.308077529382736,40617215367.21243,40362675404.10702,19.409883465945185,19.288245609271968,19.42889792981401,19.341082664947375
64.07161260633724,40594151328.48095,40357920934.70636,19.39886177723549,19.28597357520526,19.42831609875636,19.339803784922026
64.84435639466776,40622600748.51761,40353095076.789085,19.412456995976925,19.283667426471265,19.42778028603892,19.338500968758716
65.62641995720267,40582366036.62026,40348196619.49865,19.39322990071318,19.28132658443395,19.427188122476256,19.337173968414305
66.41791569625771,40614394728.57491,40343224367.57688,19.408535558001255,19.278950477911327,19.42656598742789,19.335822528102167
67.21895736979077,40620883840.38394,40338177076.80903,19.411636531390787,19.27653851232636,19.426175768276334,19.334446384284597
68.02966010775216,40554123452.762726,40333053447.18574,19.379733523462896,19.274090066439275,19.42545112273796,19.333045265263213
68.85014042863149,40614609661.84986,40327852183.59518,19.408638268878452,19.271604521350678,19.424712445978287,19.3316188910863
69.68051625620426,40628008360.78818,40322571955.308624,19.41504114959385,19.269081241140825,19.424407922449134,19.330166973569018
70.52090693648064,40609094156.47978,40317211405.31462,19.406002556028096,19.266519577330136,19.424078294808503,19.328689216138375
71.37143325485853,40611468797.32418,40311769192.53763,19.40713733352691,19.26391888905441,19.423663571235096,19.32718531397486
72.23221745348323,40598350899.4395,40306243935.33701,19.400868640142644,19.26127851606444,19.42319733168445,19.325654954066426
73.10338324881701,40673577654.62064,40300634183.315735,19.436817499225825,19.258597765254187,19.423096724018432,19.32409781478283
73.98505584942022,40725330529.79114,40294938479.936615,19.461548817387477,19.255875940583397,19.423716514416352,19.32251356565793
74.87736197394675,40698849228.57514,40289155353.56723,19.44889411011663,19.2531123387982,19.424462024492033,19.320901867478494
75.78042986935695,40598851378.01682,40283283281.91592,19.40110780550086,19.250306232436024,19.42447139965981,19.31926237211805
76.69438932934987,40490702306.27415,40277320708.24242,19.349426249773877,19.247456877572247,19.42330199030334,19.317594722266794
77.61937171301778,40572132741.83014,40271266080.74547,19.388339682180145,19.24456353264244,19.42201546931221,19.31589855148342
78.55550996372601,40568046608.68029,40265117804.133865,19.386387028174994,19.24162543529951,19.421194360055267,19.314173484191667
79.50293862822011,40669114606.42023,40258874224.71244,19.434684727574943,19.23864179528666,19.420945270974567,19.31241913531935
80.4617938759637,40576906889.891426,40252533691.05885,19.3906211201537,19.235611823433214,19.420745681637115,19.310635110207684
81.43221351870939,40630491420.36467,40246094509.98291,19.416227737511882,19.232534710608757,19.420337128385878,19.308821004613346
82.41433703030589,40564375883.28991,40239554931.31798,19.384632886454085,19.229409620455353,19.41986325684245,19.306976404376027
83.40830556674398,40522023186.03012,40232913197.67978,19.364393662498212,19.226235713165952,19.41878739747835,19.305100885291715
84.41426198644395,40573291169.004105,40226167522.0542,19.38889326361716,19.22301213477418,19.41779067186542,19.303194013141272
85.4323508707883,40591581599.62681,40219316064.862976,19.3976337723822,19.21973800619468,19.417210200321083,19.301255343461666
86.46271854490156,40565842336.24559,40212356948.45053,19.385333665193365,19.216412430145944,19.416599820542068,19.299284421276028
87.50551309868081,40538431425.83934,40205288265.99082,19.372234722494543,19.21303449540669,19.4157029705539,19.297280780962385
88.56088440808018,40540390771.41612,40198108068.15891,19.37317104146597,19.20960327044654,19.414684287975987,19.295243946099713
89.62898415665175,40516291819.937485,40190814333.86244,19.361654795568192,19.206117789439382,19.413563526898752,19.29317342907591
90.70996585734608,40536310637.56249,40183405020.84653,19.371221254364407,19.2025770764461,19.412447718688473,19.29106873082864
91.80398487457624,40425716261.363205,40175878117.55148,19.318371152883795,19.198980170195995,19.41084118052146,19.28892934117228
92.91119844654749,40522539976.2744,40168231552.337265,19.364640622766835,19.19532608070756,19.40920178875938,19.286754738892064
94.03176570785615,40588607913.45643,40160463147.623764,19.396212727105965,19.191613767373372,19.408522296626778,19.284544391064003
95.16584771236167,40484177740.92321,40152570683.960495,19.346308334082643,19.18784216957726,19.40763595517148,19.28229775249771
96.31360745633391,40482625109.156235,40144551922.10302,19.345566372788888,19.18401021724405,19.40617415218062,19.280014265678744
97.47520990187972,40567735535.83605,40136404586.41568,19.38623837476285,19.18011682290819,19.405222929636416,19.277693360741935
98.65082200065248,40554871555.17741,40128126351.07791,19.38009102164583,19.176160875122083,19.404699894152056,19.275334455273445
99.84061271784705,40584908675.28014,40119714828.91771,19.39444495988546,19.172141233119923,19.40428792037974,19.272936953976277
101.04475305648423,40588517917.94721,40111167592.39572,19.396169720653393,19.16805673684543,19.404075276831776,19.27050024840046
102.26341608198875,40438737116.19236,40102482173.582535,19.324593471981153,19.163906206940986,19.4030350129726,19.26802371679743
103.49677694706244,40588288159.831856,40093656046.25776,19.396059925380523,19.15968843619327,19.402028251131213,19.26550672387593
104.74501291685849,40524723551.00045,40084686634.567825,19.365684094865763,19.155402193670593,19.401524865040702,19.2629486205122
106.00830339445916,40592074765.542816,40075571308.24801,19.39786944321469,19.15104622243962,19.401059282661574,19.260348743488542
107.28682994666,40495936872.034424,40066307374.098495,19.351927709080805,19.14661923549203,19.40043622654922,19.25770641516267
108.58077633006585,40439412806.881355,40056892083.604355,19.324916366532488,19.142119919385863,19.398965081446615,19.255020943140323
109.89032851750162,40486309489.43758,40047322653.99153,19.347327039817845,19.137546944307655,19.397477800632792,19.25229162011841
111.21567472474072,40532427045.50906,40037596235.30046,19.369365389344985,19.132898948337772,19.396552268180123,19.249517723662855
112.5570054375567,40566925125.43248,40027709904.9412,19.385851101254545,19.128174534848462,19.396104620959807,19.246698515775403
113.91451343910114,40482332641.65052,40017660692.04112,19.345426610371597,19.123372284138966,19.39537996206184,19.243833242578727
115.28839383761098,40466631886.57382,40007445563.54588,19.337923638451663,19.11849074679354,19.394107065575763,19.240921134066852
116.67884409445062,40425307300.65576,39997061409.127846,19.318175721473693,19.113528436469597,19.39254064565127,19.2379614036973
118.08606405249265,40483599611.14744,39986505061.17508,19.346032061288597,19.108483839449917,19.391110768744014,19.234953248021867
119.51025596483952,40630940680.730446,39975773313.9035,19.416442427053415,19.103355423775824,19.39088184685189,19.231895846547427
120.95162452389278,40538676204.50151,39964862861.17964,19.372351695685953,19.09814160953434,19.39096199785731,19.228788361353477
122.410376890773,40678713012.01778,39953770311.66197,19.439271549503108,19.09284077609385,19.391318563775087,19.225629936455164
123.88672272509324,40427035633.71187,39942492259.96101,19.319001645725418,19.087451296109577,19.391021411275823,19.222419697671775
125.38087421509283,40513079404.27141,39931025205.06796,19.3601196678358,19.08197149654283,19.38980513353156,19.21915675243426
126.89304610813464,40512509694.64671,39919365541.303635,19.359847418807284,19.076399654335734,19.389098587351636,19.215840189086773
128.42345574156886,40401567748.11487,39907509618.71885,19.306831222738698,19.070734025274966,19.387773786042953,19.212469076497804
129.97232307397022,40445640639.19835,39895453699.61113,19.3278924814243,19.064972823212244,19.386107096781288,19.20904246377273
131.53987071675215,40458734938.34864,39883193956.69785,19.33414989760307,19.05911421919132,19.384802457357843,19.205559379718157
133.12632396616075,40438209800.308846,39870726491.825066,19.324341481790388,19.053156350388427,19.383485521634146,19.202018832415124
134.731910835656,40298164581.03735,39858047333.496544,19.257417608219853,19.047097318931495,19.38128676828166,19.198419808893743
136.3568620886835,40385929827.446945,39845152423.54004,19.299358277706155,19.040935185528287,19.37885188898579,19.194761274725593
138.00141127184006,40468470919.457375,39832037604.71286,19.338802463197204,19.034667963543445,19.37743859551346,19.19104217348023
139.66579474844085,40390093271.37422,39818698632.307205,19.301347876469016,19.028293624544364,19.376076893776226,19.187261426190897
141.35025173249107,40360703926.41402,39805131170.58231,19.287303492685915,19.021810096596226,19.374139064067847,19.183417930877877
143.05502432306622,40417204572.3057,39791330795.129425,19.314303643794094,19.01521526539214,19.372403532091386,19.179510562076537
144.78035753910876,40342091997.31595,39777292995.58645,19.278409348377796,19.008506975550404,19.370599292974973,19.17553817040532
146.5264993546428,40433050807.888794,39763013150.00006,19.32187613696629,19.00168301836285,19.368933137605357,19.171499582013244
148.2937007344144,40266130483.88632,39748486533.41187,19.242109367932652,18.99474113589794,19.366867700329422,19.1673935979451
150.0822156699622,40353737382.77031,39733708332.983734,19.283974367361534,18.987679028228733,19.364410853196848,19.1632189936562
151.8923012161215,40390674797.144135,39718673624.72497,19.30162577211805,18.980494342311474,19.362715518923853,19.158974518491117
153.72421752796987,40354592886.584045,39703377372.5381,19.284383189807365,18.973184671529552,19.361062715330174,19.15465889503847
155.57822789821867,40218932670.33865,39687814438.94248,19.219554792181327,18.96574756081804,19.358473486515695,19.15027081855662
157.45459879505376,40244485814.74138,39671979573.72773,19.231765958076412,18.95818050124149,19.355327773259425,19.14580895640874
159.35359990043426,40272151629.076065,39655867404.953514,19.244986712561225,18.95048092569295,19.35255792312438,19.141271947396163
161.2755041488532,40371495388.51158,39639472440.89613,19.29246044448202,18.942646209824197,19.35057510838152,19.136658401067955
163.22058776656405,40340995109.51869,39622789075.70163,19.2778851749669,18.934673674747195,19.34902457592992,19.131966897090003
165.189130311282,40177354338.07161,39605811580.24262,19.1996856165937,18.926560582664845,19.346407259780797,19.12719598460878
167.1814147123639,40324426496.223885,39588534092.09058,19.269967476760932,18.918304132078966,19.343768703426097,19.122344181521655
169.1977273114714,40281554036.818726,39570950627.30994,19.2494798723442,18.90990146342642,19.341776071514968,19.117409973775185
171.23835790372596,40099797837.79325,39553055079.60954,19.162623434491362,18.901349658673592,19.338554349771165,19.112391814741624
173.30359977936027,40193055874.00218,39534841195.89976,19.207188961662865,18.89264572963579,19.334917314480638,19.107288124466173
175.3937497658705,40290389399.24786,39516302568.770615,19.25370205630188,18.88378661438276,19.33244549313974,19.10209728875172
177.5091082706783,40145273006.13223,39497432664.31373,19.184354804061478,18.87476919053402,19.32975351582812,19.096817658381404
179.64997932430765,40154181420.17198,39478224813.78491,19.188611897434686,18.865590271274666,19.326359491464203,19.091447548468608
181.81667062408056,40211665123.57535,39458672183.005806,19.21608182549753,18.8562465907332,19.323423360831395,19.085985237601236
184.00949357834142,40208207538.85161,39438767781.21968,19.214429538014137,18.846734808213515,19.320860557586368,19.08042896688451
186.22876335121506,40187167602.22248,39418504467.61447,19.20437511369159,18.837051511312062,19.318219198654873,19.074776939093418
188.4747989079024,40115062568.32172,39397874946.14818,19.169918041913803,18.827193213445042,19.315111406997257,19.069027317852484
190.74792306052458,40162390118.75069,39376871754.58056,19.19253461545903,18.817156348606947,19.311941035775032,19.06317822674337
193.04846251451977,40133119833.12478,39355487248.19283,19.178547126955024,18.806937263590658,19.308945396438528,19.05722774827923
195.37674791559772,40096939609.15997,39333713610.626915,19.161257563291446,18.796532223167198,19.305649990017944,19.051173922873446
197.73311389726268,40183277524.39418,39311542871.26608,19.202516149293412,18.785937418391512,19.302720749479526,19.045014747992795
200.11789912890913,40128052583.75737,39288966866.650406,19.17612562368787,18.77514894816392,19.300032229862776,19.03874817720872
202.53144636449608,39990801546.20977,39265977235.892334,19.110537015008177,18.764162817039345,19.296315047617778,19.032372119027883
204.97410249181,39990912396.23291,39242565445.07308,19.11058998727651,18.752974946885704,19.291914264773947,19.025884435863556
207.44621858232193,40115452621.144135,39218722751.39891,19.170104437750158,18.74158115975515,19.28832759592111,19.019282942964498
209.94814994164432,40106829135.82081,39194440202.27581,19.165983504207993,18.72997717744188,19.28547756894332,19.012565407162345
212.48025616059775,40061317078.98484,39169708655.113525,19.144234506609436,18.718158630945954,19.28238736001663,19.00572954575612
215.04290116689413,40044880081.81009,39144518755.22465,19.136379704235427,18.70612104991186,19.27902066674139,18.99877302540887
217.63645327744084,40034315474.29127,39118860940.15335,19.13133116018951,18.693859864697117,19.27558108403174,18.991693460970623
220.26128525127794,39970706738.222305,39092725420.495056,19.100934242445337,18.681370397206468,19.271801308083358,18.984488414244495
222.91777434315375,39962053458.8758,39066102162.64787,19.096799071134466,18.668647852649297,19.267703883042383,18.9771553925757
225.60630235774448,39916342300.59652,39038980910.30619,19.07495492826862,18.655687329810807,19.2633945276604,18.969691847499526
228.32725570452996,40031976300.51027,39011351168.21169,19.130213331453955,18.642483813287093,19.25958856520144,18.96209517344961
231.08102545333108,39829962053.89079,38983202193.88805,19.033676113185912,18.629032169535343,19.25537300985853,18.954362706358367
233.86800739051486,40032700539.21272,38954523007.24194,19.13055942580555,18.615327151461937,19.251275162434144,18.946491722298752
236.68860207588085,39947012571.9972,38925302360.46025,19.089611432619648,18.601363384037104,19.247927217380187,18.938479436040797
239.54321490022994,39853060944.9956,38895528731.027664,19.04471445691488,18.587135360958218,19.243641400252663,18.930322999433162
242.4322561436301,39973038717.108475,38865190325.99911,19.10204863293263,18.572637446691495,19.239611710624498,18.922019499808112
245.35614103438468,39962527650.42061,38834275062.06717,19.09702567462124,18.557863866946725,19.236292736997463,18.91356595833481
248.31528980870976,39910272502.15361,38802770587.24801,19.072054333548536,18.54280871904042,19.232695670016966,18.90495932842291
251.31012777113347,39909502147.947174,38770664282.54203,19.07168620182805,18.52746597268937,19.228885402241243,18.89619649429553
254.3410853556237,39850107106.4893,38737943205.58853,19.043302896307733,18.511829443084725,19.224822830771426,18.887274269284447
257.408598187451,39758550234.25781,38704594086.555405,18.999550310010193,18.49589278892779,19.220000903380765,18.878189393825245
260.5131071457995,39719214757.14935,38670603344.54983,18.980752935058465,18.479649520272257,19.21455402778814,18.868938533570283
263.6550584271334,39769722128.31229,38635957072.3572,19.004889060087734,18.463092991231346,19.209302489247488,18.859518277551825
266.8349036093247,39750372742.410324,38600641033.429504,18.99564250485003,18.446216398538613,19.204349378954166,18.849925136285613
270.05309971655794,39803592148.74117,38564640639.2938,19.021074639122887,18.429012770752102,19.199707811781987,18.84015553977386
273.31010928501604,39663059536.746124,38527940945.849045,18.953917853574495,18.41147496648466,19.19467537141531,18.83020583540723
276.6064004293574,39650300056.16522,38490526657.226036,18.94782043825633,18.39359567624853,19.188898732599597,18.820072285917764
279.9424469099964,39725897121.0047,38452382097.29457,18.98394625844454,18.37536740883936,19.18361766414014,18.80975106723973
283.3187282011958,39628504139.08349,38413491201.67548,18.937404751046728,18.356782487518974,19.17833246061021,18.79923826621533
286.7357295599775,39734380096.34593,38373837510.3207,18.98800004601538,18.337833046469598,19.173227391075045,18.788529878267557
290.1939420958668,39591191071.84973,38333404155.30849,18.919573831811707,18.3185110249615,19.168023595305694,18.777621805016967
293.69386284147885,39409174864.1205,38292173861.664024,18.832593142736958,18.298808167745154,19.161100835440582,18.766509851890856
297.2359948239523,39487566667.851135,38250128926.51985,18.870054494071375,18.278716015092552,19.153764323440328,18.75518972567509
300.8208471372484,39369782319.809586,38207251194.52416,18.813768496891857,18.258225891045495,19.146371975114654,18.743657031866558
304.44893501532135,39385256659.80037,38163522061.30385,18.821163271083492,18.23732890507047,19.138580126195432,18.731907271969728
308.1207799061689,39257430151.18477,38118922461.76151,18.760078393312913,18.21601594646614,19.130332010313204,18.719935840810134
311.836909546778,39433128666.97197,38073432835.22378,18.844040025978703,18.19427766770862,19.122560601905274,18.707738023647114
315.5978580389755,39385842418.907364,38027033130.532616,18.821443189731365,18.172104486884493,19.11569266668392,18.695308993187865
319.4041659261899,39153876394.05439,37979702808.94568,18.710592815825887,18.149486589076812,19.107400376956186,18.68264380671746
323.2563802711419,39159218981.97466,37931420809.13178,18.713145896040803,18.126413909637368,19.098029720407848,18.669737403113754
327.15505473447257,39292426823.33694,37882165506.74077,18.776802369145038,18.102876114866206,19.0896697216211,18.656584599505837
331.100749654316,39105549938.33458,37831914731.71221,18.68749889209519,18.078862610283,19.081193113339758,18.64318008788275
335.0940321268354,39383189765.83689,37780645751.884155,18.820175557607694,18.054362532794087,19.073446887295134,18.6295184317866
339.13547608772984,39324980364.38797,37728335226.16023,18.792358837812127,18.029364728312316,19.06711494707328,18.615594062724995
343.2256623947215,38940361187.851105,37674959215.17369,18.608559595844035,18.003857756853062,19.058415165663423,18.601401276465833
347.36517891104063,38685251507.80971,37620493185.27046,18.486649486648435,17.977829894437665,19.046304491309893,18.58693422950241
351.5546205899174,39187161350.16121,37564911944.04491,18.726498808232346,17.951269102287657,19.035903523213026,18.57218693525771
355.79458956008955,38725374564.660126,37508189625.55,18.505823224944457,17.92416301975712,19.025943402601524,18.557153259931543
360.08569521234466,38978993284.77328,37450299699.15731,18.627020844172492,17.896498968566615,19.015065124704357,18.541826918413392
364.428554287106,38988857032.957504,37391214912.10969,18.631734466242897,17.86826392535067,19.00592783292226,18.52620147001479
368.82379096307136,38774033626.374344,37330907287.3473,18.529076092205212,17.839444520618883,18.99583915261159,18.51027031396711
373.2720369469261,39009842462.35958,37269348119.44696,18.64176284301601,17.810027036815434,18.986123577145815,18.494026684990736
377.7739315641329,38852055093.87868,37206507919.41431,18.566360469738477,17.779997381936752,18.97706649236455,18.477463648631947
382.3301218508199,38996425955.07105,37142356387.98472,18.63535145216521,17.749341076772726,18.968158290303467,18.460574096247527
386.94126264677766,38884009665.2882,37076862414.60133,18.581630706795735,17.718043254418333,18.95963331581566,18.443350739952226
391.60801668957356,38890196408.918884,37009994038.83718,18.5845871865007,17.686088641838293,18.950712989512898,18.425786107460446
396.33105470980524,38568112713.73577,36941718427.26114,18.43067198248522,17.65346154881195,18.940204621646803,18.407872536701298
401.11105552750286,38570650804.38852,36872001851.57921,18.431884868286236,17.620145857487543,18.92814733527342,18.38960217030661
405.94870614969005,38497624476.5032,36800809635.66028,18.396987534695413,17.58612499706725,18.915974121113905,18.37096694980488
410.84470186912574,38533022047.93617,36728106131.20894,18.413903089596946,17.551381932181876,18.90387998096497,18.351958609516085
415.7997463642362,38317856303.64428,36653854712.04384,18.311081121502593,17.515899160156618,18.891046232183957,18.33256867042175
420.81455180024926,38484939144.02995,36578017696.95365,18.390925552779457,17.479658674146002,18.878257318854427,18.31278843370868
425.88983893155137,38493255592.3327,36500556319.24682,18.394899761521923,17.442641948582512,18.86675891731358,18.292608973858144
431.02633720527984,38262910784.737236,36421430757.96379,18.28482412408611,17.404829954092097,18.85426796885572,18.2720211319053
436.22478486616023,38242409687.8074,36340600037.52066,18.27502719687841,17.366203109536524,18.840660075935013,18.251015508462316
441.48592906261183,38177579584.4747,36258021975.71138,18.2440466203077,17.32674125716504,18.826890028156694,18.22958245604602
446.81052595413337,38162892218.30165,36173653160.50743,18.23702791990534,17.286423651527542,18.81299778345764,18.20771207116264
452.1993408199794,37921473333.14625,36087448907.28996,18.121660276284764,17.245228939036974,18.79797720167454,18.185394186205958
457.65314816915196,37868608894.634964,35999363256.75508,18.09639777166154,17.203135156968294,18.781652992428118,18.16261836129479
463.17273185171797,37969837742.81861,35909348857.466606,18.144772337196688,17.160119677333597,18.76599454465543,18.139373875623317
468.7588851714661,37666556276.31369,35817356947.484085,17.99984221658105,17.116159198102622,18.749549560732355,18.115649718250715
474.41241099992544,37886563569.128876,35723337321.67402,18.104977831531354,17.07122972758165,18.733040542614145,18.09143457881966
480.1341218917604,37573515601.1008,35627238214.343315,17.955380560429877,17.025306528327178,18.716377876945472,18.066716837642193
485.9248402015522,41505376191.06192,35529006250.311584,19.834311825547907,16.978364093764664,18.72073952668098,18.041484555081635
491.7853982019932,37655718667.471855,35428586457.841835,17.99466321248715,16.930376154367774,18.725199136820414,18.015725460984214
497.7166382035078,37079820745.63387,35325922203.386505,17.719456961883903,16.881315646475233,18.704611827519003,17.989426944062345
503.71941267531,37578388763.93601,35220955017.476456,17.957709314921956,16.83115462908784,18.684110975214267,17.962576040170692
509.79458436792675,37106468868.21541,35113624568.34015,17.732191388634174,16.77986427126176,18.664213744879245,17.935159419730073
515.9430264371982,36817060771.34534,35003868671.42413,17.593890981194534,16.727414856658125,18.640484354779666,17.907163375355054
522.1656225697697,36882098275.425415,34891623160.1645,17.6249706690485,16.673775721788143,18.616059058073596,17.87857380909235
528.4632671101007,37202476656.80931,34776821743.59228,17.77807094910092,16.618915187966543,18.5944028811391,17.849376218423505
534.8368651890073,36961962427.82384,34659395937.627426,17.663135616525704,16.562800528478775,18.573692843547224,17.81955568140665
541.2873328537482,36554373818.23955,34539275028.54976,17.468359895380036,16.505397951124763,18.549798990045026,17.78909684157571
547.8155971996863,36802663605.78173,34416385982.44439,17.587010959920228,16.446672554945295,18.525591715281266,17.757983892476098
554.4225965035367,36918069274.80711,34290653267.936466,17.64216024986639,16.38658824551167,18.504012265898332,17.726200561047772
561.1092803582181,36523571662.550156,34161998821.912746,17.4536403670464,16.32510771854497,18.481346876227203,17.693730090209332
567.8766098093348,36433960908.66551,34030341893.827877,17.410817778780036,16.262192385514176,18.45648835702096,17.660555220775183
574.7255574933044,36162400823.5178,33895598789.016632,17.281046459917686,16.19780225097194,18.430168077433812,17.626658171463276
581.6571077771479,36184788511.185684,33757682968.062862,17.291744938500646,16.131895960040342,18.4030708222607,17.592020618498033
588.6722568999686,35561332281.65349,33616505102.703606,16.993811841612228,16.064430825125996,18.373191083678197,17.55662367657399
595.7720131161401,36047811683.040565,33471972445.04276,17.22628736717788,15.99536252448407,18.3432815084073,17.520447876992865
602.9573968402125,36406004331.00119,33323988738.78647,17.397458076258204,15.92464505980007,18.31885774236678,17.48347314226371
610.229440793577,35179201937.58831,33172454366.39005,16.811201946274746,15.852230826507409,18.290041778723523,17.445678761643293
617.5891901528903,35842420030.2218,33017265905.611774,17.128136176603938,15.778070401876299,18.25878229008585,17.40704336555876
625.0377027002941,35379332177.575615,32858316069.907665,16.90683884804278,15.702112516530018,18.229358081560036,17.367544897801395
632.5760489754474,35399581822.988205,32695493541.111595,16.916515613279678,15.624303974487193,18.198140550849473,17.327160587091097
640.2053124293863,35221843489.523575,32528682645.484165,16.83157920617274,15.544589498354199,18.1667643833782,17.285866916528178
647.9265895802449,34624809783.45018,32357763196.11786,16.546272728233326,15.462911654014787,18.131731487627732,17.243639591048527
655.7409901708554,34895654237.15952,32182610122.15476,16.675702065925925,15.37921067344313,18.095711528498324,17.200453502651612
663.6496373282415,34000016828.577293,32003093327.825542,16.247700845971412,15.293424387342315,18.05696851446204,17.156282693563146
671.6536677250424,34063346567.507122,31819077611.187748,16.277964438427063,15.205488186311527,18.014464373301504,17.111100319014596
679.7542317428836,34449807946.031815,31630421937.730072,16.46264401957107,15.115334673720932,17.975524390074778,17.06487860631055
687.9524936377117,34351928196.29705,31436979163.769775,16.415869898823214,15.02289353353067,17.939124143678534,17.017588809203353
696.249631707129,33990594294.65342,31238596058.021645,16.243198068423446,14.928091540598091,17.900977811064287,16.96920116191509
704.6468384597479,32957700993.913166,31035112725.0321,15.749605919900446,14.830852285152298,17.85581995290259,16.919684831086787
713.145320786579,34850828430.843765,30826362154.573082,16.65428100914028,14.731095957461505,17.816700896287063,16.869007863055707
721.746300134495,33240910388.46903,30612169732.03102,15.884944132899351,14.628739113860998,17.77999297705086,16.81713712705798
730.451012681785,34225619859.75156,30392352691.022278,16.355510514976718,14.523694415172649,17.74070357114329,16.764038253904566
739.2607095158205,32957601308.151344,30166719702.524376,15.74955828273471,14.415870430361704,17.700664795459918,16.709675570690383
748.176656812871,33354730897.4995,29935070341.45194,15.939335917179555,14.305171381627648,17.65670115128575,16.654012031700443
757.2001360200866,32746973442.94665,29697194400.461636,15.648904845975379,14.191496816489908,17.612552656667035,16.59700914404383
766.3324440396711,36301144987.935455,29452871016.31915,17.34734859408862,14.074741190301925,17.586270511712545,16.538626886213226
775.5748934152812,48881849771.68857,29201868416.822025,23.359331728935064,13.95479374531235,17.65225423286261,16.478823622216808
784.9288125206746,32700976401.120678,28943942729.993782,15.62692408699058,13.831537941610668,17.695318775729092,16.417556009539116
794.3955457506266,31707268612.341736,28678837000.185875,15.152057649076891,13.70485098694859,17.640655866994408,16.35477889697892
803.9764537141556,31754076124.673653,28406280174.765274,15.174425710291315,13.574603352505086,17.581963078945936,16.290445213600545
813.6729134300795,30350887993.576637,28125986005.071716,14.50387954263414,13.440658247683164,17.51693337710066,16.22450584835553
823.4863185249237,31487379220.119427,27837652336.770863,15.04697837567407,13.3028712809886,17.452020793952215,16.15690952233086
833.4180794332223,29696342193.439026,27540959074.9286,14.19108956949259,13.161089487593227,17.384841492036113,16.087602648442246
843.4696236002361,31045480291.35089,27235566547.805595,14.835806668466217,13.015150547436019,17.316858822591843,16.016529173683352
853.6423956871075,29384672739.350113,26921114085.370697,14.04215105342081,12.864882105932573,17.24862034077669,15.943630407810732
863.9378577784973,29390926412.479225,26597219229.768394,14.045139516947241,12.710101396678565,17.172688957453893,15.868844843592601
874.3574895927261,29588401114.460484,26263473908.59602,14.139507407957874,12.55061341276105,17.099716286167155,15.792107955081413
884.9027886944416,29498619116.065292,25919441652.74344,14.096602986509104,12.386209577238263,17.02907235173271,15.713351963289327
895.5752707098593,29478944444.78486,25564656514.998035,14.087200986068368,12.216667226369808,16.959484861051752,15.632505585601974
906.3764695445994,28420985515.56261,25198618978.435455,13.581630642500789,12.04174765434576,16.885410483236093,15.549493761743397
917.307937604142,28569719846.028206,24820792425.975956,13.652706810466084,11.861194426181857,16.807985033178024,15.464237343105207
928.3712460169497,27277416778.90686,24430599380.38034,13.035149656221654,11.674731580913868,16.725871476986335,15.376652748158312
939.5679848602816,30011937419.648796,24027415824.463135,14.341904107312558,11.482060917379027,16.654004134860685,15.28665157252618
950.8997633887208,26498074588.110687,23610566421.602726,12.662722817830879,11.282859710225354,16.579215709355182,15.194140149118603
962.368210265473,26389190134.820652,23179318425.125618,12.610689842884033,11.076777799368907,16.485806910961056,15.099019057108142
973.9749737964391,26838348299.33143,22732873517.660538,12.825330545160478,10.863433690238843,16.39655630374459,15.001182561795634
985.7217221671224,26245067771.578194,22270356686.025536,12.541817610997088,10.642409237382815,16.308568977906482,14.900517958472046
997.6101436823909,25021709928.048523,21790806066.8054,11.957207539494528,10.41324479193936,16.212361155607418,14.796904811398376
1009.6419470091245,23375017775.466976,21293170699.852623,11.170297297201179,10.175438128095944,16.102171418705826,14.690214140884335
1021.8188614217956,24967643132.53078,20776286443.195152,11.931370460539489,9.928432933466036,15.994396127096126,14.580307479826565
1034.1426370510137,22722843095.118534,20238849868.11834,10.858640418940102,9.671606334245293,15.885352158893141,14.467035668413214
1046.6150451350566,20916032504.774624,19679405347.722496,9.995213847557746,9.404262725177734,15.755970991523347,14.350237456966553
1059.2378782744452,21537672449.715717,19096318009.026173,10.29227899050261,9.125620844087585,15.623028439793703,14.229737915203744
1072.0129506895892,19741585605.88216,18487742004.283066,9.433977011444037,8.834798609588232,15.486505144165262,14.105346546301556
1084.9420984815295,19958648948.736023,17851569702.87483,9.537705791258988,8.530788841243458,15.344346045145699,13.976854977767617
1098.027179895836,21041049234.617775,17185367350.085693,10.054956007024147,8.212428512612611,15.212940364175525,13.844034054718183
1111.270075589688,20718001021.21322,16486324650.23741,9.900579885486138,7.878374658376023,15.088898797699139,13.706630352866947
1124.6726889021647,19704667688.273117,15751137488.604618,9.416334923671194,7.527048330267607,14.96020753694124,13.56436182256498
1138.2369461278074,17663889948.49553,14975869166.149355,8.441101694340718,7.156568284857044,14.817241513941285,13.416912085892234
1151.9647967934795,16391101023.9225,14155790572.52028,7.83286982813921,6.764674606490659,14.658931110165407,13.263923177864333
1165.8582139385567,14133394054.315672,13285113845.88187,6.753971908029817,6.348601430430338,14.48435238078726,13.104986043536098
1179.919194398505,15170504992.074253,12356603820.14122,7.249579552747897,5.904891263850677,14.307111938426289,12.93962754885643
1194.1497590918812,13197162984.255934,11360983553.695986,6.306572060384775,5.429110903889443,14.128668637102898,12.767292227533128
1208.5519533107824,10663731509.997562,10286052483.31588,5.095912756448167,4.915430026917165,13.928921861437505,12.587316093403938
1223.1278470148095,16722798859.22168,9115171938.439867,7.991379373189423,4.355897456229625,13.754157055484537,12.39888748652845
1237.879535128577,9177157450.807037,7824485249.847033,4.38551867867795,3.7391127261553803,13.574655852001662,12.200984494199519
1252.8091378427982,16081013508.975166,6377401979.754794,7.684687278573519,3.0475902427927575,13.396264611336818,11.992266801342277
1267.918800919016,10853873563.900797,4710186511.976713,5.186776570593744,2.2508724557748843,13.231179766296385,11.770856996805138
1283.210695998004,7461541240.034578,2697434983.2920237,3.565671468023014,1.2890322049237823,13.021274906900615,11.533849368355606
1298.6870209118815,0.0,0.0,0.0,0.0,12.754762982645822,11.275770043543634
1314.35,0.0,0.0,0.0,0.0,12.452579818351685,11.008626869166571
