R_kpc,Sigma_bar,Sigma_eff,kappa_bar,kappa_eff,kappa_bar_mean,kappa_eff_mean
1.0,39625486921.47069,41108845354.451096,18.25958847661102,18.943126185641844,0.0,0.0
1.0120606264911474,39625531510.19401,41106387157.84952,18.25960902327939,18.941993438467573,0.43260257796368945,0.44878306603840246
1.0242667116936537,39625580610.813156,41103930023.87567,18.259631649048032,18.94086118095656,0.8549565381213131,0.8869068270109169
1.0366200099307066,39625619176.34126,41101473978.62262,18.259649420203097,18.9397294251326,1.2673046552015093,1.3146238326775006
1.0491222966837304,39625666283.925674,41099019048.97711,18.259671127573085,18.938598183385217,1.669883975280787,1.7321806497314922
1.0617753688475675,39625714621.109604,41096565262.44734,18.259693401547622,18.9374674683903,2.0629259917455327,2.139818003556882
1.0745810449887383,39625764316.81134,41094112647.28096,18.259716301532787,18.93633729316448,2.446656674520625,2.537770916626834
1.0875411656068144,39625814844.46308,41091661232.445206,18.259739584883963,18.935207671055984,2.8212966377068924,2.9262688436237974
1.1006575933989453,39625865843.24486,41089211047.51368,18.25976308533381,18.934078615692453,3.1870612638237423,3.305535803357681
1.113932213527575,39625920606.20778,41086762122.78229,18.259788320333918,18.93295014103436,3.544160848718726,3.6757905075586423
1.127366933891388,39625973255.2474,41084314489.364975,18.25981258122941,18.931822261419146,3.8928006915434286,4.0372464866197415
1.1409636853995222,39626027282.43896,41081868179.165825,18.259837477183027,18.93069499154834,4.233181214827204,4.390112212360859
1.1547244222490889,39626084649.88922,41079423224.9274,18.25986391234169,18.92956834650985,4.5654981224532865,4.7345912178842235
1.1686511222060412,39626144358.48786,41076979660.183365,18.259891426311217,18.92844234175613,4.889942486889399,5.070882214590389
1.1827457868894284,39626200933.043915,41074537519.25264,18.25991749610094,18.92731699310148,5.206700818267187,5.399179206421571
1.19701044205908,39626262394.61887,41072096837.39457,18.259945817849218,18.926192316793554,5.515955222298031,5.719671601399181
1.2114471379067577,39626325515.32093,41069657650.80865,18.25997490413013,18.925068329513223,5.817883516079186,6.032544320519704
1.2260579493508208,39626390953.60426,41067219996.58409,18.260005058362093,18.923945048351356,6.112659290004126,6.3379779040703115
1.2408449763344431,39626455118.3587,41064783912.703705,18.260034625746666,18.922822490810585,6.400452005651852,6.636148615425443
1.2558103441274293,39626524037.568794,41062349438.06487,18.260066384004094,18.92170067481499,6.681427123369996,6.9272285423844115
1.2709562036316695,39626590396.16889,41059916612.59872,18.260096962321835,18.920579618764993,6.955746175992117,7.211385696108884
1.2862847316902777,39626661616.37685,41057485477.2963,18.260129780888608,18.919459341549445,7.223566870416929,7.488784107717143
1.3017981314004599,39626735561.947235,41055056074.18648,18.260163855313678,18.91833986253542,7.485043205725898,7.759583922589901
1.3174986324301545,39626807994.480606,41052628446.330215,18.260197232525027,18.917221201565585,7.740325497620953,8.023941492441667
1.3333884913384921,39626885641.40006,41050202637.849785,18.260233012547076,18.91610337897167,7.989560514501486,8.282009465210928
1.34946999190012,39626960691.85407,41047778694.01402,18.26026759610709,18.91498641561374,8.232891541171064,8.533936872821272
1.3657454454334392,39627041074.41095,41045356661.293915,18.260304636722193,18.913870332905816,8.47045846891738,8.779869216864094
1.3822171911327976,39627124745.246574,41042936587.353,18.26034319258976,18.912755152811457,8.70239790654952,9.019948552251547
1.3988875964046932,39627206134.83496,41040518521.05229,18.260380697249154,18.91164089784602,8.928843184695486,9.254313568887579
1.415759057208029,39627293127.89099,41038102512.47416,18.26042078400964,18.910527591087668,9.149924488220066,9.483099671404219
1.4328339983984741,39627378428.231606,41035688612.95615,18.260460090759853,18.909415256192954,9.365768920391451,9.706439057009069
1.4501148740769754,39627468998.273766,41033276875.22247,18.260501825810366,18.908303917457417,9.576500571818542,9.924460791489343
1.467604167942475,39627562086.29485,41030867353.41044,18.26054472115599,18.907193599827746,9.78224061584842,10.137290883416114
1.4853043936488803,39627656374.9362,41028460102.997925,18.26058816975241,18.90608432886838,9.98310733284998,10.34505235659026
1.5032180951663396,39627755929.476234,41026055180.82589,18.260634044896747,18.90497613077187,10.179216216094499,10.54786532077177
1.5213478471468749,39627851661.58541,41023652645.24815,18.260678158649114,18.9038690324279,10.370679994761524,10.745847040734303
1.5396962552944244,39627954624.783104,41021252556.18415,18.26072560451702,18.902763061447587,10.557608738660882,10.939112003684796
1.5582659567393489,39628058569.27669,41018854975.06408,18.260773502570135,18.901658246138226,10.740109935507236,11.127771985085799
1.5770596204174525,39628164557.97738,41016459964.901436,18.26082234260235,18.90055461553669,10.918288498364857,11.311936112918431
1.5960799474535783,39628273473.048805,41014067590.36093,18.260872531118316,18.899452199440756,11.09224686533129,11.491710930423622
1.615329671549826,39628385738.02868,41011677917.795204,18.260924263285972,18.89835102842599,11.262085054674554,11.66720045735745
1.6348115593784562,39628500453.72279,41009291015.29133,18.2609771247529,18.89725113386719,11.42790071241115,11.83850624979572
1.65452841097953,39628618999.733,41006906952.69744,18.261031751245344,18.896152547950678,11.589789173845615,12.005727458522012
1.6744830601633456,39628745472.14637,41004525801.66959,18.26109003025719,18.895055303695855,11.747843545597167,12.16896088603286
1.6946783749177292,39628861434.63432,41002147635.81049,18.261143466251884,18.893959435019156,11.902154649407134,12.328301042193376
1.7151172578202367,39628989459.09052,40999772530.69747,18.261202460451493,18.89286497674692,12.052811179203564,12.483840198575184
1.7358026464553273,39629118705.26616,40997400563.83157,18.26126201762448,18.89177196459196,12.199899790542155,12.63566844150689
1.7567375138365704,39629251834.39522,40995031814.73334,18.261323364078486,18.890680435197662,12.343505041748882,12.783873723867929
1.7779248688339402,39629387660.62478,40992666365.05436,18.261385953367572,18.88959042618942,12.48370949573932,12.928541915656439
1.7993677566062685,39629526965.02088,40990304298.62534,18.261450145410205,18.888501976196775,12.620593757220574,13.06975685335999
1.8210692590389104,39629669769.66889,40987945701.50667,18.261515950383412,18.887415124876703,12.754236525589242,13.207600388157148
1.8430324951866892,39629816847.99441,40985590662.05251,18.261583724684915,18.886329912943175,12.88471464007935,13.342152432977713
1.8652606217221832,39629967296.389404,40983239270.965775,18.261653051928388,18.885246382192463,13.012103118700441,13.47349100844861
1.88775683338942,39630122561.024536,40980891621.36878,18.261724598515265,18.884164575535717,13.136475205189688,13.601692287751998
1.9105243634630407,39630278519.04608,40978547808.88693,18.26179646461747,18.883084537037522,13.25790239321576,13.726830640421383
1.9335664842130058,39630439860.82207,40976207931.72993,18.261870811576017,18.88200631195331,13.376454486020583,13.84897867510108
1.9568865073748998,39630607691.16384,40973872090.76331,18.261948148492554,18.88092994676235,13.49219966459881,13.968207281293429
1.9804877846259143,39630776005.83589,40971540389.57288,18.262025708590482,18.8798554891974,13.605204467638503,14.084585670117688
2.0043737080665673,39630952979.26084,40969212934.551834,18.26210725867761,18.878782988284883,13.715533869717298,14.19818141410411
2.0285477107082346,39631129077.51206,40966889834.96475,18.26218840548106,18.877712494374375,13.823251298048342,14.30906048604606
2.0530132669665586,39631310659.71762,40964571203.048615,18.262272079313377,18.876644059185143,13.928418660330518,14.417287296932539
2.0777738931608125,39631499638.47295,40962257154.15706,18.26235916150646,18.875577735872618,14.031096442565362,14.52292473298336
2.102833148019282,39631691289.74232,40959947806.810646,18.26244747520508,18.874513579051563,14.131343682168993,14.62603419180798
2.1281946331907466,39631892247.059494,40957643282.76454,18.26254007716907,18.873451644827266,14.229218028650354,14.72667561770827
2.153861993762124,39632091571.548065,40955343707.13528,18.26263192671888,18.87239199085394,14.324775741622053,14.82490753614599
2.1798389187823672,39632305787.389046,40953049208.46282,18.262730638265545,18.871334676363343,14.418071779192537,14.920787087394707
2.206129141792668,39632508547.855156,40950759918.84074,18.26282407112803,18.870279762224726,14.509159742393827,15.014370059395434
2.232736441363065,39632727402.42487,40948475974.148384,18.26292492022011,18.869227311051866,14.598091970682427,15.105710919835907
2.2596646416355184,39632952654.174255,40946197514.101074,18.263028717159074,18.868177387226154,14.684919659731365,15.19486284747135
2.2869176128735367,39633182350.29024,40943924682.22148,18.263134562080573,18.867130056883433,14.769692728958232,15.28187776270331
2.314499272018431,39633414787.61272,40941657626.00043,18.263241670161374,18.866085387988086,14.8524598951518,15.366806357434747
2.3424135832522777,39633652118.13849,40939396497.11194,18.263351033050522,18.865043450432136,14.933268723489107,15.449698124219898
2.3706645585676736,39633899645.79426,40937141451.646416,18.2634650948194,18.86400431614268,15.012165693045313,15.530601384725907
2.399256258344359,39634153684.87834,40934892650.2257,18.263582157081412,18.86296805913493,15.089196190262275,15.60956331752211
2.4281927919327986,39634414983.272064,40932650258.06046,18.26370256446337,18.861934755538645,15.164404510404369,15.686629985211841
2.4574783182447963,39634681829.32024,40930414444.980354,18.26382552822747,18.86090448361204,15.237833893960502,15.761846360921927
2.4871170463512398,39634952838.69346,40928185385.637405,18.263950410468997,18.85987732383548,15.309526540085868,15.835256354165889
2.5171132360870474,39635231260.98266,40925963259.81712,18.264078708612907,18.858853359054883,15.379523658495543,15.906902836097192
2.547471198663417,39635519006.95907,40923748252.56104,18.264211303150493,18.85783267453815,15.447865510697447,15.97682766416657
2.578195297287452,39635815079.310135,40921540554.3049,18.264347734516004,18.856815358038858,15.514591409223382,16.04507170619661
2.6092899477892684,39636117998.366684,40919340361.06538,18.26448732087176,18.855801499882304,15.579739721684197,16.11167486388771
2.6407596192566607,39636423375.02881,40917147874.655075,18.264628039702338,18.854791193064575,15.643347874562677,16.176676095769363
2.6726088346774195,39636741130.71492,40914963302.864265,18.26477446283844,18.853784533336285,15.70545243830841,16.240113439609846
2.7048421715894047,39637064538.70736,40912786859.67221,18.264923490580703,18.85278161929996,15.766089133845561,16.30202403429711
2.7374642627384485,39637399832.088394,40910618765.48117,18.26507799515925,18.851782552517882,15.825292833535135,16.362444141203703
2.770479796744201,39637741013.59155,40908459247.30838,18.26523521300886,18.85078743760053,15.88309758443654,16.421409165047898
2.803893518774003,39638091361.54256,40906308539.04786,18.265396654795598,18.849796382327238,15.939536612435202,16.47895367426298
2.837710231224885,39638453778.97059,40904166881.737305,18.265563658247334,18.84880949776917,15.994642389965332,16.53511142088689
2.8719347944137956,39638823772.899345,40902034523.77322,18.26573415298198,18.84782689838847,16.04844661121013,16.589915359983262
2.9065721272761507,39639201031.84764,40899911721.18035,18.265907995467717,18.846848702162397,16.10098019337188,16.643397668605004
2.941627208072808,39639589954.02555,40897798737.87713,18.266087212417965,18.84587503070566,16.15227334363108,16.695589764311467
2.977105075105571,39639985174.20882,40895695846.05484,18.26626933151516,18.844906009445126,16.202355547908024,16.746522323250502
3.013010827441318,39640396328.58952,40893603326.53446,18.266458793156527,18.843941767784273,16.251255617353277,16.796225297816083
3.0493496256448713,39640815383.44215,40891521468.97896,18.26665189536807,18.842982439200984,16.299001688698834,16.844727933890717
3.086126692520694,39641247907.74064,40889450572.184975,18.26685120435605,18.842028161381997,16.345621219058,16.892058787682085
3.123347313863546,39641688776.13066,40887390944.48507,18.267054358335965,18.84107907640823,16.391141017107596,16.93824574216463
3.161016839218183,39642143258.57272,40885342904.17553,18.26726378572744,18.840135330951934,16.43558725750838,16.983316023136066
3.1991406826482205,39642607441.47215,40883306779.92116,18.267477683129844,18.839197076463208,16.47898550189996,17.027296214898087
3.237724323514275,39643086306.13349,40881282911.13704,18.267698345948936,18.83826446934593,16.52136071244025,17.07021227556989
3.2767733072614837,39643578139.77419,40879271648.395615,18.26792498492743,18.837337671145328,16.56273727751161,17.112089552043095
3.3162932462165258,39644080400.69566,40877273353.91519,18.268156428840086,18.8364168487731,16.603138984441152,17.152952794587343
3.356289820394258,39644595674.61192,40875288402.04869,18.26839386919463,18.83550217473263,16.64258905739971,17.192826171115172
3.396768778314074,39645126954.44373,40873317179.77666,18.268638685141347,18.834593827346144,16.681110200800966,17.23173328111427
3.4377359378261105,39645672504.60487,40871360087.24537,18.268890076914914,18.833691991002713,16.71872458785905,17.269697169255274
3.4791971869474256,39646229194.30586,40869417538.36353,18.26914660183458,18.83279685643318,16.755453839855527,17.306740338683433
3.521158484708249,39646804211.04529,40867489961.39084,18.269411571929457,18.83190862098138,16.791319088306807,17.34288476400175
3.56362586200845,39647391710.22447,40865577799.53601,18.269682293984268,18.831027488879737,16.826340970989865,17.378151903953082
3.606605422484327,39648001387.57131,40863681511.67991,18.26996323583058,18.830153671582444,16.86053965826618,17.412562713808946
3.6501033433858567,39648620922.13049,40861801573.06835,18.270248719921163,18.829287388084744,16.893934827574736,17.44613765747257
3.6941258764645224,39649260374.00844,40859938476.03122,18.270543381994717,18.82842886525429,16.926545678551904,17.47889671930288
3.7386793488718437,39649918939.88577,40858092730.79468,18.27084685187835,18.827578338205406,16.95839100613431,17.51085941566676
3.7837701640687524,39650591851.43653,40856264866.336784,18.271156932307704,18.826736050693373,16.989489129429554,17.542044806226677
3.8294048027459335,39651280882.07729,40854455431.297295,18.27147444048049,18.825902255533663,17.01985791739871,17.57247150497054
3.875589823755259,39651993797.14111,40852664994.92165,18.27180295469433,18.825077215036934,17.04951486791983,17.60215769099039
3.922331865052462,39652722216.2312,40850894148.07781,18.272138613227686,18.82426120147759,17.07847706042919,17.63112111901637
3.9696376446511854,39653472210.17197,40849143504.34711,18.27248421354158,18.823454497596444,17.106761157586394,17.659379129712686
4.017513961588521,39654250175.55142,40847413701.192986,18.272842703210262,18.822657397139295,17.134383495348565,17.686948659741958
4.06596769690221,39655041534.60701,40845705401.20274,18.273207364740376,18.821870205429114,17.161359977300403,17.713846251604284
4.115005814619619,39655852638.41521,40844019293.39104,18.273581124734264,18.82109323996671,17.187706086020523,17.740088063257083
4.164635362758645,39656692538.94329,40842356094.61099,18.27396815437593,18.82032683108097,17.213437021445543,17.765689877521883
4.214863474340702,39657553267.05443,40840716551.08366,18.27436478145412,18.819571322633642,17.23856762875222,17.790667111284282
4.265697368415905,39658440553.43357,40839101440.03034,18.2747736466922,18.818827072771526,17.26311238963787,17.81503482449318
4.317144351100639,39659354493.14043,40837511571.416016,18.275194793894066,18.818094454729835,17.287085474318715,17.838807728965293
4.369211816627631,39660289431.580666,40835947789.84411,18.27562561739924,18.817373857705327,17.310500686757578,17.86200019700088
4.421907248408684,39661255341.33723,40834410976.58699,18.27607071261524,18.816665687791957,17.333371527958338,17.884626269816824
4.4752382201102385,39662249379.942986,40832902051.715195,18.276528769721438,18.81597036896204,17.355711217563343,17.906699665802574
4.529212396741896,39663264730.212616,40831421976.508415,18.27699664733061,18.81528834417724,17.377532609159367,17.928233788605365
4.583837535758073,39664318978.19888,40829971756.14117,18.277482449168698,18.814620076626134,17.398848311390516,17.949241735051615
4.639121488172954,39665403989.10479,40828552442.332726,18.277982426687554,18.813966050945325,17.419670684928935,17.969736302909855
4.695072199688863,39666514737.11148,40827165136.25968,18.278494263969037,18.81332677456154,17.440011725863048,17.989729998500056
4.75169771183828,39667663266.65591,40825810991.952805,18.279023511139577,18.812702779256938,17.459883184943056,18.009235044157172
4.8090061631396015,39668853134.914116,40824491219.87534,18.27957180736063,18.812094622817998,17.47929661940874,18.02826338555594
4.867005790266854,39670062321.181335,40823207090.794785,18.28012900540023,18.811502890819643,17.49826321106555,18.046826698902805
4.925704929233514,39671316923.31029,40821959940.04025,18.280707131257007,18.810928198587064,17.51679390063207,18.064936398001805
4.9851120165906035,39672608317.40429,40820751172.15588,18.28130221100364,18.810371193340007,17.534899463869568,18.082603641201782
5.0452355906392325,39673943103.93355,40819582266.061806,18.28191728616415,18.809832556571003,17.552590410695228,18.09983933823253
5.106084292657776,39675316458.74617,40818454780.70161,18.282550133749353,18.809313006647706,17.569877011349963,18.116654156938065
5.1676668681438365,39676733698.3898,40817370361.221176,18.283203203646433,18.80881330166016,17.586769295773887,18.133058529914827
5.229992168071196,39678255423.91279,40816330745.85444,18.28390442106943,18.808334242593748,17.603277417909066,18.149062661064093
5.293069150161929,39679709179.14012,40815337773.57038,18.284574317498702,18.807876676853006,17.61941067293029,18.16467653206839
5.356906880173848,39681261219.24564,40814393392.5523,18.285289504006872,18.807441502168857,17.63517811302662,18.17990990880259
5.4215145332034815,39682870241.47655,40813499669.64798,18.286030948114405,18.807029670953323,17.650589251203243,18.194772347690996
5.486901395004776,39684526672.69734,40812658800.92308,18.286794238480816,18.806642195162553,17.665653098410388,18.20927320202303
5.5530768633236836,39686244214.700554,40811873123.50723,18.287585688948848,18.806280151755562,17.680378475411135,18.223421628241635
5.620050449248863,39688018709.06271,40811145128.882095,18.28840338329974,18.805944688817416,17.694774045498306,18.23722659221993
5.687831778578659,39689848953.19957,40810477477.90861,18.289246767377694,18.80563703248385,17.70884823754873,18.250696875543753
5.756430593204574,39691750636.93175,40809873017.8764,18.29012307111703,18.80535849479773,17.722609360377355,18.26384108182056
5.825856752511429,39693708703.30973,40809334801.86019,18.29102535621305,18.805110482628514,17.736065528397,18.276667643037623
5.896120234794399,39695742005.93167,40808866110.80044,18.29196231048187,18.804894507847163,17.7492246856096,18.289184825995907
5.967231138693149,39697846464.02486,40808470478.81121,18.292932053486517,18.804712198988074,17.762094667698552,18.301400738850237
6.039199684643272,39700031413.473816,40808151722.35758,18.29393888724125,18.80456531469416,17.77468315383065,18.31332333779215
6.11203621634521,39702295362.336395,40807913974.0163,18.29498212425294,18.804455759273896,17.786997683702417,18.32496043391802
6.1857512022509145,39704640225.07167,40807761721.74133,18.296062646712265,18.80438560079506,17.799045620799284,18.33631970033336
6.2603552370684294,39707083113.9451,40807699854.80355,18.297188340022007,18.80435709225392,17.810834258509818,18.347408679554086
6.335859043284609,39709612852.97834,40807733717.84624,18.298354054245074,18.80437269648423,17.8223707489076,18.35823479127853
6.412273472706223,39712247696.09034,40807869174.93901,18.299568200862904,18.804435115673552,17.833662114219624,18.36880534062039
6.489609508019627,39714996409.2317,40808112685.953735,18.300834819261837,18.804547326557604,17.84471535748501,18.37912752691356
6.567878264369249,39717852605.08584,40808471398.28701,18.302150966139944,18.80471262268633,17.85553732831662,18.389208453226484
6.647090990955133,39720835637.29847,40808953258.07752,18.30352555973732,18.804934665673354,17.866134785668457,18.399055136759465
6.727259072649714,39723946631.44021,40809567146.20133,18.304959118721563,18.805217547863133,17.876514439555006,18.408674520345915
6.808394031634124,39727208934.32136,40810323046.09854,18.30646240139955,18.805565869666218,17.88668297533144,18.41807348534067
6.89050752905422,39730614716.223114,40811232253.20063,18.30803179980443,18.80598483606421,17.89664700364697,18.42725886626348
6.973611366696582,39734190786.00538,40812307639.50152,18.30967966756987,18.80648037852521,17.906413083266315,18.436237467684926
7.057717488684729,39737942065.820435,40813563992.20943,18.31140827284403,18.80705931105602,17.915987790057308,18.44501608400734
7.142837983195795,39741896956.29783,40815018453.667984,18.313230702754616,18.807729532919563,17.925377726758864,18.453601523030407
7.228985084197899,39746061386.90204,40816691102.72764,18.31514968962342,18.808500296533285,17.934589526339497,18.462000634537937
7.3161711732084855,39750477969.074165,40818605737.73949,18.31718486897897,18.80938256827593,17.943629930788262,18.47022034566155
7.404408781073854,39755161381.03793,40820790954.4275,18.319343004607546,18.81038952517552,17.95250583417396,18.478267705573934
7.493710589770156,39760144778.03623,40823281668.597466,18.321639374582375,18.811537256579975,17.961224228942672,18.486149943333476
7.58408943422613,39765476731.22835,40826121332.63347,18.324096360694814,18.81284578552782,17.96979238849614,18.493874544792085
7.67555830416779,39771213079.46797,40829365279.70877,18.326739693719883,18.814340609774455,17.978217984090385,18.501449358071714
7.768130345985381,39777414514.00687,40833085995.53933,18.329597340437747,18.81605513103798,17.986509141490043,18.508882743636466
7.861818864622859,39784191378.01094,40837381894.73924,18.332720147436223,18.818034699180142,17.994674729185284,18.516183797607425
7.956637325490131,39791674276.5794,40842392995.04467,18.336168298085905,18.820343834953626,18.002724721468095,18.523362703479286
8.052599356398389,39800062860.10517,40848331682.31067,18.34003379211468,18.82308040664001,18.010670661325783,18.530431329492856
8.149718749518765,39809689660.85419,40855551828.91726,18.344469861767823,18.826407480097515,18.0185267276117,18.537404358336907
8.24800946336461,39821168453.006836,40864741192.93467,18.349759336729516,18.830641977093155,18.026311938002824,18.54430182164875
8.3474856247977,39835956831.546234,40873950217.88718,18.35657388280439,18.834885533929107,18.03405619407637,18.55113630248745
8.448161531058608,39860722529.756424,40877682509.84963,18.36798601910319,18.836605389522152,18.041833212684445,18.557879325000766
8.550051651821585,39865901785.02644,40875898360.51596,18.370372641380744,18.8357832461204,18.04958879757812,18.564473046948116
8.653170631274223,39855759950.75486,40872868739.47985,18.365699242147468,18.834387184200224,18.057133048558935,18.570884234441714
8.757533290222188,39875805897.03685,40869850019.923355,18.374936497211582,18.832996145727005,18.06455361343115,18.577110514086733
8.863154628219347,39878686478.3201,40866845441.21814,18.37626388099641,18.831611623416617,18.071922957791113,18.58315640348408
8.970049825723585,39866610635.80052,40863824113.639244,18.370699282753044,18.83021938315587,18.07906702622191,18.589026161154617
9.078234246278617,39872023243.11687,40860795820.243744,18.373193434619942,18.828823933017986,18.086006038921308,18.59472383084442
9.187723438722127,39872182894.97994,40857768121.38542,18.37326700285962,18.827428756845297,18.09281089905597,18.600253455094627
9.298533139420517,39858614241.7628,40854731249.79008,18.367014511264557,18.8260293538374,18.099380895807563,18.605618968057623
9.410679274530622,39859357166.37548,40851681946.292725,18.367356854002793,18.824624222157574,18.10572569484893,18.610824139785
9.524177962288718,39878412186.08538,40848627062.79326,18.37613748599871,18.82321651918966,18.112028843216272,18.61587267095135
9.639045515327101,39854682801.833115,40845568695.97101,18.36520288746347,18.82180721109219,18.118155743150812,18.62076822324715
9.755298443018628,39866800874.12139,40842503473.94611,18.370786945359143,18.820394744088944,18.124075276845502,18.625514364471044
9.872953453849549,39857779555.92093,40839431424.47768,18.366629884571893,18.818979130971442,18.129870778569178,18.630114559751064
9.992027457820912,39868815473.81012,40836351322.18409,18.37171528123888,18.817559807078762,18.13554062772558,18.63457218554175
10.112537568878977,39865205263.65068,40833262135.79926,18.370051681446252,18.816136297199215,18.141116203032425,18.63889052599153
10.234501107374921,39885125601.32629,40830165438.21582,18.379231055544356,18.81470932612824,18.146649483972595,18.643072790483224
10.357935602554209,39878536259.60843,40827062879.460495,18.376194659591967,18.813279654204994,18.15212357326093,18.647122129958905
10.48285879507597,39868803557.58152,40823953257.37887,18.371709790191396,18.811846727471732,18.15737877260638,18.65104162306064
10.60928863956282,39871744232.85919,40820836311.60048,18.373064865537724,18.81041042594867,18.162472806334417,18.65483426753936
10.737243307181362,39867408035.48091,40817710432.253784,18.371066727828083,18.80897000780034,18.167438297537505,18.6585029798708
10.866741188253847,39878577869.35098,40814576131.121284,18.376213833533654,18.80752570885823,18.172323957067537,18.66205060150952
10.997800894901342,39852170421.274025,40811434942.2864,18.364045172097182,18.806078236034338,18.177009460439244,18.665479917792005
11.130441263718758,39874600203.7813,40808286297.39652,18.374380908766224,18.804627327429426,18.181563841168767,18.66879365326793
11.264681358482123,39862008556.84738,40805127484.47252,18.368578625712594,18.803171733352283,18.186062877381765,18.671994449961225
11.400540472888565,39859382929.817825,40801960013.16858,18.367368725903724,18.801712149457803,18.190372583880816,18.67508488087662
11.538038133329287,39892429886.232635,40798786987.07763,18.382596900278838,18.80025000589447,18.194747411933026,18.678067483293965
11.677194101695985,39857550744.48654,40795606267.31094,18.36652444731534,18.79878431705349,18.19900636870219,18.680944739474835
11.818028378221166,39860647089.58217,40792414150.42635,18.367951255958467,18.79731337637338,18.202992174956005,18.68371904092922
11.960561204352672,39850004103.939575,40789212086.03952,18.36304692409798,18.795837851843046,18.206841906400335,18.686392710373763
12.104813065662881,39832978422.604904,40786002874.075424,18.355201419629577,18.794359033679505,18.210449188753056,18.68896803873667
12.250804694792999,39861944589.49135,40782785252.50489,18.368549149290022,18.79287634033449,18.214037691764258,18.691447270931853
12.39855707443289,39844828544.82382,40779556532.63089,18.360662005023613,18.791388532845275,18.217604354427916,18.69383257707495
12.548091440336803,39854805514.2425,40776317802.01605,18.36525943384991,18.789896112365227,18.22104843332873,18.696126067251214
12.699429284375467,39888985532.30334,40773071144.98671,18.381009727723924,18.788400039360546,18.22465274474444,18.698329818900998
12.852592357625056,39872721175.45537,40769815002.544876,18.37351504473191,18.78689959543851,18.228267808131555,18.700445862994766
13.007602673493352,39877776429.32037,40766549210.35839,18.375844526648503,18.785394704874175,18.231736735344622,18.702476173024234
13.164482510883603,39869639734.418335,40763273822.84942,18.372095103940705,18.783885392745496,18.235106225353377,18.70442267513278
13.32325441739661,39866483184.88,40759988388.93098,18.370640552841046,18.782371451189732,18.238334403336225,18.70628724764819
13.483941212571365,39868890369.46178,40756692805.87229,18.371749793465334,18.780852832868113,18.241482191538356,18.708071721385647
13.646565991164776,39852539598.05329,40753387203.803444,18.364215290285962,18.779329597745114,18.244478676258773,18.709777883942177
13.811152126471006,39854347468.80974,40750071642.81912,18.365048364617564,18.777801773512625,18.247325378621305,18.71140748159955
13.977723273680795,39855076061.73188,40746745363.97618,18.36538410325345,18.776269010446498,18.250118447831326,18.712962215425414
14.146303373281274,39862509802.501465,40743408031.72879,18.368809601785834,18.774731153925824,18.252890118845176,18.71444374022553
14.316916654496875,39870816926.83703,40740060462.44129,18.37263755908241,18.773188580134672,18.255682076264534,18.71585367426264
14.489587638771654,39859029618.884964,40736702080.36219,18.367205918762675,18.77164102376437,18.25838823266536,18.71719359872782
14.664341143293623,39859953578.57678,40733332629.44473,18.36763168321511,18.770088366827515,18.260971392210305,18.718465052820875
14.84120228456165,39848628004.95426,40729952667.67023,18.362412811986633,18.768530866444202,18.263436172638364,18.719669540949994
15.020196481995317,39849150524.889275,40726559928.773155,18.362653591336628,18.766967478309898,18.265783975722545,18.720808522463944
15.201349461588306,39859244410.81706,40723155170.17248,18.367304895774513,18.765398551446392,18.268134419434872,18.721883413999567
15.384687259605924,39872027482.9499,40719739921.38533,18.37319538835256,18.763824790661516,18.27055414193865,18.72289561113989
15.570236226327143,39851754284.9012,40716312814.333374,18.363853414733217,18.76224556553911,18.27287456940301,18.723846477190488
15.758023029831811,39860964959.4012,40712873812.14289,18.368097731687488,18.760660859087608,18.27508060019404,18.72473733553224
15.948074659833509,39835271982.78794,40709422357.95062,18.356258301660368,18.759070414702116,18.27714325320887,18.725569474934726
16.14041843155869,39871307779.62776,40705958494.91391,18.372863746081173,18.757474252269713,18.279215515752004,18.72634415084979
16.335081989672556,39857729045.15773,40702482653.58956,18.36660660900303,18.75587257019276,18.28135964426135,18.727062591583877
16.532093312252265,39863284447.754944,40698994199.34036,18.369166561526715,18.754265076027803,18.28340980413748,18.727725995193804
16.731480714808132,39846013875.97382,40695492609.01367,18.361208210526414,18.752651528703936,18.285346696330027,18.72833552503596
16.933272854353273,39848926993.96667,40691978191.94285,18.36255058736177,18.75103207076325,18.28715998835491,18.728892315764814
17.13749873352231,39851677378.85681,40688450916.42976,18.363817976109466,18.749406687599123,18.288961229930464,18.72939747665721
17.34418770473983,39855311757.726166,40684909540.10524,18.365492712943716,18.74777480672269,18.29075467790389,18.729852083714928
17.553369474439055,39866649646.23982,40681354428.87388,18.37071725892503,18.7461365967443,18.292587616122837,18.730257182715686
17.765074107331372,39852206262.609825,40677786096.335365,18.36406168793315,18.744492294332822,18.29435933341999,18.730613799466575
17.979332030727445,39867388555.2033,40674203876.91528,18.371057751235483,18.742841592788807,18.296094078350976,18.730922934603306
18.196174038910378,39856126353.31,40670607429.34746,18.365868081962276,18.741184334855387,18.297808257160092,18.731185559569397
18.415631297561585,39866593850.16515,40666996632.162895,18.37069154786275,18.73952046455915,18.299478196993753,18.7314026202744
18.637735348240156,39857880373.05295,40663371367.84088,18.366676341523846,18.73784992774606,18.301117519920513,18.73157503891316
18.862518112916142,39861425197.304955,40659731330.76047,18.368309811219547,18.73617258358472,18.302690191642352,18.731703713516136
19.090011898558522,39844486985.22858,40656076505.5325,18.360504612947608,18.734488424983745,18.304151824103418,18.731789519095063
19.320249401778593,39865860416.03998,40652406603.06647,18.37035357838046,18.73279731872903,18.30560429168267,18.731833308260075
19.553263713529255,39857375657.31663,40648721168.30893,18.366443766422343,18.731099055130063,18.307091725333873,18.731835909354018
19.789088323861044,39874064791.38223,40645020119.40136,18.3741341885154,18.7293935964661,18.30858952741933,18.731798128176194
20.027757126735455,39869453601.96936,40641303454.21939,18.372009333337374,18.72768094175822,18.31011707606722,18.73172075097927
20.269304424896426,39935050348.53391,40637570889.3194,18.402236585813718,18.725960960394428,18.311943629601615,18.731604543820158
20.513764934800466,39848784331.24461,40633821948.59339,18.36248484778863,18.72423343298219,18.313609113811548,18.731450250454092
20.76117379160629,39844580542.95644,40630056508.1024,18.360547724736062,18.722498302409917,18.31474398292615,18.7312585937515
21.011566554224647,39855546624.92234,40626274380.60956,18.365600940720384,18.720755482398083,18.315889374227506,18.73103027775604
21.264979210429043,39866389304.59516,40622475278.503914,18.370597292417003,18.71900484041437,18.317126671243958,18.73076598723602
21.52144818202804,39858088603.0234,40618659113.78847,18.366772294756583,18.717246335909405,18.318347903845257,18.730466388692573
21.78101033010006,39879882959.694855,40614825594.51402,18.376815224568954,18.715479834351775,18.31961484494111,18.730132130755575
22.043702960291224,39855361990.2489,40610974376.76834,18.365515860298224,18.713705177265307,18.32083537090754,18.729763843215057
22.309563828177094,39856051091.94504,40607105231.37928,18.36583340121362,18.711922259046524,18.321897715776725,18.72936213781569
22.578631144689147,39876433741.122574,40603218047.57806,18.37522581036641,18.710131028652714,18.32305055921531,18.728927609957093
22.85094358160664,39837197822.42174,40599312296.48052,18.357145736539206,18.70833124237187,18.324071225848023,18.728460837427466
23.126540277114675,39844595280.40513,40595387731.396126,18.36055451581345,18.706522786527962,18.32489544229084,18.727962380101836
23.405460841429427,39862374569.806915,40591444364.615814,18.368747286000136,18.704705666784715,18.325837902000174,18.727432783319763
23.687745362491093,39828102619.49336,40587481721.828064,18.35295462936335,18.70287966457741,18.326666302580133,18.726872576962812
23.9734344117255,39862077609.912544,40583499537.85363,18.368610445650994,18.701044657710355,18.327475688909896,18.72628227432893
24.26256904987534,39867952764.44152,40579497645.08742,18.371317741189046,18.699200568950427,18.32848250749597,18.725662374195892
24.555190832901552,39874235222.41792,40575475702.6068,18.374212723842458,18.697347241199065,18.32953185007346,18.725013360743013
24.851341817956033,39859485839.5908,40571433399.03953,18.367416147153293,18.695484530974657,18.330509425812657,18.724335703118847
25.15106456942623,39834848505.798965,40567370377.03234,18.35606316171008,18.69361227360733,18.33124851969325,18.723629855705134
25.454402165052805,39865776942.81042,40563286378.39151,18.370315113570584,18.691730350120345,18.332006262079542,18.72289625876173
25.76139820212097,39837589471.7745,40559181316.707275,18.357326210182915,18.689838720695736,18.332759079860505,18.722135340242456
26.072096803726463,39876269718.03401,40555054837.04724,18.37515022784792,18.687937221779176,18.333553526207,18.72134751554427
26.38654262511724,39804463946.47286,40550906024.57317,18.34206183093937,18.68602543180942,18.334144715364413,18.720533183273062
26.70478086011153,39872471324.148254,40546734921.700066,18.373399912214868,18.684103370331474,18.334705738821167,18.719692727860124
27.02685724759327,39839916571.52307,40542541719.81086,18.358398547384404,18.682171125535394,18.335443703263504,18.718826525909996
27.35281807808605,39825500511.95639,40538325568.89239,18.35175556743406,18.680228305731585,18.33590838087095,18.717934941475455
27.68271020040616,39840148566.58591,40534085899.737,18.358505451670133,18.678274648626807,18.336364266788397,18.717018322246407
28.016581028395926,39847680501.05989,40529822730.909805,18.361976198268156,18.67631016277594,18.33693019163215,18.716077004688835
28.354478547738374,39826056467.886894,40525535843.093796,18.35201175422925,18.674334747116802,18.337404831063097,18.71511131619362
28.696451322853907,39841312586.95528,40521224718.58175,18.359041837076962,18.672348163087754,18.337834672019948,18.714121572362263
29.042548503880234,39861358783.21644,40516889027.381775,18.368279207332513,18.67035025862717,18.338447188546652,18.713108076697953
29.39281983373656,39842500932.737946,40512528387.61154,18.359589431734975,18.668340857762093,18.339050407269596,18.712071121625794
29.747315655272857,39870350075.657196,40508142411.176346,18.372422432125347,18.66631978165687,18.339689943118856,18.71101098843957
30.10608691850536,39850198319.81648,40503730728.86305,18.363136419578375,18.664286860176563,18.340354773875948,18.709927947635478
30.469185187939466,40030155437.55142,40499292998.52445,18.446061404696895,18.66224193565832,18.341882720693,18.708822259418998
30.8366626499808,39884543969.31947,40494828831.24266,18.37896303710687,18.66018482888717,18.34355129556523,18.70769417383872
31.208572120435743,39818285345.9209,40490337721.63555,18.348430789044347,18.658115306980935,18.34402641332092,18.70654393013368
31.58496705210235,39836455722.45355,40485819436.89187,18.356803773800568,18.65603326265923,18.344230540897083,18.705371757854284
31.965901542452947,39876759727.07015,40481273621.60792,18.375376026041074,18.653938532150548,18.344749746983844,18.704177877897624
32.35143034140928,39807629198.51152,40476699405.8027,18.343520392187216,18.651830714564053,18.345095717910244,18.70296249922158
32.74160885921138,39850119005.39106,40472096582.83219,18.36309987116267,18.64970971467732,18.345291722340697,18.70172581997824
33.13649317438156,39846949438.48467,40467465010.26783,18.361639321605907,18.64757546685868,18.345696224035617,18.700468031721755
33.53614004178425,39828189394.95057,40462804061.701515,18.352994615853397,18.64542768245668,18.345970926448633,18.69918931725537
33.94060690078302,39844552135.68994,40458113287.50582,18.360534634550014,18.643266154281143,18.34622718387988,18.697889849183504
34.34995188349621,39844054841.28139,40453392247.0894,18.36030547922708,18.641090679305755,18.34656342217324,18.696569791162183
34.764233823151955,39852299224.45701,40448640478.90881,18.36410452513732,18.638901044849383,18.346934268955955,18.69522929804501
35.1835122625439,39812853146.20799,40443857503.166306,18.345927608919972,18.636697029819235,18.347124450542616,18.693868515877792
35.60784746258914,39866421944.9879,40439042849.592545,18.370612333245152,18.634478417513257,18.347390260643248,18.692487582060483
36.03730041098919,39836636871.533714,40434196035.408264,18.35688724804691,18.632244985464766,18.34777687262321,18.69108662553505
36.4719328309954,39840138912.359055,40429316564.65819,18.35850100296242,18.629996505135512,18.348011944681176,18.689665766845575
36.91180719028024,39831381344.880486,40424403935.05437,18.3544654796001,18.627732745069128,18.34821235831261,18.68822511823102
37.356986709915475,39838445446.522125,40419457660.3432,18.35772064689152,18.625453481197944,18.348399297455117,18.686764783875606
37.807535373458514,39826927397.69813,40414477217.613625,18.352413082293094,18.623158472562377,18.348556887184255,18.68528485998539
38.26351793614863,39836099898.33343,40409462087.00741,18.35663980857242,18.620847479609598,18.348698616827885,18.683785434795137
38.724999934213855,41174476584.46768,40404411749.372406,18.97336932823569,18.61852026311215,18.356236262624957,18.68226658877762
39.19204769429011,39771019213.58895,40399325582.04152,18.326650359519963,18.61617653614245,18.3631503634785,18.680728394262903
39.66472834295417,39799893917.68033,40394203030.65374,18.33995594274566,18.61381604324866,18.36244417437551,18.67917091544468
40.143109816371364,39865859455.06746,40389043600.65908,18.370353135560343,18.611438556540094,18.36227362826085,18.677594209272105
40.62726087005974,39814309672.64189,40383846703.77275,18.346598782332705,18.60904380493268,18.36218196796955,18.675998325431244
41.11725108877194,39817963303.58975,40378611759.063866,18.34828239060446,18.60663152073106,18.36183283780353,18.674383306048956
41.61315089649633,39812298375.344986,40373338187.08072,18.345671968208794,18.604201436921496,18.361480695310213,18.672749185919933
42.11503156657874,39818035538.34157,40368025345.15937,18.34831567667725,18.601753257361775,18.361137663082395,18.671095992341385
42.62296523196612,39815203907.72414,40362672628.24026,18.347010849561947,18.599286703237947,18.36081833777909,18.669423745154173
43.13702489557402,39843031256.69608,40357279429.23158,18.359833807211146,18.5968014947996,18.360644023589117,18.6677324571123
43.65728444077888,39834432231.343544,40351845093.23478,18.35587134071708,18.59429733026676,18.360577607791242,18.666022133777332
44.18381864203688,39807927243.91077,40346368973.16332,18.3436577327415,18.591773911459278,18.360320559541197,18.66429277347223
44.71670317563108,39815141083.00012,40340850414.402336,18.346981899668943,18.589230936727905,18.359965401119027,18.66254436745394
45.25601463054789,39753553420.647156,40335288735.19351,18.31860204980034,18.58666809191559,18.359319598864165,18.660776899890884
45.80183051948482,39833068466.96459,40329683257.21416,18.355242912443426,18.584085064448434,18.358791572788032,18.658990347902463
46.35422928999115,39816312631.170715,40324033315.42466,18.34752175391775,18.58148154787342,18.358615486389585,18.657184681817707
46.91329033574276,39792721486.65671,40318338182.49964,18.3366508568264,18.578857207036005,18.358223108604548,18.65535986506612
47.479094007952895,39768787559.04202,40312597073.22644,18.325622003862666,18.576211680106944,18.357580593597536,18.65351585368534
48.05172162692088,39827471053.91929,40306809301.639046,18.35266360133128,18.573544650990257,18.357145689450565,18.651652596727175
48.631255493719785,39839960297.08766,40300974167.47372,18.35841869630565,18.570855797001514,18.3571080836589,18.649770036883094
49.21777890202509,39832381757.05413,40295090869.470406,18.354926473672776,18.568144748916765,18.357097517946244,18.647868110002722
49.811376150086275,39790587810.52816,40289158632.48166,18.335667650030054,18.56541114954485,18.35681657652302,18.645946744851344
50.41213255284251,39793853176.24247,40283176678.578995,18.337172344074244,18.56265464041311,18.356333451891047,18.644005863404153
51.02013445418457,39806263946.307106,40277144198.360725,18.34289127831743,18.559874848545892,18.355947642925504,18.64204538081919
51.6354692393646,39838032636.78677,40271060365.5937,18.357530422455877,18.557071393211537,18.355812767513182,18.64006520533569
52.2582253475557,39849707588.999,40264924366.722,18.36291028878539,18.55424389952011,18.355917573168632,18.63806523841624
52.8884922845628,39910826146.1405,40258735359.14705,18.39107397302982,18.551391979198698,18.356418866960055,18.636045374816668
53.526360635686835,39769732739.4374,40252492449.53599,18.326057546903183,18.548515220595817,18.356465114124294,18.634005502308742
54.171922078744295,39786968700.89533,40246194756.96161,18.33399994932323,18.545613217776566,18.35583935325646,18.63194550163849
54.825269397243595,39862305945.549866,40239841378.04762,18.368715663658293,18.542685554461404,18.35573564242553,18.629865246636673
55.48649649372027,39856250736.354324,40233431407.50431,18.365925398184217,18.539731813489084,18.356009911042978,18.6277646042503
56.15569840323338,39816725966.50796,40226963959.50069,18.347712220552918,18.536751586665016,18.356027782042368,18.625643434802218
56.83297130702432,39814385522.045425,40220438083.24086,18.346633734051974,18.53374443585852,18.355817919289922,18.623501591896876
57.51841254634043,39848630119.949684,40213852802.72108,18.362413786585282,18.530709911323022,18.355788378830155,18.621338922088547
58.21212063642555,39815856641.89234,40207207129.4834,18.347311632169863,18.527647557573008,18.3557653757164,18.619155264843236
58.91419528067912,39788546021.86758,40200500046.487656,18.334726785359486,18.52455690595216,18.355415119024745,18.616950452482055
59.6247373849859,39806462120.425804,40193730550.11795,18.342982597772036,18.521437493990117,18.355023359071826,18.61472431026914
60.34384907221895,39765556700.868835,40186897615.08011,18.324133211036333,18.51828884922707,18.354513465606004,18.612476656532642
61.07163369691718,39772877809.038666,40180000177.724884,18.327506808000294,18.51511048152905,18.353833905820558,18.610207302500793
61.808195860139854,39847628964.73204,40173037154.9601,18.361952450114853,18.511901891802687,18.35362065506513,18.60791605215526
62.553641424500675,39976245335.36076,40166007454.35735,18.421219406346584,18.50866257665246,18.354524328664247,18.60560270224605
63.308077529382736,39793781349.87462,40158909965.65735,18.33713924618648,18.50539202446628,18.35510247946813,18.603267042314258
64.07161260633724,39771184889.087524,40151743543.11383,18.326726703475828,18.502089707279527,18.35455281307733,18.600908854571262
64.84435639466776,39799057553.18412,40144507016.71297,18.33957054252213,18.498755085944985,18.354046621496945,18.59852791374655
65.62641995720267,39759638520.79989,40137199196.03806,18.321406089151278,18.495387611913713,18.353487193279765,18.59612398702126
66.41791569625771,39791017894.12823,40129818906.11647,18.335865834334093,18.491986743753444,18.352899449856963,18.593696834181138
67.21895736979077,39797375451.98022,40122364923.96785,18.33879542332119,18.488551917909778,18.35253080463995,18.591246207611917
68.02966010775216,39731968499.686386,40114835971.20026,18.308655628830802,18.485082545294407,18.35184621591907,18.588771851909836
68.85014042863149,39791228470.05449,40107230774.7272,18.335962868592983,18.481578039263805,18.35114837128406,18.586273503794704
69.68051625620426,39804355536.77002,40099548026.653854,18.342011875299338,18.478037797134622,18.350860684960658,18.583750892134116
70.52090693648064,39785824780.6891,40091786392.718445,18.333472826154818,18.474461204073506,18.35054928181668,18.581203737795846
71.37143325485853,39788151280.36893,40083944554.16423,18.334544886842142,18.47084765239189,18.35015748565888,18.578631753779447
72.23221745348323,39775299322.01892,40076021152.28937,18.32862265120994,18.467196515994335,18.34971702055166,18.57603464526746
73.10338324881701,39849001002.95088,40068014761.379585,18.362584691008195,18.4635071379058,18.349621979458714,18.57341210922585
73.98505584942022,39899704690.541046,40059923949.94739,18.385949160231696,18.459778858490925,18.35020752136801,18.570763834203383
74.87736197394675,39873760245.53362,40051747271.198326,18.373993852527125,18.45601101106083,18.350911834544508,18.56808950041568
75.78042986935695,39775789654.37912,40043483227.84611,18.32884859839216,18.452202905659792,18.350920697331055,18.565388779582296
76.69438932934987,39669833091.990204,40035130288.57425,18.28002337563964,18.448353836650835,18.34981592444578,18.56266133466717
77.61937171301778,39749612685.89993,40026686927.69423,18.31678614290884,18.444463100990372,18.348600512310966,18.559906819932337
78.55550996372601,39745609391.04919,40018151576.92348,18.314941408062552,18.440529976007294,18.347824789433684,18.55712488094073
79.50293862822011,39844628434.25959,40009522610.517044,18.36056979324689,18.436553712551596,18.34758947223038,18.554315154215608
80.4617938759637,39754290047.515335,40000798404.31521,18.31894149051183,18.43253356220376,18.34740091889752,18.551477267151647
81.43221351870939,39806788257.20573,39991977293.353615,18.343132882950872,18.428468757741307,18.34701495053419,18.548610838015733
82.41433703030589,39742013082.384,39983057556.66025,18.313284214136043,18.42435850613321,18.346567273767665,18.545715475634264
83.40830556674398,39700519002.61769,39974037465.428246,18.294163570338025,18.420202010738105,18.345550879690023,18.542790779269897
84.41426198644395,39750747628.24529,39964915262.60391,18.31730912904178,18.415998461898376,18.344609245691625,18.53983633865049
85.4323508707883,39768667256.42301,39955689139.51252,18.32556656791761,18.411747026169213,18.344060860148044,18.53685173375829
86.46271854490156,39743449805.89522,39946357249.43263,18.313946262279995,18.407446852573734,18.343484219228753,18.533836534571773
87.50551309868081,39716594597.69237,39936917716.89752,18.301571271123176,18.403097076889104,18.342636940612916,18.530790300938385
88.56088440808018,39718514221.397896,39927368624.830605,18.30245584167653,18.39869681571849,18.341674562740803,18.5277125824301
89.62898415665175,39694903828.6806,39917707985.817474,18.29157607493339,18.394245153253106,18.340615747937456,18.524602917974832
90.70996585734608,39714516804.21944,39907933791.421104,18.30061381528597,18.389741163996852,18.33956161216869,18.521460835611517
91.80398487457624,39606164511.10402,39898044062.21664,18.250684629893108,18.385183935822557,18.338043867980282,18.518285852793355
92.91119844654749,39701025315.95795,39888036760.82386,18.29439688162204,18.38057252989698,18.336495085854168,18.51507747647777
94.03176570785615,39765753855.880974,39877909746.610535,18.324224060882415,18.375905959807923,18.335853151594268,18.511835202493625
95.16584771236167,39663440799.34704,39867660835.81435,18.277077780716915,18.371183219268666,18.33501580005833,18.508558515007756
96.31360745633391,39661919644.130135,39857287825.38899,18.276376826093323,18.366403293106345,18.333634791472214,18.50524688646139
97.47520990187972,39745304624.593994,39846788477.62811,18.314800970417853,18.36156515017661,18.332736144520158,18.501899777553003
98.65082200065248,39732701435.79853,39836160504.76027,18.308993368826627,18.3566677362649,18.33224201952988,18.498516637053466
99.84061271784705,39762129612.47046,39825401558.91138,18.322553994509573,18.35170996946112,18.331852818019325,18.49509690148701
101.04475305648423,39765665684.85339,39814509252.28964,18.32418343130776,18.34669074946092,18.33165193008412,18.491639994876014
102.26341608198875,39618921393.755264,39803481156.1779,18.256563054249575,18.34160895710137,18.330669162628247,18.48814532859587
103.49677694706244,39765440584.63117,39792314785.96408,18.32407970419314,18.336463447462943,18.329718045527745,18.48461230114566
104.74501291685849,39703164623.0085,39781007608.18841,18.295382683170562,18.33125305311688,18.32924248356552,18.48104029788165
106.00830339445916,39769150424.37172,39769557035.493286,18.325789213709346,18.325976581798084,18.328802635910044,18.477428690767656
107.28682994666,39674961537.24287,39757960418.318756,18.282386584450776,18.320632812578353,18.328214017699942,18.47377683805834
108.58077633006585,39619583386.14679,39746215051.88909,18.256868103085136,18.315220499085836,18.32682418256047,18.47008408398327
109.89032851750162,39665529330.86025,39734318198.71121,18.278040184687555,18.309738379872382,18.32541910343073,18.46634975859996
111.21567472474072,39710711944.34343,39722267055.58139,18.298860520097833,18.3041851632101,18.32454472592406,18.462573177591235
112.5570054375567,39744510643.66467,39710058747.577896,18.314435100717464,18.298559524323156,18.32412182185534,18.45875364185545
113.91451343910114,39661633105.82688,39697690351.449585,18.276244788056527,18.292860116165315,18.323437215911053,18.454890437202224
115.28839383761098,39646250652.62565,39685158882.71497,18.269156489917204,18.28708556347515,18.322234672278782,18.450982834111468
116.67884409445062,39605763841.26918,39672461280.74725,18.250499999573897,18.28123445590315,18.320754827584036,18.447030087346157
118.08606405249265,39662874390.013435,39659594429.1373,18.27681677695029,18.275305357395084,18.31940397939801,18.443031435605256
119.51025596483952,39807228409.70273,39646555174.44928,18.343335707044318,18.269296814834668,18.31918771186456,18.438986101398292
120.95162452389278,39716834413.949425,39633340263.611046,18.301681779447595,18.263207329192774,18.319263435352255,18.43489329068086
122.410376890773,39854032251.09448,39619946360.31282,18.364903110988948,18.25703536308405,18.319600296816688,18.43075219224913
123.88672272509324,39607457135.77774,39606370112.59416,18.251280276695976,18.250779371911232,18.319319569480136,18.426561977608777
125.38087421509283,39691756538.41304,39592608075.2872,18.29012579054405,18.24443776812671,18.31817051500376,18.422321800787888
126.89304610813464,39691198378.52855,39578656701.658485,18.289868588157738,18.23800891738101,18.317503020229765,18.41803079768755
128.42345574156886,39582505561.38428,39564512398.98386,18.239782487882145,18.231491164131963,18.316251439963906,18.4136880857077
129.97232307397022,39625684961.43366,39550171489.253105,18.259679734246117,18.22488281353724,18.314676867139408,18.409292763467544
131.53987071675215,39638513799.46713,39535630207.241776,18.265591315940707,18.21818213056581,18.31344433435899,18.40484391030885
133.12632396616075,39618404768.16237,39520884716.79854,18.25632499103684,18.211387347503262,18.31220018482414,18.400340585889943
134.731910835656,39481198689.793846,39505931108.23027,18.193099861905583,18.204496662746806,18.310122953857544,18.395781829863367
136.3568620886835,39567184668.747986,39490765388.11011,18.232722557106094,18.19750823610881,18.307822647098156,18.39116666149101
138.00141127184006,39648052402.74076,39475383466.6591,18.269986743831936,18.190420183002193,18.306487465179018,18.386494079143763
139.66579474844085,39571263707.052475,39459781165.82825,18.234602194849547,18.18323057816467,18.30520102358502,18.38176305978893
141.35025173249107,39542470173.15831,39443954218.012474,18.221334015186876,18.17593745506616,18.30337029538418,18.376972558526592
143.05502432306622,39597825379.772385,39427898269.27541,18.24684192364019,18.168538807394743,18.301730684297656,18.37212150814771
144.78035753910876,39524235564.25339,39411608880.50864,18.212931431887505,18.161032589590874,18.300026163334753,18.367208818726493
146.5264993546428,39613350364.14935,39395081503.13471,18.253995900735564,18.15341670565124,18.298452094477387,18.36223337709532
148.2937007344144,39449814020.848816,39378311485.853714,18.17863767648067,18.145689012237565,18.29650081116448,18.357194046237392
150.0822156699622,39535644862.461464,39361294091.41632,18.218188883751736,18.137847326405748,18.294179750374624,18.352089664822337
151.8923012161215,39571833443.53314,39344024474.798256,18.234864731779318,18.129889415548533,18.292578115164666,18.346919046724118
153.72421752796987,39536483022.6209,39326497678.92649,18.218575111424325,18.121812995426147,18.291016660017103,18.341680980408373
155.57822789821867,39403573049.981476,39308708645.783295,18.157329645604737,18.113615735283066,18.28857053390581,18.3363742283721
157.45459879505376,39428608154.72636,39290652207.08922,18.168865925550424,18.10529525355472,18.28559867906748,18.33099752660573
159.35359990043426,39455713099.182724,39272323075.56679,18.18135599620711,18.096849113841746,18.28298191413938,18.325549583969313
161.2755041488532,39553042859.62323,39253715846.58195,18.226205952895157,18.088274825666396,18.281108686749974,18.32002908154523
163.22058776656405,39523160913.69513,39234825001.82197,18.21243622845975,18.079569846167306,18.27964385027116,18.314434672035265
165.189130311282,39362837636.4833,39215644899.788,18.138558598364977,18.07073157571845,18.277171188999738,18.308764979139692
167.1814147123639,39506928196.39132,39196169770.79544,18.204956125100715,18.06175735562526,18.274678461396352,18.303018596872093
169.1977273114714,39464924891.63307,39176393725.01448,18.18560082831753,18.052644471829772,18.27279595929691,18.297194088907393
171.23835790372596,39286853441.44591,39156310748.68706,18.10354476661424,18.04339015316737,18.269752296597037,18.291289987968188
173.30359977936027,39378220854.70813,39135914686.34066,18.145647249030343,18.03399156317082,18.266316273846694,18.28530479510748
175.3937497658705,39473581134.49643,39115199231.97606,18.189589660877537,18.024445796009566,18.263981066048515,18.279236978863377
177.5091082706783,39331406690.34221,39094157951.677826,18.124075088216465,18.014749886908735,18.261437869820487,18.273084974510354
179.64997932430765,39340134503.8387,39072784279.04343,18.12809690082062,18.004900810042844,18.258231427207626,18.26684718342564
181.81667062408056,39396452838.41023,39051071486.56538,18.154048622625385,17.99489546534858,18.255457571459623,18.260521972288803
184.00949357834142,39393065349.404625,39029012691.81572,18.152487653662806,17.984730681374646,18.25303641004106,18.25410767217892
186.22876335121506,39372451956.03766,39006600863.79277,18.142988916631936,17.97440321820634,18.250541034523607,18.247602577761576
188.4747989079024,39301808709.63756,38983828818.23625,18.110436216132026,17.96390976530678,18.247605005032014,18.241004946503796
190.74792306052458,39348176787.22654,38960689208.09935,18.131802818311687,17.953246937126362,18.244609854597183,18.234312997829853
193.04846251451977,39319499898.973236,38937174506.18552,18.118588389443396,17.942411265101747,18.241779778955618,18.227524912150077
195.37674791559772,39284053157.76687,38913277015.49143,18.102254384297975,17.931399202421925,18.238666503717308,18.220638829875163
197.73311389726268,39368640741.87308,38888988888.64386,18.141232693361307,17.920207132984814,18.23589915710765,18.213652850616796
200.11789912890913,39314535378.10323,38864302087.51749,18.116300717666658,17.908831352788983,18.233359227250826,18.206565032290822
202.53144636449608,39180066834.92926,38839208377.28217,18.054337056090155,17.897268067190595,18.22984748680767,18.199373389989944
204.97410249181,39180175437.686584,38813699353.760315,18.054387100690494,17.88551340350981,18.225689926941495,18.19207589500102
207.44621858232193,39302190854.90748,38787766408.98317,18.110612310255004,17.873563395158975,18.222301486646753,18.18467047380495
209.94814994164432,39293742193.759056,38761400727.123604,18.10671913220891,17.861413979768447,18.219608975531965,18.17715500689102
212.48025616059775,39249152804.20737,38734593303.795364,18.086172156843013,17.849061008079744,18.216689556811346,18.16952732768327
215.04290116689413,39233049034.76608,38707334926.34808,18.078751473193048,17.836500234865426,18.213508934444402,18.161785221488795
217.63645327744084,39222698603.85026,38679616177.52312,18.073981951762228,17.823727320613713,18.21025945107477,18.153926424384085
220.26128525127794,39160379409.582855,38651427415.88573,18.04526500895792,17.81073782251154,18.206688576228387,18.145948622040244
222.91777434315375,39151901558.42638,38622758759.153076,18.041358380035227,17.79752718676206,18.20281760808334,18.13784944837816
225.60630235774448,39107117103.820854,38593600106.09929,18.020721517884688,17.78409075867855,18.19874642253426,18.129626484285485
228.32725570452996,39220406852.209015,38563941120.35286,18.07292590311499,17.770423775218212,18.19515080840436,18.12127725639386
231.08102545333108,39022488046.43031,38533771219.87439,17.981724097760182,17.756521360133473,18.191168238729244,18.112799235739363
233.86800739051486,39221116408.39868,38503079590.53124,18.07325286954571,17.742378530227228,18.18729687148411,18.10418983647224
236.68860207588085,39137165595.8956,38471855153.95761,18.034567987474194,17.72799018054263,18.18413396103798,18.095446414494273
239.54321490022994,39045118653.02751,38440086558.29225,17.992152375001538,17.71335108009501,18.18008501275911,18.086566265903233
242.4322561436301,39162664112.19159,38407762188.185684,18.046317809381787,17.69845587648322,18.176278036327393,18.077546625478895
245.35614103438468,39152366136.67186,38374870141.67209,18.041572459614727,17.683299085232125,18.173142496076167,18.06838466513216
248.31528980870976,39101170358.582634,38341398250.25789,18.017981233051334,17.667875099049485,18.16974423210443,18.059077492375796
251.31012777113347,39100415621.78998,38307334083.05808,18.017633447211647,17.652178189732016,18.166144550492913,18.049622148963095
254.3410853556237,39042224697.777275,38272664890.2982,17.990818828437334,17.636202482130837,18.162306509479585,18.04001560927098
257.408598187451,38952523960.74449,38237377598.32944,17.949484357330057,17.619941951854436,18.15775108056861,18.030254778387505
260.5131071457995,38913985932.935455,38201458827.15657,17.93172587451601,17.603390433345606,18.152605243041787,18.02033649031385
263.6550584271334,38963469366.65793,38164894875.78884,17.95452804570378,17.586541613131065,18.147643946679466,18.010257506223574
266.8349036093247,38944512251.43288,38127671718.316635,17.945792528499936,17.569389028013575,18.14296458503958,18.000014512662126
270.05309971655794,38996652739.153496,38089774981.92318,17.969819081173853,17.551926054939642,18.138579548164167,17.989604119646913
273.31010928501604,38858969148.98862,38051189941.43792,17.906373912629288,17.534145908489695,18.133825240838657,17.979022858663196
276.6064004293574,38846468341.7377,38011901525.0236,17.90061348887779,17.516041643498706,18.12836786536673,17.96826718070915
279.9424469099964,38920532825.02927,37971894287.36595,17.93474270950584,17.497606142701898,18.12337867108949,17.957333454270895
283.3187282011958,38825114293.93238,37931152398.80864,17.89077345521441,17.478832111728078,18.11838557026859,17.94621796314029
286.7357295599775,38928843824.75865,37889659640.92459,17.93857245259994,17.459712077058878,18.11356264779838,17.934916904201238
290.1939420958668,38788557675.622406,37847399391.662575,17.873928014103253,17.440238379184258,18.108646455479754,17.92342638516279
293.69386284147885,38610231487.895676,37804354625.36743,17.791754568286773,17.42040317261181,18.10210630265568,17.91174242226551
297.2359948239523,38687034052.253586,37760507897.155464,17.82714550800956,17.400198418666882,18.09517526491438,17.899860937956465
300.8208471372484,38571637549.80928,37715841315.306175,17.773970321785377,17.379615872770568,18.088191476797306,17.887777758382892
304.44893501532135,38586798178.04437,37670336543.74206,17.780956402061644,17.358647085582422,18.080830267651724,17.87548861080916
308.1207799061689,38461563100.046555,37623974791.58878,17.723247559477368,17.337283398189733,18.073038008468505,17.8629891210509
311.836909546778,38633699674.58823,37576736781.60338,17.802568805904787,17.315515927559105,18.065696110112594,17.85027481074006
315.5978580389755,38587372062.039536,37528602752.11486,17.781220850183274,17.293335567430702,18.059207751835885,17.83734109449401
319.4041659261899,38360108691.319885,37479552455.68137,17.676496947777427,17.270732987699475,18.051373760180276,17.8241832771549
323.2563802711419,38365342968.796074,37429565131.94079,17.678908924515454,17.247698621904576,18.042521000806058,17.810796550938065
327.15505473447257,38495850283.62146,37378619466.71449,17.739047235664074,17.224222648384227,18.034623042216264,17.797175992276074
331.100749654316,38312761959.27678,37326693603.66225,17.65467937757235,17.200294995646335,18.026614918890775,17.783316558579667
335.0940321268354,38584773186.283806,37273765135.57466,17.780023277472168,17.175905338356014,18.019296811075275,17.769213085090872
339.13547608772984,38527743865.76482,37219811055.208435,17.75374393039837,17.15104307468027,18.013314824415577,17.754860281493386
343.2256623947215,38150922085.25369,37164807756.41023,17.580102893386186,17.125697326805888,18.00509586225905,17.740252728342764
347.36517891104063,37900984251.35683,37108731048.3793,17.46493050444528,17.099856947511697,17.99365452016908,17.72538487366551
351.5546205899174,38392718860.51982,37051556097.828156,17.691523848795036,17.073510493515975,17.9838283923913,17.710251029398595
355.79458956008955,37940293892.280235,36993257399.50337,17.483044549777954,17.046646211892327,17.97441874736143,17.694845367437527
360.08569521234466,38188770992.52392,36933808792.53961,17.597543826602056,17.019252047605658,17.964141689698867,17.67916191570799
364.428554287106,38198434772.64731,36873183406.4758,17.601996936504058,16.991315618636225,17.95550939743411,17.663194554122793
368.82379096307136,37987966487.38652,36811353650.058075,17.50501227903206,16.96282421081998,17.94597829791629,17.646937010280237
373.2720369469261,38218994763.81385,36748291216.3185,17.611471065579817,16.933764780188877,17.936799682502475,17.63038285523147
377.7739315641329,38064406223.35547,36683967023.57791,17.54023602593061,16.904123925784717,17.928243164345766,17.613525499051825
382.3301218508199,38205850249.777336,36618351189.36259,17.605414019075695,16.87388787763985,17.919827300462924,17.596358186053568
386.94126264677766,38095712978.78671,36551413030.97682,17.554662308485707,16.84304249704103,17.91177348395055,17.578873989973836
391.60801668957356,38101774298.37943,36483121024.91019,17.55745538965611,16.811573257824104,17.903346165897258,17.561065809056693
396.33105470980524,37786220215.54532,36413442783.32268,17.412046761464758,16.779465235538265,17.893418574056838,17.542926360902328
401.11105552750286,37788706851.41064,36342345034.796616,17.41319261356954,16.746703098576457,17.882027669234876,17.524448177205034
405.94870614969005,37717160988.44637,36269793573.52018,17.38022398361881,16.71327108475894,17.870527243711507,17.50562359823234
410.84470186912574,37751840943.85901,36195753231.58872,17.396204650694948,16.679152988569605,17.859101521936513,17.486444767007068
415.7997463642362,37541037261.11206,36120187872.410126,17.299065440672326,16.64433215811715,17.8469770681682,17.466903623440828
420.81455180024926,37704732826.09631,36043060319.53571,17.37449703493847,16.608791462340065,17.834894971883916,17.446991898179817
425.88983893155137,37712880674.794846,35964332324.50659,17.378251597361885,16.572513276190094,17.824032063459438,17.4267011060337
431.02633720527984,37487205654.346924,35883964591.80316,17.274259613339172,16.535479492129063,17.81223146413426,17.406022539522795
436.22478486616023,37467120176.765976,35801916685.75951,17.265004142088785,16.497671477234665,17.799375651558407,17.384947262202243
441.48592906261183,37403604376.04976,35718146979.499855,17.23573579807729,16.45907004967015,17.786366646085305,17.363466101358913
446.81052595413337,37389214767.28878,35632612629.33863,17.229105006767757,16.41965546688777,17.773242197259183,17.341569640463696
452.1993408199794,37152690174.38525,35545269530.43947,17.12011349482557,16.379407405196282,17.75905177220814,17.31924821142018
457.65314816915196,37100897458.211006,35456072318.081085,17.09624719672047,16.338304960344242,17.743629768490667,17.296491886763373
463.17273185171797,37200074090.939285,35364974252.63128,17.141948199807278,16.29632659451557,17.72883673097989,17.273290471418427
468.7588851714661,36902941058.64116,35271927196.06532,17.005028067991013,16.253450125509108,17.713300627545603,17.24963349390158
474.41241099992544,37118488137.05394,35176881572.242935,17.104353054380535,16.20965270843411,17.69770402895049,17.225510197384015
480.1341218917604,36811786599.80902,35079786270.65953,16.963023715858217,16.16491079135839,17.681962274584585,17.20090953022334
485.9248402015522,40663936462.879265,34980588623.0873,18.738110325880005,16.119200104544465,17.68608286507679,17.17582013606891
491.7853982019932,36892323160.96628,34879234332.30698,17.000135296769948,16.072495627608816,17.69029600190014,17.15023034368347
497.7166382035078,36328100434.85672,34775667441.45317,16.740139127932213,16.02477157539615,17.670846510849223,17.124128156450872
503.71941267531,36816560968.86888,34669830222.11553,16.965223764893356,15.9760013464159,17.651478698491953,17.097501241351623
509.79458436792675,36354208319.25517,34561663084.29505,16.752169749185033,15.926157481349737,17.632681147160213,17.070336917097954
515.9430264371982,36070667401.35593,34451104594.18597,16.62151291997354,15.875211671245545,17.610263231625968,17.042622142159097
522.1656225697697,36134386398.17797,34338091362.34772,16.650874897592107,15.8231347059866,17.587187870804886,17.014343502552663
528.4632671101007,36448269739.09034,34222557899.257416,16.79551364098678,15.769896407729535,17.566728586214964,16.985487198525263
534.8368651890073,36212631462.23527,34104436535.87685,16.686930547150272,15.715465594301303,17.547163149795118,16.95603903032875
541.2873328537482,35813305908.67726,33983657387.47366,16.502919678321977,15.659810062527818,17.524589860399875,16.92598438370375
547.8155971996863,36056562109.958755,33860148277.46007,16.61501314328271,15.60289655313852,17.501720471886994,16.895308215092637
554.4225965035367,36169628156.41744,33733834555.461967,16.667114445737475,15.544690666931865,17.481333674264295,16.863995035790495
561.1092803582181,35783128206.00791,33604639052.99068,16.48901366795537,15.485156844348692,17.45992095403046,16.832028895241017
567.8766098093348,35695334133.60675,33472481936.982635,16.44855779580652,15.42425829798269,17.436436314004364,16.7993933636834
574.7255574933044,35429279394.15642,33337280458.372265,16.325958670040755,15.361956896721749,17.411570702075807,16.766071513034966
581.6571077771479,35451213215.56517,33198949042.917206,16.33606586578164,15.298213207600597,17.385971056396777,16.732045897361264
588.6722568999686,34840396332.75029,33057399338.479477,16.054598916571162,15.232986517588154,17.357742709424265,16.697298534561323
595.7720131161401,35317013322.73829,32912539611.85738,16.274225999397654,15.166234555645179,17.32948617477332,16.6618108854311
602.9573968402125,35667944320.47438,32764274651.3827,16.435936456484193,15.097913447840654,17.306412259990697,16.625563829415412
610.229440793577,34466012928.535995,32612505886.322025,15.88208149345474,15.027977772372402,17.279188895304305,16.588537641061475
617.5891901528903,35115785581.016815,32457130979.724033,16.18149942265694,14.956380371949445,17.24965705420724,16.550711965442336
625.0377027002941,34662085922.20511,32298043757.11953,15.972432740945283,14.883072320936668,17.22185906107408,16.51206579156189
632.5760489754474,34681925045.95291,32135134030.7592,15.98157469132912,14.808002844362864,17.192366858971976,16.472577425037905
640.2053124293863,34507790007.01836,31968287286.451096,15.901332544233112,14.731119173614138,17.16272478763373,16.432224458758913
647.9265895802449,33922859983.056934,31797384517.418457,15.631794366788972,14.652366469874908,17.12962808784314,16.390983741624726
655.7409901708554,34188213599.086357,31622301867.056686,15.75407041197878,14.571687659508845,17.095598877628536,16.348831345164303
663.6496373282415,33310733474.374016,31442910469.872078,15.349723936554877,14.489023360762767,17.058997110132726,16.305742528132726
671.6536677250424,33372779327.6196,31259076375.497032,15.378314922684329,14.40431184875255,17.018842085248455,16.26169170066659
679.7542317428836,33751405963.102757,31070659842.342297,15.552787644342173,14.31748872997515,16.982054234639527,16.216652384997463
687.9524936377117,33655510532.45072,30877515043.649715,15.508598632760721,14.228486806856484,16.947665754843815,16.170597171649504
696.249631707129,33301501963.761127,30679490071.101704,15.345470018233499,14.137236079414706,16.91162769141183,16.123497675099568
704.6468384597479,32289548539.682053,30476426372.736588,14.87915768955977,14.043663486249255,16.868965614984155,16.07532448742087
713.145320786579,34144296547.67764,30268158326.72557,15.733833252813556,13.947692708135522,16.83200858799667,16.02604712763455
721.746300134495,32567016421.743805,30054512712.753784,15.00701603870675,13.84924392443505,16.79732943979779,15.975633987045647
730.451012681785,33531762848.5754,29835308176.978798,15.451575187547919,13.748233566546197,16.76021147836918,15.92405227006786
739.2607095158205,32289450874.85265,29610354822.782684,14.879112685201918,13.644574129320993,16.722385563284988,15.87126793129985
748.176656812871,32678529444.203396,29379453654.49352,15.05840170127111,13.538173914729702,16.68085169909368,15.817245608817029
757.2001360200866,32083093074.634956,29142395883.48932,14.784022156260754,13.428936712110648,16.63914320075919,15.761948552215063
766.3324440396711,35565210793.99492,28898962135.830563,16.38859642202648,13.316761433043993,16.614313615796956,15.705338544241924
775.5748934152812,47890866574.82231,28648922183.15965,22.0683096507445,13.201541987349097,16.67665055284768,15.647375818509612
784.9288125206746,32038028532.20841,28392033534.692547,14.763256228482344,13.08316663426844,16.71733500731875,15.588018969963388
794.3955457506266,31064466211.03911,28128040612.70638,14.314634679020616,12.96151760252888,16.665693204841684,15.527224855304778
803.9764537141556,31110324793.278885,27856673817.81047,14.335766503633362,12.836470659614688,16.610244246166282,15.464948486167025
813.6729134300795,29735583536.971886,27577648278.211163,13.702280039435905,12.707894535423591,16.54880860184639,15.401142912881399
823.4863185249237,30849034643.016975,27290663170.690247,14.215362920297476,12.575650609370824,16.487483603313382,15.335759100482235
833.4180794332223,29094307363.342785,26995399663.731316,13.406777322875506,12.43959196257323,16.424017162881974,15.2687457926702
843.4696236002361,30416094344.39784,26691519284.300777,14.015862237734428,12.299562625255195,16.35979175538733,15.200049358869503
853.6423956871075,28788956393.382877,26378662449.02639,13.2660703313513,12.155396899909626,16.29532467374274,15.129613627981167
863.9378577784973,28795083285.610306,26056447622.168808,13.268893628663333,12.006918973287757,16.22358986138657,15.05737971348125
874.3574895927261,28988554577.0745,25724467523.67401,13.358046001003279,11.853941169054005,16.154650239154517,14.983285817271181
884.9027886944416,28900592731.807846,25382286284.29708,13.317512818423202,11.696262636855225,16.087910649291697,14.907267001978202
895.5752707098593,28881316925.7245,25029438285.41512,13.308630447152046,11.533668817701692,16.022169115714377,14.829254946843303
906.3764695445994,27844806029.396477,24665424024.414104,12.8310019335648,11.365929538720247,15.952188675997602,14.74917768039293
917.307937604142,27990525064.34897,24289706510.819183,12.89814986834512,11.192797352476207,15.879042370887591,14.666959277219986
928.3712460169497,26724420895.81181,23901707421.305805,12.314723824096722,11.014005765186582,15.801467061598236,14.582519521280094
939.5679848602816,29403504518.12838,23500801360.070896,13.549256652295805,10.829266591875326,15.733571679258837,14.495773524784003
950.8997633887208,25960878332.470314,23086310837.991776,11.96288024880836,10.638267642748987,15.662916655791395,14.406631297405237
962.368210265473,25854201296.946056,22657500049.65059,11.913723029051338,10.440669855623785,15.574670369033235,14.314997264278581
973.9749737964391,26294253664.60495,22213566583.979065,12.116500982481508,10.236103476156394,15.490352458803166,14.220769716133033
985.7217221671224,25713000730.667778,21753629979.420162,11.848657223348676,10.024162784015022,15.407228010994793,14.123840164626928
997.6101436823909,24514444057.15018,21276721224.693043,11.296357344543429,9.804401254788443,15.31633739660651,14.024092593202546
1009.6419470091245,22901135343.641457,20781779937.013866,10.552938008074953,9.576330259698441,15.212237619192607,13.921402653226
1021.8188614217956,24461473359.388897,20267629891.494526,11.27194822764458,9.33940778944541,15.110418845659146,13.815636729484373
1034.1426370510137,22262182220.019398,19732952216.466682,10.258505762578373,9.093026102502666,15.007401512669883,13.706650747853384
1046.6150451350566,20492001154.607815,19176271357.772457,9.442798996689003,8.836505257403465,14.885170975558724,13.594288788698565
1059.2378782744452,21101038574.423225,18595926784.58516,9.72344596197994,8.56908007466602,14.759575884454021,13.47838150159731
1072.0129506895892,19341363852.689487,17990039301.108253,8.912580562767817,8.289884613084872,14.630597949778618,13.35874421910262
1084.9420984815295,19554026663.926228,17356457967.29813,9.010576466897843,7.997927710580119,14.496295690939096,13.235174640928014
1098.027179895836,20614483416.56196,16692692533.643402,9.499239330239966,7.692061849863909,14.372152530915251,13.107449913969605
1111.270075589688,20297984369.213043,15995857543.793848,9.353395258486762,7.370957400700359,14.254966485967433,12.975323107951935
1124.6726889021647,19305194373.124107,15262548260.47212,8.895913516793444,7.033045446051845,14.133387725748841,12.838518789942457
1138.2369461278074,17305789381.270428,14488691279.585773,7.974579416301966,6.6764489444431545,13.998323139950203,12.696727210166536
1151.9647967934795,16058803744.488281,13669367550.487398,7.399963270662899,6.29890117696443,13.848762225647588,12.549596843156408
1165.8582139385567,13846867335.545135,12798519537.346775,6.380693813008608,5.8976108060187,13.683832102539261,12.396724537254698
1179.919194398505,14862952892.3616,11868518596.045658,6.8489102455603525,5.469062520803357,13.516387373833412,12.23764193288747
1194.1497590918812,12929616505.863918,10869492207.613548,5.958020832030449,5.008707023691191,13.347806265698138,12.071796160833669
1208.5519533107824,10447545363.367298,9788294750.664368,4.8142721704309634,4.510486757906816,13.159099082301625,11.898521695555058
1223.1278470148095,16383777059.68943,8606691997.105934,7.5497123201373615,3.965999315630948,12.993993166684692,11.716997321284207
1237.879535128577,8991108664.371525,7297880776.126601,4.143140107912712,3.3628936847521427,12.824412624458398,11.526175155117436
1252.8091378427982,15755002642.970592,5821816946.9076805,7.259970464935423,2.6827173593441564,12.65588069969434,11.324666811890232
1267.918800919016,10633832661.74643,4102456929.928749,4.90011412900585,1.8904291430405415,12.499919753516943,11.110481941089889
1283.210695998004,7310273192.157194,2128259869.6830235,3.3686041613804303,0.9807109618289959,12.301615902720807,10.88120136602136
1298.6870209118815,0.0,0.0,0.0,0.0,12.049833542768845,10.634953992223195
1314.35,0.0,0.0,0.0,0.0,11.764351418630135,10.38299289707269
