R_kpc,Sigma_bar,Sigma_eff,kappa_bar,kappa_eff,kappa_bar_mean,kappa_eff_mean
10.72,13245242677.548548,13729530098.41598,5.533347896443807,5.735664369366821,0.0,0.0
10.794401006338012,13245809148.169216,13731616503.812988,5.533584545865307,5.736535988497986,0.0760165698187623,0.07880028984249426
10.86931838485364,13246384219.791164,13733705368.046219,5.533824788451048,5.737408634835413,0.1509921299139135,0.15653003359581805
10.944755719372424,13246968034.841873,13735796499.411182,5.534068683701697,5.738282228292415,0.22494103103572455,0.23320395155689091
11.02071661859304,13247560738.497948,13737889705.070814,5.534316292266402,5.739156688309156,0.2978774276148501,0.30883656069755777
11.09720471625996,13248162478.751478,13739984791.021439,5.534567675970509,5.740031933838436,0.36981528047527784,0.38344217745121034
11.174223671337256,13248773406.478485,13742081562.058083,5.534822897844158,5.7409078833312,0.44076835951036125,0.45703492046089544
11.251777168183665,13249393675.509527,13744179821.739048,5.535082022151784,5.741784454721738,0.510750246322526,0.5296287132895072
11.329868916728808,13250023442.702501,13746279372.349812,5.53534511442252,5.7426615654126,0.5797743368270761,0.6012372870924934
11.408502652650672,13250662868.01781,13748380014.86613,5.535612241481611,5.74353913225919,0.647853843820691,0.6718741832536719
11.48768213755431,13251312114.595928,13750481548.916454,5.535883471482809,5.744417071554057,0.7150017995150625,0.7415527559846101
11.567411159151815,13251971348.83743,13752583772.743467,5.536158873941811,5.745295299010831,0.7812310580362011,0.8102861748881025
11.64769353144346,13252640740.485731,13754686483.164867,5.536438519770823,5.746173729747839,0.8465542978898174,0.8780874274861467
11.72853309490019,13253320462.712454,13756789475.533285,5.5367224813142215,5.747052278271358,0.9109840243933827,0.9449693217130345
11.809933716647315,13254010692.205685,13758892543.695332,5.537010832385426,5.747930858458512,0.9745325720752352,1.0109444883739147
11.891899290649532,13254711609.261171,13760995479.949738,5.537303648304996,5.748809383539777,1.0372121070412759,1.0760253835693803
11.974433737897163,13255423397.876574,13763098075.004597,5.537601005940008,5.749687766081125,1.0990346293096394,1.140224291086456
12.057541006593748,13256146245.848955,13765200117.933584,5.537902983744779,5.750565917965731,1.1600119751138833,1.2035533247565355
12.1412250723449,13256880344.875597,13767301396.131245,5.538209661802987,5.7514437503752935,1.2201558191750843,1.2660244307806485
12.225489938348515,13257625890.658306,13769401695.267242,5.538521121871246,5.752321173770923,1.279477676943333,1.3276493900225497
12.310339635586235,13258383083.011366,13771500799.239477,5.538837447424202,5.7531980978735575,1.337988906809003,1.388439820269996
12.395778223016297,13259152125.973269,13773598490.126215,5.5391587237012105,5.754074431643961,1.3957007122843108,1.4484071784647257
12.481809787767716,13259933227.92245,13775694548.136982,5.539485037754688,5.75495008326221,1.452624144155559,1.5075627629015265
12.568438445335772,13260726601.69712,13777788751.562326,5.539816478500173,5.755824960106708,1.508770102606453,1.565917715396771
12.6556683397789,13261532464.719486,13779880876.722364,5.5401531367682155,5.75669896873269,1.5641493393129866,1.6234830234269082
12.743503643916922,13262351039.124426,13781970697.914015,5.540495105358141,5.757572014850173,1.6187724595102533,1.6802695222372566
12.831948559530685,13263182551.892967,13784057987.357002,5.540842479093804,5.758444003301408,1.672649924031641,1.7362878969215463
12.921007317563024,13264027234.99067,13786142515.138409,5.541195354881407,5.7593148380377075,1.7257920513207479,1.7915486844725328
13.010684178321187,13264885325.5112,13788224049.155903,5.541553831769474,5.760184422095733,1.7782090194165188,1.8460622758041674
13.100983431680614,13265757065.82536,13790302355.059464,5.54191801101111,5.761052657573149,1.8299108679119158,1.8998389177456272
13.19190939729019,13266642703.735756,13792377196.191587,5.54228799612862,5.7619194456036436,1.8809074998865831,1.9528887150076373
13.283466424778833,13267542492.637438,13794448333.525957,5.542663892980613,5.7627846863313055,1.9312086838138212,2.005221632121395
13.375658893963603,13268456691.684797,13796515525.604452,5.5430458098317255,5.763648278884312,1.9808240554423548,2.056847495350544
13.468491215059199,13269385565.964977,13798578528.472485,5.543433857425071,5.764510121347911,2.029763119653187,2.1077759945764836
13.561967828888964,13270329386.678164,13800637095.612566,5.543828149057552,5.765370110736672,2.078035252291995,2.1580166851574343
13.656093207097273,13271288431.325087,13802690977.876055,5.5442288006581935,5.7662281429659705,2.1256497019773657,2.2075789897615343
13.750871852363478,13272262983.902065,13804739923.413008,5.544635930869626,5.767084112822683,2.1726155918853256,2.2564722001743953
13.846308298617284,13273253335.104021,13806783677.600067,5.545049661132898,5.767937913935062,2.2189419215104795,2.3047054790814
13.942407111255669,13274259782.535843,13808821982.966284,5.545470115775771,5.768789438741744,2.2646375684041598,2.3522878618251113
14.039172887361236,13275282630.932499,13810854579.116821,5.5458974221046775,5.769638578459883,2.3097112898899055,2.3992282581380744
14.136610255922143,13276322192.388409,13812881202.654419,5.546331710500543,5.770485223052335,2.3541717247566942,2.445535453851401
14.234723878053567,13277378786.596542,13814901587.098587,5.546773114518673,5.7713292611939,2.3980273949302595,2.4912181125794253
14.333518447220628,13278452741.097729,13816915462.80235,5.547221770992902,5.772170580236548,2.4412867071228157,2.5362847773807173
14.432998689462947,13279544391.540743,13818922556.866512,5.5476778201442505,5.773009066173595,2.483957954461617,2.5807438723958187
14.533169363620706,13280654081.953764,13820922593.051313,5.548141405694329,5.773844603602799,2.526049318096653,2.6246037044619706
14.634035261562323,13281782165.027815,13822915291.685345,5.5486126749837466,5.774677075688309,2.5675688687878604,2.667872464705156
14.735601208413646,13282929002.412798,13824900369.571638,5.549091779095785,5.775506364121432,2.608524568472173,2.7105582301097138
14.837872062788794,13284094965.026892,13826877539.8908,5.549578872985651,5.776332349080167,2.6489242718108046,2.7526689650658667
14.940852717022569,13285280433.380066,13828846512.101028,5.55007411561563,5.777154909187434,2.688775727717079,2.7942125228954215
15.044548097404519,13286485797.912376,13830806991.834938,5.550577670096411,5.777973921467974,2.7280865808651855,2.8351966473559203
15.148963164414548,13287711459.348099,13832758680.79297,5.55108970383503,5.778789261303819,2.7668643731801636,2.875628974123525
15.25410291296024,13288957829.066406,13834701276.633327,5.551610388689728,5.77960080238831,2.805116545309529,2.9155170322549093
15.359972372615822,13290225329.489738,13836634472.85817,5.552139901132189,5.780408416678554,2.8428504380768644,2.954868245628451
15.466576607862713,13291514394.490744,13838557958.695997,5.5526784224175545,5.7812119743462915,2.8800732939176856,2.9936899343649093
15.573920718331829,13292825469.819014,13840471418.97997,5.553226138762689,5.782011343727058,2.9167922582980164,3.0319893162279454
15.682009839047527,13294159013.548779,13842374534.022032,5.553783241533211,5.7828063912676,2.953014381115964,3.0697735080046744
15.790849140673242,13295515496.548773,13844266979.482565,5.55434992743979,5.783596981471427,2.9887466180866746,3.107049526866517
15.900443829758858,13296895402.975748,13846148426.23546,5.554926398744309,5.7843829768424335,3.0239958321110416,3.1438242917106005
16.010799148989744,13298299230.792974,13848018540.228283,5.555512863476479,5.785164237826487,3.05876879462849,3.1801046244819284
16.121920377437554,13299727492.315414,13849876982.337336,5.556109535661593,5.785940622750881,3.093072186954249,3.215897251476592
16.2338128308128,13301180714.783209,13851723408.217415,5.5567166355600985,5.786711987761565,3.126912601601466,3.2512088046262173
16.346481861719088,13302659440.965275,13853557468.145857,5.557334389919769,5.787478186757994,3.1602965435885206,3.286045822763891
16.459932859909195,13304164229.795006,13855378806.860765,5.557963032241265,5.788239071325548,3.1932304317319407,3.320414752871776
16.574171252542893,13305695657.040192,13857187063.392944,5.558602803058003,5.788994490665318,3.225720599925314,3.3543219513106606
16.689202504446598,13307254316.009375,13858981870.891357,5.559253950231246,5.78974429152119,3.2577732984045777,3.3877736850316222
16.805032118374744,13308840818.297167,13860762856.44166,5.559916729261466,5.790488318104038,3.2893946950000728,3.4207761327700164
16.921665635273033,13310455794.571089,13862529640.877491,5.560591403617056,5.791226412012883,3.320590876375815,3.453335386222006
17.039108634543517,13312099895.402885,13864281838.584164,5.561278245081621,5.791958412152888,3.3513678492563863,3.485457451203836
17.157366734311495,13313773792.1473,13866019057.294243,5.561977534121095,5.792684154649956,3.381731541641869,3.517148248794018
17.276445591694245,13315478177.871763,13867740897.874668,5.562689560272126,5.793403472761799,3.4116878040112755,3.548413616458627
17.396350903071657,13317213768.340515,13869446954.104898,5.563414622553215,5.794116196785253,3.4412424105149557,3.5792593091598937
17.51708840435876,13318981303.057165,13871136812.445545,5.564153029900243,5.794822153959624,3.4704010601564277,3.6096910004482794
17.638663871280045,13320781546.369942,13872810051.797009,5.564905101628209,5.795521168365857,3.499169377964132,3.6397142835381637
17.761083119645825,13322615288.64419,13874466243.247524,5.565671167921055,5.7962130608212785,3.5275529161536414,3.669334672367372
17.884352005630408,13324483347.507278,13876104949.809935,5.566451570351735,5.796897648769627,3.5555571552808254,3.6985576026406384
18.008476426052237,13326386569.171278,13877725726.146606,5.5672466624347825,5.797574746166139,3.5831875053865527,3.727388432857214
18.13346231865603,13328325829.839468,13879328118.281723,5.568056810213892,5.79824416335735,3.6104493071335018,3.7558324453227367
18.25931566239674,13330302037.203106,13880911663.300198,5.568882392887214,5.798905706955321,3.6373478329356708,3.7838948471454916
18.386042477725624,13332316132.03566,13882475889.032352,5.569723803473359,5.7995591797059,3.6638882880812567,3.811580771217242
18.513648826878256,13334369089.892199,13884020313.723553,5.570581449521341,5.8002043803507135,3.690075811849565,3.838895277178728
18.642140814164478,13336461922.922474,13885544445.687716,5.571455753868011,5.800841103482416,3.715915478622634,3.8658433523699403
18.77152458626044,13338595681.807013,13887047782.94376,5.572347155446881,5.801469139392809,3.7414122989923646,3.892429912765324
18.901806332502645,13340771457.826433,13888529812.833838,5.573256110152603,5.802088273913359,3.7665712208639346,3.9186598038939873
19.032992285184022,13342990385.07519,13889990011.622131,5.574183091765789,5.802698288247584,3.7913971305563474,3.944537801745021
19.165088719852054,13345253642.832066,13891427844.072937,5.575128592943306,5.803298958794798,3.815894853901006,3.9700686136580177
19.29810195560898,13347562458.101065,13892842763.006601,5.5760931262797655,5.803890056964597,3.8400691573393013,3.9952568791988776
19.43203835541409,13349918108.337502,13894234208.831768,5.577077225446377,5.804471348981447,3.863924749020236,4.020107171020959
19.566904326388123,13352321924.375992,13895601609.052315,5.578081446414149,5.805042595678707,3.8874662798992006,4.044623995711653
19.702706320119734,13354775293.578426,13896944377.747131,5.579106368768988,5.805603552281297,3.9106983448390755,4.068811794624406
19.839450832974126,13357279663.222206,13898261915.02075,5.580152597127176,5.806153968176192,3.9336254837149807,4.092674944696245
19.977144406403863,13359836544.151047,13899553606.422798,5.5812207626605295,5.806693586669893,3.9562521825240555,4.1162177592508495
20.11579362726172,13362447514.713242,13900818822.333797,5.582311524741656,5.807222144731841,3.9785828745017446,4.139444488787133
20.25540512811583,13365114225.014923,13902056917.314852,5.583425572720803,5.807739372722736,4.000621941246289,4.162359321753376
20.39598558756694,13367838401.519041,13903267229.418407,5.584563627847128,5.808244994106601,4.02237371385315,4.184966385306888
20.537541730567916,13370621852.02436,13904449079.457035,5.585726445348734,5.808738725145311,4.043842474061363,4.207269746059146
20.68008032874545,13373466471.062637,13905601770.226912,5.586914816687397,5.809220274574191,4.065032455413891,4.229273410806374
20.823608200723953,13376374245.756786,13906724585.682285,5.588129572005884,5.809689343257139,4.085947844434367,4.250981327245481
20.968132212451774,13379347262.188051,13907816790.05691,5.589371582787907,5.810145623819597,4.106592781822731,4.272397384675288
21.113659277529653,13382387712.325836,13908877626.92804,5.59064176475314,5.810588800257526,4.126971363672635,4.293525414682904
21.260196357541417,13385497901.580875,13909906318.218008,5.591941081012636,5.811018547520299,4.14708764271366,4.314369191815116
21.407750462387014,13388680257.049877,13910902063.128014,5.593270545513123,5.811434531065283,4.166945629581817,4.33493243423465
21.556328650617846,13391937336.528564,13911864036.998127,5.5946312268023,5.811836406381591,4.186549294122131,4.355218804361061
21.705938029774458,13395271838.380356,13912791390.086876,5.596024252151588,5.812223818480245,4.205902566727515,4.375231909496066
21.856585756726485,13398686612.35933,13913683246.26295,5.597450812077546,5.812596401347615,4.225009339718624,4.394975302433017
22.008279038015058,13402184671.499626,13914538701.600964,5.598912165308802,5.8129537773587865,4.243873468769963,4.414452482050213
22.161025130197515,13405769205.199131,13915356822.871944,5.6004096442519025,5.813295556646945,4.262498774388047,4.433666893887714
22.31483134019459,13409443593.643097,13916136645.918488,5.601944661016948,5.8136213364245775,4.2808890434482265,4.452621930707227
22.46970502563988,13413211423.734543,13916877173.903027,5.603518714072692,5.813930700251671,4.2990480307975005,4.471320933034608
22.62565359523183,13417076506.722652,13917577375.4164,5.6051333956109985,5.814223217245541,4.316979460931623,4.4897671896844535
22.782684509088224,13421042897.749102,13918236182.432343,5.606790399712545,5.814498441226299,4.334687029755891,4.507963938266211
22.940805279102925,13425114917.565794,13918852488.091557,5.608491531419642,5.814755909791127,4.352174406440127,4.525914365671057
23.100023469305313,13429297176.717138,13919425144.297075,5.610238716838653,5.814995143309706,4.369445235379949,4.543621608538885
23.260346696222104,13433594602.526665,13919952959.100058,5.612034014413953,5.815215643832112,4.386503138277954,4.561088753704429
23.42178262924168,13438012469.283062,13920434693.852486,5.613879627538484,5.815416893899316,4.403351716360379,4.5783188386216045
23.58433899098102,13442556432.086723,13920869060.099834,5.615777918693525,5.815598355245067,4.419994552747106,4.595314851764932
23.748023557655067,13447232564.896112,13921254716.183031,5.617731425342987,5.815759467376317,4.436435214995447,4.612079733006763
23.912844159448742,13452047403.407473,13921590263.514698,5.619742877846889,5.815899646017587,4.452677257841246,4.628616373968897
24.078808680891562,13457007993.514389,13921874242.48923,5.621815219705884,5.816018281402353,4.468724226164483,4.644927618346939
24.245925061234733,13462121946.230097,13922105127.980343,5.62395163050566,5.816114736392093,4.484579658210856,4.661016262205534
24.414201294830978,13467397500.120905,13922281324.372356,5.626155551999206,5.816188344400556,4.500247089105935,4.676885054242375
24.583645431517002,13472843592.500607,13922401160.063004,5.628430717849065,5.816238407097247,4.515730054704582,4.692536696018545
24.754265576998506,13478469940.882168,13922462881.365181,5.6307811876546925,5.816264191859813,4.531032095825596,4.7079738421523984
24.926069893237973,13484287136.486115,13922464645.72297,5.633211386016619,5.816264928939963,4.546156762930372,4.723199100473831
25.099066598845113,13490306751.979721,13922404514.142506,5.635726147545708,5.816239808301378,4.561107621314898,4.738215032135224
25.27326396946999,13496541466.086525,13922280442.720495,5.638330768920165,5.816187976080655,4.575888256897334,4.753024151674821
25.44867033819898,13503005208.287569,13922090273.131748,5.641031069336097,5.816108530613367,4.590502282699062,4.76762892702763
25.6252940959533,13509713327.56743,13921831721.910713,5.643833461003048,5.816000517956305,4.604953346136403,4.782031779478108
25.803143691890455,13516682790.08368,13921502368.329853,5.646745031722625,5.815862926823534,4.6192451372638565,4.796235083547926
25.982227633808453,13523932411.817951,13921099640.638008,5.64977364208107,5.815694682837314,4.633381398139294,4.810241166811019
26.16255448855273,13531483133.779833,13920620800.372261,5.652928040418764,5.815494641974213,4.647365933518184,4.824052309626615
26.344132882425992,13539358349.291197,13920062924.395369,5.656217999556901,5.815261583061035,4.6612026231303005,4.837670744779378
26.52697150160088,13547584295.427925,13919422884.232838,5.65965448032664,5.8149941991426575,4.674895435850788,4.851098657013607
26.711079092535464,13556190524.047325,13918697322.185083,5.6632498283460615,5.81469108750262,4.688448446152232,4.864338182445983
26.896464462391698,13565210472.27479,13917882623.564001,5.667018012347331,5.814350738064641,4.701865853320344,4.8773914078381155
27.08313647945667,13574682158.278109,13916974884.240114,5.6709749148441855,5.813971519835075,4.715152004040454,4.890260369706253
27.27110407356685,13584649036.218761,13915969872.47454,5.675138689297372,5.813551664957794,4.728311419125156,4.902947053240515
27.460376236535325,13595161055.3047,13914862983.73075,5.679530202545759,5.813089249836293,4.74134882536907,4.915453390999712
27.650962022581837,13606275983.161396,13913649186.789713,5.684173587659361,5.812582172622692,4.754269193805018,4.92778126133971
27.842870548765987,13618061075.208801,13912322958.992672,5.689096941340184,5.812028126164684,4.767077786025844,4.93993248652285
28.03611099542337,13630595202.31159,13910878207.754864,5.694333212771853,5.811424565217012,4.779780210770059,4.951908830442139
28.230692606604688,13643971593.202698,13909308174.552584,5.69992134929764,5.810768666330998,4.792382493711014,4.963711995875817
28.426624690517976,13658301413.257374,13907605316.26649,5.7059077914932494,5.810057278284385,4.804891164434425,4.975343621163424
28.623916619973897,13673718498.737453,13905761156.88093,5.71234845095018,5.809286860127072,4.817313366086857,4.986805276161173
28.82257783283409,13690385714.864506,13903766099.803585,5.7193113664317154,5.808453402775556,4.829656995363628,4.998098457288411
29.02261783246268,13708503639.673265,13901609187.012554,5.726880331649575,5.807552328393937,4.841930883759791,5.0092245814119165
29.224046188180846,13728322650.629314,13899277785.081583,5.735159944583292,5.806578359227455,4.854145035966167,5.02018497822139
29.4268725357246,13750160110.533226,13896757168.549326,5.7442827870834,5.805525343550351,4.866310949039029,5.030980880612184
29.631106577705783,13774425406.259407,13894029955.732344,5.754419885083926,5.804386019970453,4.878442048427512,5.041613412384223
29.836758084076134,13801657465.016705,13891075326.607067,5.765796381438798,5.80315169069064,4.8905542976375616,5.052083572244486
30.043836892594705,13832582828.868753,13887867908.482197,5.778715797200621,5.801811755986058,4.902667074024113,5.06239221258408
30.25235290929845,13868209076.24271,13884376135.980448,5.793599059498186,5.800353029068192,4.914804467623399,5.072540010638009
30.462316108976086,13909982186.43197,13880559740.961859,5.81105024231309,5.798758687472329,4.926997282412044,5.082527428123718
30.673736535645343,13960066947.455086,13876365720.798115,5.831973709991105,5.797006588759179,4.939286267490587,5.092354652647197
30.886624303033315,14021883043.818464,13871721453.464973,5.8577980738858075,5.795066394267921,4.95172764936478,5.102021508560219
31.10098959506033,14101227487.004084,13866521950.487679,5.890945100216994,5.792894243891942,4.9644033531939575,5.111527312649738
31.31684266632717,14208931336.02317,13860603432.830511,5.935939584721144,5.790421717111903,4.977441943193229,5.120870619271671
31.534193842605518,14368361473.564625,13853678143.378998,6.002543303329494,5.787528600182928,4.991068473438484,5.130048705719984
31.753053521331974,14643523302.288568,13845654936.18126,6.11749522706677,5.784176815866768,5.00575602596465,5.139057801373774
31.973432172105465,15325592351.30352,13838607009.235685,6.402437181659543,5.781232465756469,5.02299263635002,5.147899896424067
32.195340337188,12980711696.829834,13835459991.640245,5.422837128061643,5.779917764046902,5.035190950797798,5.156591306407416
32.41878863200904,12984202087.559822,13834732388.576866,5.424295277728942,5.779613799749818,5.040526330605523,5.165152222960623
32.64378774567329,12987760214.692991,13833994698.330988,5.425781725034356,5.7793056214197085,5.045808641606449,5.173591328251347
32.87034844147202,12991387874.843739,13833246786.884283,5.427297220533594,5.778993173068923,5.0510390067537685,5.1819102373977834
33.09848155739801,12995086935.839334,13832488517.598154,5.428842544532338,5.778676397615163,5.056218544089882,5.190110542553598
33.32819800666392,12998859340.796268,13831719751.126125,5.430418508789178,5.778355236844884,5.061348367234287,5.198193813208109
33.55950877822438,13002707112.505497,13830940345.321554,5.4320259583476025,5.778029631374739,5.066429585889051,5.206161596481827
33.79242493730173,13006632358.155632,13830150155.14022,5.433665773509164,5.777699520610889,5.07146330636349,5.214015417417421
34.02695762591525,13010637274.426207,13829349032.537422,5.4353388719612425,5.777364842706006,5.076450632119792,5.221756779266062
34.263118063414204,13014724152.98706,13828536826.359129,5.437046211074482,5.777025534513808,5.081392664341568,5.229387163769273
34.50091754701461,13018895386.443844,13827713382.226849,5.438788790386584,5.776681531540959,5.086290502527423,5.236908031436233
34.74036745233946,13023153474.774384,13826878542.415417,5.440567654291177,5.77633276789601,5.091145245111909,5.244320821816603
34.981479233963185,13027501032.306133,13826032145.723522,5.44238389495272,5.775979176235316,5.095957990116443,5.251626953768886
35.224264425959376,13031940795.29071,13825174027.336004,5.444238655470855,5.775620687705504,5.100729835833071,5.258827825724326
35.4687346424526,13036475630.138895,13824304018.677431,5.446133133320661,5.775257231882308,5.105461881544155,5.265924815946355
35.71490157817409,13041108542.386915,13823421947.256165,5.448068584098428,5.77488873670542,5.110155228281604,5.272919282785643
35.96277700902103,13045842686.474426,13822527636.498007,5.450046325606517,5.774515128409001,5.1148109796294285,5.279812564930678
36.21237279261995,13050681376.42457,13821620905.568554,5.452067742315065,5.77413633144746,5.119430242573993,5.286605981653945
36.46370086889405,13055628097.52896,13820701569.183285,5.454134290243528,5.773752268416121,5.124014128406788,5.293300833053662
36.71677326063414,13060686519.153917,13819769437.404013,5.456247502310622,5.7733628599661895,5.128563753685069,5.299898400291055
36.97160207407404,13065860508.800674,13818824315.420715,5.458408994208134,5.772968024713602,5.133080241256415,5.306399945823174
37.22819949946953,13071154147.570663,13817866003.317041,5.460620470861718,5.772567679141075,5.137564721353958,5.312806713631211
37.48657781168153,13076571747.208725,13816894295.818014,5.462883733550884,5.772161737492697,5.142018332769849,5.319119929444282
37.74674937076336,13082117868.922413,13815908982.018162,5.465200687770974,5.771750111660352,5.146442224115543,5.325340800958626
38.00872662255193,13087797344.204994,13814909845.08791,5.4675733519322005,5.771332711061068,5.150837555178538,5.331470518052181
38.27252209926313,13093615297.92452,13813896661.956032,5.470003867005368,5.770909442504352,5.1552054983865006,5.337510252994444
38.53814842009139,13099577173.982096,13812869202.965626,5.472494507240897,5.770480210048469,5.159547240391203,5.343461160651567
38.80561829181326,13105688763.890621,13811827231.50049,5.475047692107912,5.770044914844362,5.163863983786341,5.349324378686556
39.074944509395294,13111956238.682503,13810770503.578749,5.477665999624048,5.769603454965882,5.168156948975365,5.355101027754498
39.34613995660623,13118386184.622446,13809698767.409933,5.480352181274864,5.769155725224749,5.1724273762077315,5.360792211692657
39.61921760663305,13124985643.282698,13808611762.910883,5.483109178755724,5.768701616968323,5.176676527804688,5.3663990177053105
39.89419052270191,13131762156.63485,13807509221.175997,5.485940142809399,5.768241017858288,5.180905690598931,5.371922516543119
40.17107185870278,13138723817.929113,13806390863.895603,5.488848454481459,5.767773811627674,5.185116178616187,5.3773637626768584
40.44987485981881,13145879329.27268,13805256402.716202,5.491837749174263,5.76729987781359,5.18930933603125,5.382723794465256
40.73061286315996,13153238066.98973,13804105538.534805,5.494911943951845,5.766819091462426,5.193486540436257,5.388003634316652
41.01329929840092,13160810156.053555,13802937960.71856,5.498075268634753,5.7663313228038415,5.197649206465297,5.393204288844183
41.29794768842358,13168606555.136133,13801753346.239256,5.501332301330465,5.765836436889198,5.201798789826957,5.398326749014113
41.58457164996401,13176639154.13372,13800551358.71083,5.50468800917579,5.765334293189465,5.205936791805512,5.403371990286867
41.873184894263666,13184920886.414555,13799331647.315353,5.508147795229596,5.764824745146539,5.210064764302362,5.408340972750291
42.16380122772549,13193465858.51648,13798093845.601135,5.511717552655446,5.764307639671137,5.214184315502648,5.413234641244559
42.45643455257425,13202289500.625013,13796837570.132824,5.515403727585483,5.763782816578864,5.218297116268216,5.418053925478012
42.75109886752156,13211408741.920397,13795562418.969921,5.519213392373619,5.763250107954593,5.2224049073779515,5.422799740133202
43.04780826843569,13220842215.842455,13794267969.94557,5.523154331347222,5.762709337433409,5.226509507761115,5.42747298496214
43.34657694901567,13230610501.546293,13792953778.711369,5.527235141677924,5.76216031938381,5.2306128238998175,5.432074544869695
43.647419201470385,13240736409.394268,13791619376.507107,5.531465352649078,5.761602857975989,5.234716860614839,5.436605289983843
43.95034941720233,13251245320.364323,13790264267.605354,5.5358555674473795,5.76103674611428,5.2388237334969805,5.441066075711209
44.2553820874959,13262165591.909634,13788887926.36918,5.540417632715256,5.760461764207993,5.242935683306856,5.445457742776046
44.56253180421071,13273529046.298216,13787489793.847368,5.54516484256019,5.759877678749021,5.247055092743607,5.44978111724051
44.871813260479655,13285371562.101807,13786069273.812832,5.550112185655797,5.759284240656846,5.2511845060828675,5.45403701050346
45.18324125141163,13297733795.728449,13784625728.125912,5.5552766466701105,5.758681183341507,5.255326652313974,5.458226219274623
45.49683067479952,13310662068.333038,13783158471.273682,5.560677576782362,5.75806822042233,5.259484472576435,5.462349525520132
45.812596531832654,13324209465.01356,13781666763.894726,5.5663371528844685,5.7574450430228366,5.263661152920755,5.466407696374543
46.130553927814496,13338437209.267822,13780149805.044685,5.572280951775667,5.756811316539585,5.267860163720133,5.470401484013267
46.45071807288533,13353416398.289568,13778606722.883919,5.578538675101824,5.756166676751837,5.272085307467821,5.474331625477848
46.773104282749685,13369230216.945766,13777036563.367636,5.585145074269153,5.755510725096739,5.276340777255105,5.478198842444415
47.097727979409115,13385976795.05614,13775438276.379536,5.592141144104607,5.754843022876492,5.280631229004405,5.482003840923072
47.424604691899994,13403772941.598938,13773810698.553036,5.599575682862007,5.754163084081726,5.28496187163315,5.485747310872275
47.75375005703614,13422759093.192993,13772152531.742481,5.607507359505622,5.75347036639761,5.289338580906197,5.489429925707416
48.085179820157165,13443105973.413322,13770462315.696636,5.61600749571356,5.752764259787901,5.293768045049978,5.4930523416758925
48.41890983588141,13465023709.581318,13768738392.874054,5.625163874518575,5.752044071796168,5.298257953660438,5.496615197061315
48.7549560688645,13488774556.784803,13766978862.407927,5.635086055909402,5.751309008314094,5.302817246724265,5.500119111165474
49.09333459456311,13514691047.81583,13765181518.767117,5.645912959169757,5.750558147956442,5.3074564488663905,5.503564682996025
49.4340616000038,13543202534.87447,13763343768.30437,5.6578239509712,5.749790407198134,5.312188127332509,5.506952489556519
49.77715338455746,13574875131.557676,13761462512.949306,5.671055531584593,5.7490044917857075,5.317027534589155,5.510283083586359
50.12262636071909,13610473862.371855,13759533983.467712,5.685927298532328,5.748198827079518,5.321993535269856,5.51355699051912
50.470497054892746,13651063259.542116,13757553492.254168,5.702883972027688,5.747371454780106,5.327109987772359,5.516774704294007
50.82078210818224,13698178093.061062,13755515051.615486,5.722566719357434,5.746519873461843,5.332407886149427,5.5199366814188116
51.173498277187264,13754130446.785925,13753410753.892029,5.745941439347226,5.7456407796116915,5.337928845001804,5.523043332237981
51.5286624348047,13822603814.099329,13751229697.899483,5.774546952451813,5.744729619138291,5.343731125274353,5.526095007456782
51.88629157103615,13909916684.358742,13748955963.317131,5.811022878091238,5.743779741150049,5.349900914569036,5.529091975948016
52.246402793800385,14028079516.334423,13746564296.035309,5.860386719409054,5.742780595460911,5.356575868216521,5.532034384647404
52.60901332975184,14203716481.885023,13744008997.477085,5.933761021226457,5.741713090980536,5.364002758298873,5.534922174669199
52.974140525104765,14513474615.578629,13741322915.891462,6.063165937331558,5.740590950431411,5.3727218018767156,5.537755251841789
53.341801846462886,15356662445.308098,13738846016.7145,6.415417060057239,5.739556198167206,5.384634759915744,5.540534596130675
53.71201488165499,12761775098.214834,13736889435.57112,5.331373921467901,5.738738814566352,5.391323410986374,5.543263042099447
54.084797340576415,12769587872.019745,13735202346.806047,5.334637794886549,5.738034014413075,5.390522345105416,5.545943552855625
54.46016705603593,12777589644.678102,13733499820.463894,5.337980624684753,5.737322765039746,5.389777665959488,5.548577513101643
54.83814198460918,12785787777.016817,13731781671.483334,5.341405485930073,5.736604989134932,5.389089704796489,5.55116547320025
55.2187402074974,12794190100.954235,13730047711.729965,5.344915650493774,5.735880608103388,5.3884588319143,5.553707974882599
55.60197993139243,12802804963.595955,13728297749.891174,5.348514605472343,5.735149542022134,5.387885458954925,5.556205551348898
55.98787948934779,12811641276.769049,13726531591.362892,5.352206073880962,5.73441170959315,5.38737004143582,5.558658727367036
56.37645734165552,12820708572.826286,13724749038.127056,5.3559940379663455,5.7336670280921815,5.3869130815488,5.561068019369176
56.76773207672929,12830017067.704105,13722949888.618813,5.359882765549914,5.732915413313261,5.386515131261627,5.563433935546294
57.16172241199377,12839577732.402626,13721133937.58208,5.363876839889362,5.732156779508372,5.386176795763154,5.565756975940624
57.558447194779816,12849402374.28109,13719300975.911861,5.36798119364074,5.731391039321569,5.3858987372996125,5.568037632535964
57.957925403226135,12859503729.838137,13717450790.481552,5.372201147618447,5.730618103716833,5.385681679457834,5.5702763893457945
58.36017614718731,12869895570.98591,13715583163.953281,5.376542455192425,5.729837881898847,5.385526411960951,5.572473722499138
58.76521866914757,12880592827.247707,13713697874.568405,5.3810113533375885,5.729050281225462,5.385433796053979,5.574630100324108
59.173072345141776,12891611726.832914,13711794695.915771,5.385614621569455,5.728255207110892,5.385404770571072,5.576745983429038
59.583756685681934,12902969960.198866,13709873396.67377,5.390359650273938,5.727452562917956,5.385440358793807,5.578821824781081
59.997291336690665,12914686870.536695,13707933740.322325,5.39525452028493,5.726642249837751,5.385541676231464,5.580858069782175
60.4136960804411,12926783676.667435,13705975484.819801,5.400308096001642,5.725824166754687,5.385709939480959,5.582855156342207
60.832990836503,12939283735.17564,13703998382.238707,5.405530134897845,5.724998210094285,5.385946476357244,5.584813514949202
61.255195662695776,12952212850.333687,13702002178.353037,5.4109314169962035,5.724164273650798,5.386252737526564,5.586733568736307
61.68033075604808,12965599642.608934,13699986612.168432,5.416523898816256,5.723322248390919,5.386630309927221,5.5886157335453275
62.10841645376366,12979475989.475029,13697951415.383972,5.422320897528252,5.722472022228946,5.38708093232908,5.59046041798651
62.53947323419466,12993877556.114521,13695896311.77258,5.428337312660094,5.721613479767934,5.387606513467962,5.592268023494164
62.973521717820894,13008844438.751028,13693821016.462755,5.434589894856525,5.720746501999638,5.388209153300962,5.59403894437768
63.410582668236394,13024421950.282867,13691725235.10086,5.441097574086339,5.719870965954542,5.388891168071625,5.595773567867396
63.85067699314278,13040661587.325079,13689608662.86713,5.447881863634982,5.7189867442907865,5.389655120061915,5.597472274154589
64.29382574534922,13057622230.757896,13687470983.311106,5.454967361647064,5.718093704807663,5.390503853157729,5.599135436424754
64.74005012377967,13075371649.99413,13685311866.962383,5.462382379550842,5.717191709865236,5.391440535690353,5.600763420883102
65.18937147448699,13093988406.785633,13683130969.659035,5.470159737394613,5.716280615686018,5.3924687124728825,5.602356586770923
65.64181129167396,13113564291.132256,13680927930.517162,5.478337781474848,5.715360271506735,5.39359236857995,5.603915286371072
66.09739121872154,13134207475.441551,13678702369.439575,5.486961702021609,5.714430518537546,5.394816008299222,5.605439865000443
66.55613304922439,13156046652.63523,13676453884.024857,5.496085261938675,5.713491188670771,5.396144753933326,5.606930660986482
67.01805872803301,13179236544.322165,13674182045.6848,5.505773097904276,5.712542102858902,5.397584470938272,5.608388005624029
67.48319035230406,13203965351.44827,13671886394.7018,5.516103832963192,5.711583069049784,5.399141928547615,5.609812223107407
67.95155017255695,13230465015.032475,13669566433.840221,5.5271743630636845,5.71061387951768,5.400825009041064,5.61120363043092
68.42316059373846,13259025635.13535,13667221619.948017,5.5391058807424995,5.709634307354765,5.40264298499839,5.612562537248261
68.89804417629456,13290016202.534252,13664851352.701923,5.552052536013452,5.7086441017692975,5.4046068936725655,5.613889245677431
69.37622363724952,13323915198.011698,13662454959.189095,5.56621421956151,5.707642981644429,5.406730053613027,5.615184050031765
69.85772185129261,13361357144.511896,13660031672.240114,5.581856010425548,5.706630626486577,5.409028795737538,5.616447236448153
70.34256185187259,13403205983.811422,13657580599.057404,5.599338829921121,5.7056066633195925,5.411523528765087,5.6176790823681015
70.83076683229916,13450675704.404282,13655100674.14458,5.619169835285221,5.704570647020475,5.414240347180837,5.618879855800659
71.3223601468529,13505538989.37981,13652590585.557318,5.642089584655002,5.703522029509845,5.417213562847855,5.6200498142485165
71.81736531190215,13570511489.54225,13650048652.95874,5.66923257145055,5.702460108808228,5.420489904981138,5.621189203086834
72.31580600702806,13650018255.478502,13647472611.548763,5.702447409921734,5.701383938770119,5.424135968186234,5.6222982529934615
72.81770607615746,13751891589.319752,13644859192.108315,5.745006131663367,5.700292153642781,5.428252638730583,5.623377175587347
73.32308952870332,13891722357.99115,13642203190.454514,5.803421995269817,5.699182579320755,5.433006707154837,5.624426155246523
73.83198054071333,14106749126.78968,13639494960.211502,5.893251826838496,5.698051185922909,5.438714482550074,5.62544533115807
74.34440345602653,14520978272.342535,13636757527.97062,6.066300673657724,5.696907593064665,5.446151485055796,5.626434879315968
74.86038278743769,16223660794.16727,13634064014.353832,6.777615292786642,5.6957823477016065,5.459573624017023,5.62739524968979
75.37994321786994,12563206794.784546,13631424491.164314,5.24841979742238,5.694679657441874,5.467140293102223,5.628327124164134
75.90310960155576,12576455841.372915,13628782604.545362,5.253954734445006,5.693575979833128,5.464173747543833,5.629231041789777
76.42990696522551,12590095725.50588,13626115478.143393,5.259652948212189,5.692461758023443,5.461325117375179,5.630107307191879
76.96036050930512,12604147335.143503,13623422816.65417,5.265523164902276,5.691336868646181,5.458595085898234,5.630956154543357
77.4944956091212,12618633471.989899,13620704320.902634,5.271574910181543,5.690201186717624,5.45598445241532,5.631777813094244
78.03233781611512,12633579108.467794,13617959687.775507,5.277818616558184,5.689054585608816,5.453494142358556,5.632572507216911
78.57391285906536,12649011690.251886,13615188610.150623,5.2842657497689975,5.687896937016049,5.451125218886074,5.633340456450276
79.11924664531813,12664961494.436466,13612390776.82222,5.2909289584079024,5.686728110929641,5.448878896215429,5.634081875542966
79.66836526202677,12681462056.101246,13609565872.421854,5.297822252128577,5.685547975600907,5.44675655502627,5.63479697449547
80.22129497739985,12698550679.574484,13606713577.334091,5.304961215230328,5.684356397506936,5.444759760343421,5.635485958601236
80.77806224195737,12716269055.38504,13603833567.605745,5.3123632643967,5.6831532413126675,5.442890282412742,5.636149028486696
81.33869368979653,12734664010.186129,13600925514.84789,5.320047961984485,5.6819383698299655,5.44115012121383,5.636786380150203
81.9032161398656,12753788425.458555,13597989086.128769,5.328037399822251,5.680711643972873,5.439541535425768,5.637398204999846
82.47165659724669,12773702372.486471,13595023943.85561,5.336356673359125,5.6794729227082446,5.438067076890206,5.637984689890097
83.044042254448,12794474527.316025,13592029745.643196,5.345034472779558,5.678222063000836,5.436729631920845,5.638546017157241
83.62040049270428,12816183952.216545,13589006144.1654,5.354103827228602,5.676958919751282,5.435532471221251,5.639082364653503
84.20075888328677,12838922362.715057,13585952786.985626,5.3636030518908795,5.675683345725264,5.434479310738977,5.63959390577982
84.78514518882228,12862797046.46763,13582869316.360416,5.373576967381646,5.67439519147146,5.433574386571214,5.640080809517085
85.37358736462106,12887934669.844803,13579755369.008081,5.384078489990322,5.673094305224891,5.432822548149047,5.640543240455748
85.96611356001411,12914486312.761242,13576610575.83185,5.395170735036752,5.671780532791265,5.432229375524373,5.64098135882355
86.56275211970004,12942634232.937468,13573434561.582602,5.406929842717005,5.670453717406075,5.43180132892047,5.641395320511112
87.16353158510051,12972601113.209473,13570226944.439434,5.419448841270135,5.669113699559378,5.431545942198205,5.641785277095002
87.76848069572613,13004662952.538582,13566987335.477846,5.432843032341362,5.667760316773626,5.43147207722699,5.642151375857743
88.37762839055078,13039167437.119043,13563715337.979021,5.447257665717223,5.666393403315107,5.431590264522889,5.642493759804062
88.99100380939623,13076560787.473257,13560410546.510883,5.462879154999122,5.665012789810048,5.431913169045734,5.642812567672268
89.60863629432617,13117428143.45853,13557072545.671337,5.479951948890444,5.663618302719589,5.432456242655434,5.643107933939233
90.23055539104956,13162556394.442137,13553700908.315601,5.498804779203142,5.662209763599234,5.433238664005698,5.6433799888166325
90.85679085033419,13213035893.130053,13550295192.967232,5.519893152944439,5.660786988017271,5.434284738073792,5.643628858234668
91.48737262943006,13270433161.784826,13546854939.879454,5.543871502266106,5.659349783909358,5.435626064622014,5.643854663807308
92.12233089350185,13337101779.752548,13543379664.745054,5.5717230611972095,5.657897948950751,5.437305065922125,5.644057522768609
92.76169601707268,13416784617.556025,13539868848.042484,5.605011455655237,5.656431266105528,5.439381089127864,5.644237547861264
93.40549858547674,13515897121.117786,13536321915.630405,5.646416809746964,5.654949495519741,5.441941842103546,5.644394847140318
94.05376939632214,13646640489.14789,13532738200.263004,5.701036310353747,5.653452358444007,5.44512730603853,5.644529523613294
94.70653946096482,13836126586.951756,13529116864.378315,5.780196241675022,5.651939504977469,5.449188496645792,5.644641674552873
95.36384000599153,14162874737.242762,13525457668.571598,5.9166989267594055,5.650410835106127,5.454676602070306,5.644731392811003
96.02570247471377,15043855126.14859,13521763504.080791,6.28473831270613,5.648867556676887,5.463560413350422,5.644798777604622
96.6921585286721,12361055035.259508,13518037622.633764,5.163968644615166,5.6473110281353405,5.46711646266166,5.644843944418594
97.36324004915042,12380289538.861765,13514277128.211275,5.172004073080897,5.645740039637142,5.4630073228108165,5.644867008111002
98.03897913870132,12400190301.49311,13510478304.020796,5.180317838689016,5.644153038450749,5.4590669386767425,5.644868062978329
98.71940812268184,12420802546.603046,13506640696.616882,5.188928834040077,5.642549835144265,5.4552969458638945,5.644847190087454
99.40455955079938,12442176873.552752,13502763847.630135,5.197858197581715,5.640930238228762,5.451699232526121,5.644804466775073
100.09446619866941,12464370197.922451,13498847293.841095,5.207129706432537,5.6392940541891425,5.448275969457357,5.644739966670901
100.7891610693827,12487446910.334932,13494890567.281342,5.216770260493572,5.637641087526378,5.445029645794612,5.644653759721045
101.48867739508471,12511480317.699072,13490893195.369541,5.226810484543838,5.635971140814344,5.44196311169421,5.64454591221175
102.19304863856489,12536554453.561396,13486854701.090631,5.2372854845349,5.634284014774677,5.439079629755959,5.644416486793719
102.90230849485772,12562766376.745258,13482774603.23041,5.248235807873032,5.632579508374774,5.4363829375365285,5.644265542507288
103.6164908928541,12590229124.530964,13478652416.68052,5.259708677143157,5.630857418955208,5.433877324280745,5.644093134808797
104.33562999692522,12619075556.022642,13474487652.83585,5.271759595718243,5.629117542395743,5.431567726110416,5.643899315598629
105.05976020855591,12649463425.601677,13470279820.112066,5.284454467251067,5.62735967333154,5.429459845504699,5.643684133251479
105.78891616799119,12681582186.314663,13466028424.624912,5.29787243786544,5.625583605436939,5.427560303237056,5.6434476326496394
106.52313275589293,12715662274.206884,13461732971.087912,5.312109774790093,5.623789131800489,5.425876834413613,5.643189855220381
107.26244509500818,12751988029.37015,13457392964.012127,5.327285264270561,5.621976045426161,5.424418545573252,5.642910838978805
108.00688855185005,12790916081.036842,13453007909.33318,5.343547892147336,5.620144139913045,5.423196258143539,5.642610618578249
108.75649873838871,12832902175.659973,13448577316.65508,5.3610880515856065,5.61829321039275,5.422222977002226,5.642289225371114
109.51131151375571,12878541477.575514,13444100702.413704,5.380154379126557,5.616423054850964,5.421514545362686,5.641946687484349
110.27136298595892,12928631185.864346,13439577594.454279,5.401079913580018,5.614533476039766,5.421090586208009,5.641583029916184
111.03668951361004,12984271775.048595,13435007538.873669,5.4243243904548315,5.612624284336056,5.420975901367608,5.641198274664263
111.80732770766363,13047038683.54282,13430390110.666943,5.45054596672474,5.610695302189283,5.4212026352482106,5.640792440902285
112.58331443316861,13119290971.674751,13425724931.159428,5.480730166160041,5.608746371403877,5.421813788562648,5.640365545234829
113.36468681103203,13204768396.798267,13421011698.508362,5.516439314117168,5.606777365881658,5.422869285668543,5.639917602086376
114.1514822197945,13309861598.675167,13416250246.132824,5.560343171652508,5.604788216031587,5.424457323374381,5.639448624340439
114.94373829741848,13446686907.838005,13411440670.641571,5.6175034710194485,5.60277896221305,5.426718049788224,5.638958624505369
115.74149294308828,13642070747.939169,13406583686.524487,5.699127249982402,5.600749902912168,5.4299015806473925,5.638447617251276
116.54478431902393,13973289559.894636,13401677451.282429,5.837497603853155,5.598700268404366,5.434553821431228,5.637915613784519
117.35365085230578,14845030689.376694,13396711571.26782,6.201677186099651,5.596625716627418,5.442599431219488,5.637362589960804
118.16813123671346,12162418055.784344,13391677604.862198,5.0809858303857265,5.594522721001031,5.445302913149208,5.636788467938746
118.98826443457662,12188442534.192331,13386582105.327606,5.091857846577546,5.592394019223535,5.440373005539247,5.636193165676445
119.81408967863881,12215514393.191067,13381431763.937393,5.103167417696042,5.590242406649021,5.435663194362479,5.635576640265862
120.64564647393397,12243721558.946749,13376225916.277788,5.1149512758780755,5.588067605711224,5.431176720155721,5.634938866609608
121.48297459967651,12273165078.525301,13370963891.564629,5.127251634662747,5.585869336182577,5.4269173213309765,5.634279816123633
122.32611411116442,12303962017.231762,13365645013.013195,5.140117399387251,5.583647315328712,5.422889310979876,5.633599456749629
123.17510534169504,12336249213.18442,13360268598.323673,5.153605735702111,5.58140125811127,5.419097671719298,5.63289775296972
124.0299889044948,12370188211.784492,13354833960.318855,5.167784131000934,5.579130877454306,5.415548174179123,5.632174665824174
124.89080569466141,12405971852.726805,13349340407.783655,5.182733146217609,5.576835884595008,5.412247526939758,5.631430152933107
125.75759689112117,12443833216.735788,13343787246.57899,5.1985501534250895,5.5745159895490275,5.409203569007651,5.630664168523506
126.63040395859773,12484058015.462248,13338173781.131733,5.215354511852981,5.572170901732933,5.406425520906702,5.6298766634633495
127.50926864959659,12527002129.118462,13332499316.455303,5.23329489443027,5.569800330808325,5.403924318248966,5.629067585305345
128.39423300640192,12573117055.625917,13326763160.932882,5.252559919450704,5.567403987844563,5.401713064152752,5.628236878343842
129.28533936308793,12622987909.246014,13320964630.230118,5.273394024924692,5.564981586953336,5.399807657634733,5.627384483690215
130.1826303475437,12677392067.259785,13315103052.93355,5.296121968884041,5.5625328476441815,5.3982276908998195,5.626510339374609
131.08614888351252,12737393278.532143,13309177778.929451,5.321188144284568,5.560057498324836,5.396997772990346,5.625614380486546
131.99593819264564,12804499867.930376,13303188192.339535,5.349222670666908,5.557555281705276,5.3961495599043205,5.624696539374821
132.91204179656935,12880946200.599949,13297133732.478283,5.381158978997826,5.555025963552868,5.395725019685318,5.62375674594197
133.83450351896724,12970230165.616806,13291013929.99952,5.418458351462297,5.552469347793013,5.395782005184704,5.622794928098705
134.76336748767605,13078237627.057606,13284828474.739239,5.463579673442808,5.549885304851238,5.396404525044636,5.621811012510841
135.6986781367976,13215902616.638922,13278577359.637383,5.521090758672296,5.547273831778124,5.397723748927347,5.620804925944354
136.64048020882325,13406717198.557913,13272261255.902233,5.600805679053631,5.544635208978419,5.399967955476388,5.61977659808379
137.5888187567752,13714864898.81326,13265879448.377956,5.729537818623421,5.541969137687794,5.403614277860757,5.618725959439807
138.54373914636116,14432029448.003586,13259419990.387327,6.029141309950379,5.539270627048559,5.410156719837237,5.617652905032848
139.50528705814483,11954736602.441578,13252867644.367798,4.9942245862952355,5.536533311398964,5.41152686383334,5.616557253287197
140.47350848973065,11987937322.53527,13246229480.843246,5.008094557511561,5.533760144529241,5.405889730204106,5.615438801907453
141.44844975796445,12022657972.63978,13239516687.483667,5.022599496446701,5.530955800213341,5.400524953994244,5.614297403810344
142.43015750114947,12059050579.62587,13232728333.743406,5.037802914021973,5.528119889705438,5.395437954352768,5.613132943245935
143.41867868127693,12097294516.258488,13225863480.608368,5.053779745211071,5.525252020721917,5.390635027211325,5.611945300689589
144.4140605862728,12137603835.591137,13218921181.441975,5.070619413065136,5.522351797794785,5.386123511297381,5.610734352847669
145.41635083225955,12180237268.038794,13211900483.129585,5.088430005101497,5.51941882274977,5.3819120016261435,5.609499972668868
146.42559736583422,12225512126.243172,13204800427.637062,5.107344082216266,5.516452695357421,5.378010628685473,5.6082420293631206
147.4418484663624,12273824092.496937,13197620054.156338,5.127526945101555,5.513453014229449,5.374431430524474,5.606960388430934
148.46515274828712,12325676120.70662,13190358402.102901,5.14918870836292,5.510419378070958,5.371188859536031,5.605654911707037
149.49555916345503,12381721936.390236,13183014515.387592,5.172602473128672,5.507351387465036,5.368300490180987,5.604325457424342
150.53311700345725,12442833834.509418,13175587448.657757,5.198132650350616,5.504248647480065,5.365788036602219,5.602971880307179
151.57787590198856,12510212794.36589,13168076276.711418,5.226280962530532,5.501110771602596,5.363678867202884,5.601594031708227
152.6298858372204,12585576399.28086,13160480109.276844,5.257764949262729,5.497937387911682,5.3620083544058685,5.60019175981304
153.68919713419282,12671499598.57922,13152798115.447012,5.293660324354588,5.494728149286643,5.360823710711665,5.598764909954362
154.75586046722117,12772081677.77982,13145029566.914982,5.3356796100644655,5.491482751469131,5.360190667001284,5.597313325116529
155.82992686232072,12894388446.352074,13137173921.984005,5.386774627126499,5.488200968159286,5.360206119055837,5.595836846798444
156.91144769964686,13052026447.655632,13129231013.232002,5.452629660827859,5.484882729414665,5.361025016146242,5.594335316645321
158.0004747159535,13275975779.325232,13121201589.221752,5.546186992578713,5.481528347955722,5.362928293508461,5.592808580154477
159.0970600070682,13660656151.419857,13113081208.692707,5.7068915096307915,5.478135968396314,5.366553493607818,5.591256474297951
160.20125603038386,14798323913.59699,13104854318.38493,6.182164909442888,5.474699093188586,5.374504770494637,5.589678780802488
161.31311560736845,11757073346.871891,13096513414.98056,4.911648556090465,5.471214587737792,5.376842980859276,5.5880752183119835
162.43269192609114,11798773131.778887,13088068024.310688,4.9290691064506635,5.467686431566142,5.370572396470187,5.586445515308125
163.56003854376786,11842673875.780365,13079524140.312366,4.947409132027142,5.464117128707713,5.364633609027439,5.584789448501819
164.6952093893219,11889041508.379902,13070880499.185493,4.966779727836807,5.46050615119591,5.359035457550569,5.583106811172623
165.838258765965,11938200421.911333,13062135826.420895,4.987316412396138,5.456852966590308,5.353788354151764,5.581397392156112
166.98924135379434,11990552817.268227,13053288838.636543,5.009187209615497,5.453157038743747,5.3489046536506,5.579660975848741
168.14821221240854,12046606828.387272,13044338246.17873,5.03260439811583,5.449417828889003,5.3443991544149245,5.5778973422254134
169.31522678354116,12107018642.685675,13035282756.863216,5.057842107511298,5.445634797201694,5.3402897940293625,5.576106266874988
170.4903408937131,12172657800.894526,13026121081.474514,5.085263598143171,5.441807405097666,5.336598643881503,5.574287521061853
171.67361075690357,12244712641.212025,13016851942.08628,5.115365311551205,5.437935118708935,5.333353380436232,5.572440871826325
172.86509297723873,12324869082.458109,13007474085.13269,5.148851559131044,5.434017414344389,5.330589552621587,5.570566082145106
174.06484455169968,12415632390.163147,12997986302.982798,5.186768943507493,5.430053787502729,5.328354255820386,5.568662911189039
175.27292287284845,12520951281.494938,12988387471.966387,5.230767085330473,5.426043768758187,5.326712472584606,5.566731114748499
176.48938573157474,12647551953.358286,12978676625.785713,5.283655928396433,5.4219869544291,5.325758952187396,5.564770445973078
177.71429131985883,12808192636.189264,12968853117.861032,5.350765365804688,5.4178830743995645,5.3256431130573745,5.5627806567784965
178.94769823355688,13031296033.931044,12958917080.058228,5.443969299219702,5.413732183758027,5.326630645870645,5.560761501019292
180.18966547520301,13400190855.603922,12948864867.806011,5.598079226474764,5.40953275994417,5.329304808952725,5.558712725814214
181.44025245683227,14378425638.580032,12938682516.10048,6.0067477205435225,5.405278968921817,5.335813895508743,5.556634031122568
182.69951900282223,11536247422.931906,12928360426.070724,4.819396062764331,5.400966800655556,5.336847031269724,5.554525053451862
183.96752535275502,11586235164.832338,12917906163.01064,4.84027899962147,5.396599415631313,5.329882431899941,5.552385428638049
185.24433216429958,11639172096.404062,12907326088.387133,4.862393993365836,5.392179471422859,5.323308882957903,5.550214837470978
186.5300005161126,11695469416.771353,12896618536.132437,4.8859128270190535,5.387706272011796,5.317139121880772,5.5480129785195595
187.8245919107609,11755643756.774324,12885781825.846882,4.911051328878271,5.383179115392418,5.311388374595351,5.545779544890747
189.12816827766275,11820358315.680576,12874814265.919113,4.938086557836376,5.378597294875205,5.30607504485952,5.543514224231313
190.44079197605097,11890486319.617704,12863714158.174564,4.967383313850147,5.373960101028791,5.301221694492953,5.541216698751892
191.7625257979563,11967212945.198858,12852479804.969273,4.999436717671909,5.369266824643468,5.296856485090399,5.538886645284431
193.09343297121058,12052207118.513111,12841109520.387024,5.034943981794415,5.36451676140893,5.2930153860748135,5.536523735391354
194.4335771624718,12147928653.083948,12829601648.74828,5.0749327207595165,5.359709219646579,5.289745728078578,5.534127635558557
195.78302248026904,12258219303.976526,12817954597.187214,5.121007870605455,5.354843533918945,5.287112287705984,5.531698007532488
197.1418334780704,12389553815.684414,12806166898.276886,5.175874328078608,5.349919091192053,5.285208581200799,5.529234508926065
198.51007515736964,12554052286.280716,12794237347.46484,5.244595399364464,5.344935388250676,5.284180254383963,5.526736794391093
199.88781297079703,12778224606.422771,12782165385.540886,5.338245887037412,5.339892191478517,5.284281944515566,5.524204518268898
201.2751128252495,13137401452.395847,12769947816.667095,5.488296021527231,5.3347881657786305,5.286057508610412,5.521637328847974
202.67204108504393,14015644397.452223,12757572151.68017,5.855191809766102,5.329618093663714,5.291364630612433,5.519034834147868
204.07866457509124,11304821371.39636,12745027547.34889,4.72271524787695,5.3243774452529555,5.291304607389612,5.516396580636592
205.4950505840934,11363462534.626528,12732319583.413757,4.747213248034749,5.3190685515451985,5.283662406111154,5.513722106071897
206.9212668677628,11425939559.650696,12719454271.360874,4.7733137222510145,5.313693923905829,5.276472779313336,5.511010987827145
208.35738165206286,11492861683.320236,12706429457.34807,4.801271186017239,5.30825266254325,5.2697532781225815,5.508262820070139
209.80346363647217,11565018033.038534,12693242968.015686,4.831415306109926,5.302743859512219,5.263525226972166,5.505477190126657
211.25958199727,11643459459.0812,12679892615.350817,4.864185086955313,5.297166600745933,5.257814939795981,5.502653678476453
212.72580639084703,11729632966.707495,12666376204.330078,4.900185031143681,5.291519969248887,5.252655540611465,5.499791858785203
214.2022069570357,11825614737.584837,12652691545.33449,4.9402824867290995,5.285803050283321,5.248089814485177,5.496891297993645
215.6888543224672,11934541725.27232,12638836475.32127,4.985787951057674,5.280014940213984,5.244174928433967,5.493951556501926
217.18581960394883,12061481302.37582,12624808896.485676,5.038818375568637,5.27415476265954,5.240990825759109,5.4909721885233145
218.6931744118668,12215389891.38122,12610606854.269165,5.103115405675999,5.268221701081353,5.238656631664868,5.4879527427682016
220.21099085361107,12414266812.630932,12596228722.221367,5.186198458258618,5.262215076011634,5.237367274600242,5.4848927638741065
221.73934153702504,12702355811.010725,12581673892.00932,5.306550851339004,5.256134633312501,5.237493873226571,5.48179179633149
223.27829957387968,13238533427.843386,12566934283.145582,5.530545032529075,5.24997699727018,5.239986442892199,5.478649365881538
224.8279385833699,16271100703.643795,12551993122.98698,6.797433844224312,5.243735160925863,5.252710122800742,5.475464933377843
226.38833269563713,11101530010.737446,12536850323.913704,4.637788013982327,5.237409087675395,5.259045446191406,5.472237918865311
227.95955655531424,11171966324.96544,12521514042.64777,4.667213570059708,5.2310021850804,5.250713675271963,5.468967773592292
229.54168532509814,11247766224.208576,12505982547.930058,4.698879823614927,5.224513729888065,5.242916043666418,5.46565397468553
231.1347946893434,11329963351.18963,12490253080.051468,4.733218590427052,5.217942569199125,5.2356789717081105,5.462295993557675
232.73896085768442,11419967443.016449,12474322856.847595,4.770818803900335,5.211287540733362,5.229035531834143,5.458893292980165
234.35426056868008,11519779073.326487,12458189083.820356,4.812516225990822,5.204547477058025,5.223028133958568,5.4554453271022165
235.98077109348526,11632382329.12688,12441848971.556786,4.859557492337114,5.197721212864727,5.217712918720718,5.451951541548636
237.6185702395465,11762523670.796656,12425299767.642479,4.913925489715483,5.190807598301646,5.213167455959751,5.44841137365801
239.26773635432454,11918430611.607222,12408538820.941158,4.9790573535836655,5.183805525827023,5.2095055134927195,5.444824252993967
240.92834832904268,12116206775.667135,12391563732.57418,5.061680552569869,5.176713993282544,5.206909193046644,5.441189602467944
242.60048560246005,12393855936.127268,12374372863.28815,5.177671586889356,5.169532315851813,5.205713574209491,5.4375068413392444
244.28422816467224,12877184854.721262,12356959151.172981,5.379587634794302,5.162257543343109,5.206720062044993,5.433775371823191
245.97965656093692,14681569743.577356,12339307937.60767,6.133389552372665,5.15488355195397,5.214290469629722,5.429994541944386
247.68685189552747,10843552828.729809,12321415656.501522,4.530015168127859,5.1474088519102255,5.215865341604468,5.426163656497941
249.40589583561328,10923338871.611876,12303287571.103626,4.5633466776588545,5.139835641992899,5.206673143225378,5.422282034787056
251.13687061516566,11009754283.870361,12284922655.442753,4.599447680206081,5.132163493591065,5.198084207563188,5.41834901756261
252.87985903889222,11104220531.423088,12266317433.477978,4.6389120090150096,5.124390954549846,5.190132386459064,5.41436394168907
254.63494448619696,11208741833.174267,12247468397.753582,4.68257694889254,5.116516559590487,5.182860902559962,5.410326133101209
256.40221091517066,11326286246.631573,12228372024.16794,4.731682438975042,5.108538836480217,5.176326662341083,5.40623490681649
258.1817428666052,11461536496.24057,12209024799.395626,4.7881847396415305,5.100456317488143,5.170607761594915,5.402089567068472
259.97362546803953,11622533412.117825,12189423276.554821,4.85544299737911,5.092267562640932,5.165817767064231,5.397889407677101
261.77794443783074,11824833987.26415,12169564206.507051,4.939956319572349,5.0839712145747376,5.162136474333299,5.393633712951145
263.59478608925536,12104569767.362955,12149444975.087618,5.056819062524845,5.075566181193092,5.1598897344143255,5.3893217602127
265.4242373346374,12578008861.038727,12129058442.452475,5.254603525736353,5.067049479746491,5.159837030763819,5.384952808677506
267.26638568950625,14163085058.451048,12108390673.781687,5.916786790790574,5.0584152888084475,5.165703030086387,5.380526067196339
269.12131927678433,10577638093.261719,12087436615.797659,4.418926320761561,5.049661497315867,5.165697034700447,5.376040701089899
270.98912683100116,10667504057.19874,12066199495.631454,4.456468829767885,5.040789453438756,5.155696958646445,5.371495881987392
272.86989770253916,10765548998.502872,12044677574.050232,4.4974281978164425,5.0317984305931915,5.1463735546591485,5.366890797118122
274.76372186190645,10873733045.685163,12022866501.364948,4.542623290460506,5.022686611648049,5.13777011041653,5.362224627378736
276.6706899040431,10994927357.735472,12000761885.137566,4.593253566399599,5.013452161613335,5.129943191437112,5.357496539832273
278.59089305265235,11133602641.949648,11978359312.68982,4.651186713483113,5.004093237043475,5.122969669659034,5.352705687717694
280.52442316456666,11297311250.149527,11955654397.20862,4.719577810940921,4.99460800529836,5.116959891955463,5.347851210656368
282.4713727341406,11500353061.75996,11932642886.261497,4.804400792936497,4.984994689876886,5.112085461638681,5.342932235300075
284.4318348976761,11774900650.11378,11909321008.60629,4.919096110906502,4.975251715300565,5.108649155524348,5.337947877278991
286.4059034378772,12218628930.64882,11885681675.45012,5.104468550465732,4.965376120147088,5.10732284077901,5.3328972331764195
288.3936727883365,13456220124.756409,11861711702.004894,5.621486078742538,4.9553623963241344,5.110847201598086,5.327779353750544
290.3952380380535,10288762600.397333,11837403540.274143,4.298245360835868,4.945207390571975,5.1087416460754955,5.322593243362672
292.41069493598224,10388235748.471184,11812758033.396395,4.339801378195979,4.934911455121132,5.0978937967270035,5.317337900895359
294.44013989561245,10497482618.734287,11787773088.81116,4.385440477039224,4.924473715781118,5.0877939937794086,5.312012335369745
296.4836699995804,10619070583.730434,11762443291.253838,4.436235205888151,4.9138919102647325,5.0784954452219395,5.306615547843824
298.54138300431526,10756893453.786167,11736763164.193348,4.493812247447187,4.903163750690017,5.070069181740287,5.3011465218438465
300.6133773447127,10917307996.073904,11710727201.417858,4.5608272121206115,4.892286936775551,5.062614696891668,5.295604223344496
302.6997521388464,11111799123.45504,11684329939.457266,4.642078050385402,4.881259186095745,5.056281365350225,5.289987601048203
304.8006071927079,11364448902.6995,11657566166.391266,4.74762531430145,4.870078321312748,5.051318694853366,5.284295587468973
306.9160430049818,11739727978.066565,11630429572.116451,4.9044023347619055,4.8587417063104645,5.048227269935941,5.27852709671195
309.0461607718524,12525189506.440157,11602908445.702507,5.232537651084246,4.8472444487171025,5.048513150850031,5.272681006034591
311.1910623918452,9960729341.888643,11574990442.324383,4.161205807456494,4.8355813913442764,5.0436569924206305,5.266756139083422
313.35085047070214,10067669136.039574,11546673055.007105,4.205881099515447,4.823751486875222,5.031842154972821,5.260751293145341
315.52562832628894,10185582012.031013,11517954891.317213,4.255140518932263,4.811754153605326,5.020834952869907,5.254665270851288
317.7154999935381,10317489343.064154,11488829247.50495,4.310246278069085,4.79958659096834,5.010695965929849,5.248496867996331
319.9205702294248,10468065596.432312,11459289326.923386,4.373151187787455,4.787245959589182,5.001507041510272,5.242244858177861
322.1409445179787,10645160786.539291,11429328276.68882,4.447134679181675,4.774729396599234,4.993384873326703,5.235907992672968
324.37672907533073,10863570303.476082,11398939278.919983,4.5383776915240635,4.762034053752534,4.986509602332039,5.229485000685033
326.62803085479294,11156521735.179634,11368115863.474304,4.660761420372214,4.749157228074838,4.981196880508984,5.222974590748358
328.8949575519756,11625350780.354725,11336848481.741335,4.85661998439148,4.7360949305276066,4.978144831244559,5.216375443142232
331.17761760993886,12938931190.595963,11305122503.830395,5.405382855466591,4.722841049310792,4.980257749558552,5.209686186844656
333.47612022437977,9687155078.578176,11272928692.861065,4.046917106882055,4.709391725614548,4.976734649290767,5.202905401235573
335.79057534885624,9808868350.631954,11240264138.035566,4.09776418415227,4.6957457434206304,4.964311650982526,5.196031650415627
338.1210937000477,9944887445.638765,11207122836.58243,4.154587678561165,4.681900595004288,4.952799024663541,5.189063492602936
340.4677867630506,10099883241.690506,11173496398.063444,4.219338901541344,4.667852775166353,4.9422798151747624,5.181999464496975
342.8307667967118,10281638852.722813,11139376317.539658,4.295269335770173,4.6535987308736955,4.932871694364824,5.174838074416726
345.2101468389981,10504685732.211073,11104754055.694237,4.3884496580542445,4.639134894731439,4.924754816584115,5.167577802264148
347.60604071240414,10801258701.486341,11069621319.153423,4.5123463246259385,4.6244578020901725,4.918241233663163,5.160217100524418
350.01856302939785,11267765147.03595,11033967049.806465,4.707234596740041,4.609562833300764,4.914008488595024,5.152754387384989
352.44782919790254,12504518014.605476,10997775500.99233,5.223901904752949,4.594443410019892,4.91472906889657,5.145188025800303
354.89395542681797,9352695709.497147,10961035455.722738,3.907192974119471,4.57909484622556,4.90990087351188,5.13751632388615
357.35705873157826,9485144837.418427,10923741483.44307,3.9625250749507615,4.563514873242994,4.896507449663143,5.129737565287738
359.8372569397521,9634427503.123255,10885885462.180876,4.024889573991123,4.547700098027591,4.884106621007584,5.121850018312941
362.3346686966761,9806577893.7346,10847456911.45826,4.0968073202303765,4.531646142242787,4.872798735054635,5.113851921655453
364.84941347113323,10012132158.899378,10808445174.735462,4.182679907727965,4.515348554000209,4.862730354342495,5.105741477550287
367.3816115610664,10272210315.32816,10768839517.535751,4.291330459085967,4.498802848852445,4.854136970974904,5.097516851546743
369.93138409933374,10639631706.595133,10728630046.932106,4.444824844350929,4.482004893918864,4.847463326886925,5.089176175212709
372.4988530595022,11317960728.924286,10687801371.683748,4.728204361070852,4.464948259336922,4.843885248115332,5.080717533175908
375.08414126168316,24526069638.999237,10646332142.919003,10.246039211877122,4.447624026377302,4.880328052058276,5.072138930891132
377.6873723784085,9071000713.728798,10604214118.062597,3.7895117469634254,4.430028751612228,4.909538090880233,5.063438316430296
380.3086709405457,9223835904.997667,10561441598.26752,3.8533603531912055,4.412160054284781,4.894591693257627,5.054613626073963
382.94816234325566,9399866240.59293,10518000066.286577,3.9268989897333197,4.394011869652989,4.880794539215533,5.045662766355287
385.60597285198963,9609540294.673025,10473876236.221087,4.014492665011882,4.3755786473844545,4.868294044756685,5.0365835927972205
388.28222960853236,9873598082.037281,10429056633.58043,4.124805751591134,4.356854758360397,4.85732519910092,5.027373913591384
390.9770606370808,10243209493.513948,10383528309.079597,4.279215042231218,4.337834792872538,4.848326412052864,5.018031491221291
393.6905948503713,10910688359.641518,10337273287.539433,4.5580617851503336,4.318511241589248,4.842430152389903,5.0085540301203695
396.42296205584483,17619797715.09445,10290268322.11283,7.360867067225989,4.2988743928807995,4.857842103074558,4.998939147917954
399.1742929618572,8698121872.011314,10242501448.62983,3.633737450887809,4.278919248581716,4.866538220099074,4.9891843940447345
401.9447191839307,8863032373.018032,10193962846.360737,3.70263065247435,4.258641705972606,4.8500773423043935,4.97928728910545
404.73437325105124,9055115915.794392,10144634895.648582,3.7828756954107594,4.238034404245197,4.834867268192867,4.969245308947698
407.54338861200836,9287905661.805147,10094500804.78972,3.8801262088789437,4.217090328477961,4.821085729765595,4.959055865359055
410.3718996417783,9590135321.282808,10043543592.211002,4.006386020890418,4.195802384429262,4.809029453824106,4.94871630876801
413.22004164795294,10041921541.852303,9991744036.728025,4.1951247547958355,4.17416254223488,4.799303948865324,4.9382239220951085
416.0879508772109,11055312632.519905,9939078916.150126,4.618480188617023,4.152161100565589,4.7939219754915445,4.927575903755293
418.9757645218362,8208321962.925361,9885527275.054031,3.429118074512536,4.129789305059535,4.783314081614122,4.916769363904591
421.8836207262821,8371418412.150045,9831072473.684214,3.497253435729028,4.107040204273205,4.765180300733827,4.9058013445613184
424.8116585937781,8560191003.1334505,9775695880.44377,3.5761152916159595,4.083906014649134,4.7483055840687305,4.8946688271478065
427.76001819298466,8786460509.272886,9719376311.282824,3.6706419021361496,4.060377886314153,4.732854028653439,4.883368720277344
430.7288405646942,9074150584.826307,9662092104.97031,3.790827640755316,4.0364467700473226,4.719090166621419,4.8718978520814
433.71826772857673,9484679604.838226,9603819935.342026,3.962330718850109,4.012102921083313,4.707520158676901,4.860252965156631
436.7284426899744,10274204519.953316,9544532538.924616,4.29216356031607,3.9873349498019732,4.699556432832365,4.848430701641635
439.75950944674344,7744740651.480242,9484202470.959461,3.2354518098042573,3.962131390849206,4.686676386911997,4.836427592815894
442.8116129961413,7912940141.122023,9422806798.394537,3.3057190230860396,3.936482663686681,4.667224359929921,4.824240073095504
445.88489934176386,8108415482.7927475,9360321748.075266,3.387381027850495,3.9103788368138526,4.649083399516005,4.811864491846474
448.97951550052807,8344013367.523104,9296720029.533234,3.48580467259723,3.8838085093330803,4.632429023183907,4.799297102022867
452.0956095097062,8646173760.297796,9231973578.140842,3.6120355476707795,3.856759956933088,4.61754720593577,4.786534049204013
455.2333304340081,9085051784.10355,9166051848.197857,3.7953817383704314,3.829220418806825,4.60499760935889,4.773571363711708
458.39282837271077,9980598570.901249,9098920200.548256,4.169506399543586,3.8011754240604185,4.596454102575233,4.760404943311831
461.5742544668394,7304721886.838609,9030544964.570074,3.05162906189397,3.7726109064159035,4.582883832954835,4.747030546118568
464.7777609063961,7485467621.806929,8960895415.38503,3.127137609130588,3.7435140302126015,4.56236850909511,4.7334438037646045
468.00350093764297,7698654635.665188,8889938441.594585,3.2161988625481106,3.7138709627943722,4.54326573586779,4.719640224690452
471.2516288704294,7961564731.296788,8817637830.63229,3.326032488102052,3.6836665759575835,4.525792051861794,4.7056151800827175
474.52230008557717,8312995689.124848,8743956243.39604,3.47284669140384,3.652885270875765,4.510322155859172,4.69136389364775
477.8156710423115,8874758090.028366,8668851757.793272,3.7075292015710315,3.621509534127053,4.497687291613781,4.67688142721978
481.1318992857465,10615894172.04827,8592277572.830963,4.4349082244709255,3.5895198140744857,4.491845913345776,4.66216265583065
484.4711434544201,6889451047.439467,8514191814.120168,2.878145035849007,3.5568986172249186,4.480333649524739,4.647202270510216
487.83356328788403,7093410716.899134,8434552730.744161,2.963351463200997,3.523628501667104,4.4589107078452015,4.631994795257729
491.21931963434616,7341565245.963829,8353312244.985084,3.06702078620409,3.4896893823980366,4.439079854674898,4.616534571471838
494.62857445836346,7664166264.295842,8270420517.764207,3.201790960645957,3.4550604385865573,4.4211599622805435,4.6008157372952825
498.0614908485912,8144979832.424879,8185823059.852568,3.402656192832164,3.4197189067493694,4.405793229306088,4.584832211980505
501.5182330255821,9219853807.372168,8099459943.611195,3.851696787482678,3.383639751446722,4.39510756772526,4.568577669939569
504.99896634964625,6305177202.455374,8011272786.769696,2.6340581187727365,3.3467985828338276,4.379249764047607,4.5520455330058
508.5038573287569,6508227072.18612,7921202648.5444145,2.7188844671379715,3.3091707777407535,4.355859683724061,4.535228976714557
512.0330736265197,6755642295.63589,7829184525.838013,2.8222449369725147,3.2707291803983924,4.334083985233736,4.518120914633564
515.5867840701909,7077295202.851076,7735149527.44299,2.956619027417915,3.2314450107362407,4.314241120887342,4.500713973430364
519.1651586587548,7554822147.539384,7639022621.716012,3.1561112359952013,3.1912869234482186,4.296965658131622,4.483000468014194
522.768368571054,8600369838.20295,7540721719.984761,3.5929004482133715,3.1502206250756606,4.284303646398205,4.46497236793934
526.3965861739797,5721759808.347722,7440164208.463567,2.3903289936049226,3.1082116027879385,4.266516633188436,4.446621280457197
530.0499850307181,5931110887.140018,7337264371.384885,2.4777877423537973,3.06522404786689,4.2413451258175865,4.427938445059855
533.7287399090511,6190018091.268899,7231928189.990604,2.5859491153250205,3.0212186829274126,4.21786358221578,4.408914705753839
537.4330267897185,6534820619.235469,7124055368.595493,2.7299942181034202,2.976153608328072,4.196437827381715,4.389540474675896
541.1630228748338,7073502917.268752,7013535389.79072,2.9550347578080243,2.9299826541883633,4.177843511090126,4.369805690643532
544.9189065963646,8523813795.384701,6900247201.8546095,3.560918307243885,2.8826552498010676,4.165221135338699,4.34969976609432
548.7008576246646,5129341854.855436,6784068137.038732,2.142839784341239,2.8341201493457597,4.147145278071277,4.329211559540014
552.5090568770715,5353526649.644251,6664866720.833181,2.2364954834370416,2.7843224278791583,4.12025645125901,4.308329353196389
556.34368652656,5639945458.711346,6542496032.113809,2.3561501362989157,2.7332007074625535,4.095202816559583,4.2870407912387805
560.2049300104572,6044539086.937412,6416799077.427648,2.5251736382581584,2.6806894023295023,4.072477404443417,4.2653328153934735
564.0929720392162,6777415750.525526,6287599436.092449,2.83134104066385,2.626714810771794,4.053331434778973,4.2431915898453285
568.007998605253,24423161055.110638,6154699983.9025,10.20304800287865,2.571194581953314,4.087354113639308,4.220602396750711
571.9501969918451,4517002977.50827,6017901116.089564,1.8870283868933808,2.514045328755282,4.114050465168643,4.197549582008123
575.9197557820889,4769561947.381084,5876981985.177104,1.9925377141813276,2.455174789680533,4.084183748042712,4.1740164998596
579.9168648679222,5113946482.266061,5731688250.88791,2.1364081956866356,2.394476711240767,4.0564411796989805,4.149985369327564
583.941715459206,5672056283.125735,5581737223.0890045,2.36956479143601,2.331832996479157,4.03167157285073,4.125437112402422
587.9945000928725,7376132595.27779,5426811495.184766,3.0814616820237086,2.2671110452492975,4.01374499784945,4.1003511908275225
592.0754126421377,3642177448.78334,5266569252.519696,1.521560262452692,2.200168060665469,3.990185952564791,4.074705456602822
596.1846483257725,3870005405.948569,5100622540.722682,1.6167379332754537,2.130841970461003,3.956928969333149,4.048475971445111
600.3224037174436,4179833491.276531,4928522414.599413,1.7461720724562084,2.058945222772409,3.9256724850416664,4.021636723821768
604.4888767551142,4669694684.459721,4749752462.521844,1.950817050946805,1.9842620808808284,3.8971418996728246,3.994159288757519
608.6842667505169,5913569948.677841,4563716184.991362,2.470459819619255,1.9065433504659883,3.8739857274173968,3.966012437454259
612.9087743986839,2683625414.736508,4369741268.241142,1.1211144563357864,1.8255081649512641,3.845404207584932,3.937161728487231
617.1626017875511,2886562053.6784835,4167030709.4969335,1.2058935012757759,1.7408235675361101,3.808563339781495,3.9075689761059205
621.4459524076235,3169908454.8683443,3954624552.0305967,1.324264621470232,1.652088525587781,3.7736247733387995,3.8771914758956014
625.7590311617106,3633288856.883057,3731357238.253233,1.517846954022553,1.558816114420205,3.7413107120072646,3.845981008854881
630.1020443747268,4872328770.666187,3495809170.145418,2.035469701106167,1.4604132811233062,3.7143333922279527,3.813882597723025
634.4751998035622,1555533044.4197237,3246281314.451292,0.6498412832992928,1.3561702355995247,3.681719308174571,3.7808330687519187
638.8787066470222,1716472461.8583298,2980613997.4152026,0.717075520422657,1.2451847500434692,3.6405319861084844,3.746759038846954
643.312775555834,1958862015.022663,2696081096.7999563,0.8183364604275747,1.1263179564771149,3.6010686473518745,3.711574107518142
647.7776186427237,2406546278.7027245,2385010482.881729,1.0053615560797704,0.9963647371157555,3.564129657110461,3.6751631741534387
652.273449492561,4084685357.6929836,2037983184.3482914,1.7064228781505801,0.8513902116128393,3.5338104197890225,3.637363658781651
656.8004831725812,0.0,1653634622.3504014,0.0,0.6908243119304451,3.496944880414661,3.597984351220279
661.3589362426677,0.0,1218894630.0521994,0.0,0.5092068300581931,3.4489052386471215,3.556795131127497
665.949026765717,0.0,697213539.9439849,0.0,0.29126873463485836,3.4015255464241334,3.513426421433687
670.5709743180663,0.0,0.0,0.0,0.0,3.354796737620613,3.4671541112693456
675.2249999999999,0.0,0.0,0.0,0.0,3.308709870658295,3.4195237232723508
