R_kpc,Sigma_bar,Sigma_eff,kappa_bar,kappa_eff,kappa_bar_mean,kappa_eff_mean
1.0,40445504725.87253,40448564610.85103,18.870190615878972,18.871618230967428,0.0,0.0
1.0120606264911474,40445551300.650696,40448608946.269905,18.870212345733695,18.87163891603023,0.4470688496349773,0.4471026599409712
1.0242667116936537,40445605797.04506,40448654365.88962,18.870237771485122,18.871660106936055,0.8835463968944063,0.8836131537111844
1.0366200099307066,40445638362.935074,40448700896.25601,18.87025296537518,18.87168181607009,1.3096834902752004,1.3097824408176357
1.0491222966837304,40445686788.26279,40448748564.85876,18.87027555861937,18.871704056257876,1.7257250813360505,1.7258555353860945
1.0617753688475675,40445736551.43354,40448797399.773605,18.870298776045487,18.87172684059839,2.1319104451613287,2.132071647026261
1.0745810449887383,40445787880.88386,40448847429.879616,18.870322724232516,18.8717501825654,2.528473109473592,2.5286643183588433
1.0875411656068144,40445839705.03094,40448898684.80286,18.870346903224483,18.871774095981195,2.9156410646026907,2.915861559285225
1.1006575933989453,40445891280.14931,40448951194.67421,18.870370966030013,18.87179859490359,3.293636889357508,3.293885978074402
1.113932213527575,40445949104.69797,40449004990.341125,18.870397944559837,18.871823693724732,3.6626779213017437,3.6629549093440676
1.127366933891388,40446001496.84495,40449060103.53896,18.870422388556936,18.871849407251013,4.022976319633459,4.023280539011752
1.1409636853995222,40446055348.07927,40449116566.81658,18.870447513303517,18.871875750668373,4.374739191259614,4.375070026286131
1.1547244222490889,40446114516.331856,40449174413.61248,18.870475118749717,18.871902739577834,4.71816879566325,4.718525622768151
1.1686511222060412,40446176988.85768,40449233678.14083,18.870504265832405,18.871930389942303,5.053462610441743,5.053844788730275
1.1827457868894284,40446231879.37102,40449294395.35919,18.870529875463355,18.871958718071518,5.380813363010367,5.381220306639999
1.19701044205908,40446295053.748436,40449356601.25471,18.87055935000081,18.871987740755593,5.700409243134445,5.700840391995242
1.2114471379067577,40446360078.7307,40449420332.821846,18.87058968795353,18.8720174752546,6.012434033420408,6.012888801535297
1.2260579493508208,40446428223.903595,40449485627.93985,18.870621481657448,18.872047939241423,6.31706713405237,6.31754493888724
1.2408449763344431,40446492334.2363,40449552525.35731,18.87065139287272,18.87207915079454,6.614483662096191,6.614983957708639
1.2558103441274293,40446564321.258575,40449621064.70993,18.8706849790238,18.872111128406328,6.904854612700889,6.90537686238667
1.2709562036316695,40446629646.239296,40449691286.732376,18.870715456943323,18.872143891081883,7.18834691443807,7.188890606352732
1.2862847316902777,40446702982.50711,40449763233.28506,18.870749672596265,18.872177458351533,7.465123542754336,7.465688188069127
1.3017981314004599,40446780055.090096,40449836947.28428,18.870785631458492,18.87221185023824,7.735343668758192,7.735928744741426
1.3174986324301545,40446852420.98604,40449912472.66446,18.87081939437627,18.87224708723998,7.99916262208188,7.999767643810002
1.3333884913384921,40446933373.18026,40449989854.4085,18.87085716330377,18.8722831903439,8.25673207984561,8.257356572273947
1.34946999190012,40447007385.025734,40450069138.688835,18.870891694153155,18.87232018109214,8.50820011236738,8.508843623899677
1.3657454454334392,40447090128.2868,40450150372.9484,18.870930298717965,18.872358081619602,8.753711283749924,8.754373384364659
1.3822171911327976,40447177505.77378,40450233605.851906,18.870971065419877,18.872396914631214,8.993406796429095,8.994087014384073
1.3988875964046932,40447258430.288574,40450318887.26489,18.87100882143331,18.872436703392165,9.227424423349634,9.2281223308677
1.415759057208029,40447348483.1478,40450406268.26945,18.871050836352655,18.87247747173523,9.455898699090222,9.456613886154015
1.4328339983984741,40447433152.039696,40450495801.198654,18.87109033933674,18.87251924407685,9.678960975775786,9.679693045367355
1.4501148740769754,40447526187.5452,40450587539.86386,18.871133745834808,18.87256204552317,9.896739490290697,9.89748806194383
1.467604167942475,40447622083.050934,40450681539.57246,18.87117848669006,18.87260590187831,10.109359486282811,10.110124151369218
1.4853043936488803,40447718173.87655,40450777856.948654,18.871223318673444,18.872650839560773,10.316943195086834,10.317723563168988
1.5032180951663396,40447822463.71705,40450876549.94149,18.87127197597622,18.872696885607173,10.519609982019475,10.520405651191814
1.5213478471468749,40447916881.064514,40450977678.08407,18.871316027184292,18.872744067793178,10.717476327912795,10.718286942229403
1.5396962552944244,40448023279.21246,40451081302.55915,18.871365668135656,18.872792414664122,10.910655976183305,10.911481203012457
1.5582659567393489,40448129210.40637,40451187486.0507,18.871415091225682,18.872841955465734,11.09926002630859,11.100099505618811
1.5770596204174525,40448236720.9913,40451296292.84602,18.871465251193882,18.872892720191803,11.283396888614401,11.284250291331784
1.5960799474535783,40448347497.44762,40451407788.92831,18.87151693488186,18.872944739627336,11.463172425610496,11.464039432986636
1.615329671549826,40448462315.5216,40451522042.005165,18.871570504220575,18.87299804536189,11.638690005312366,11.639570295840587
1.6348115593784562,40448579327.3031,40451639121.55603,18.871625097051997,18.873052669811678,11.810050540749648,11.810943797001185
1.65452841097953,40448701200.32105,40451759098.83799,18.871681957934197,18.873108646222292,11.977352558821142,11.97825846344695
1.6744830601633456,40448835985.10648,40451882046.930756,18.871744842910175,18.873166008689694,12.140692311561999,12.141610488673708
1.6946783749177292,40448947065.415215,40452008040.96218,18.871796668363057,18.87322479226541,12.30016361126759,12.30109378800038
1.7151172578202367,40449079111.84262,40452137158.112366,18.871858275735054,18.87328503295847,12.455858094859819,12.45680005256573
1.7358026464553273,40449210561.72594,40452269477.46013,18.871919604784388,18.873346767663758,12.607865353736644,12.60881880204501
1.7567375138365704,40449346613.79811,40452405080.11829,18.871983081023664,18.873410034225145,12.756272767161821,12.757237436117547
1.7779248688339402,40449484838.86469,40452544049.39852,18.872047571091766,18.87347487151239,12.901165659281938,12.902141284716645
1.7993677566062685,40449626704.58057,40452686470.84875,18.872113759735438,18.873541319438598,13.042627327576692,13.043613657090097
1.8210692590389104,40449772171.96522,40452832432.293076,18.87218162876799,18.873609418978848,13.180739103905477,13.181735889698755
1.8430324951866892,40449922689.18018,40452982023.8974,18.872251853841373,18.8736792122008,13.315580401067912,13.316587392980946
1.8652606217221832,40450076377.811874,40453135338.213844,18.872323558565917,18.873750742285416,13.447228747944106,13.448245697009485
1.88775683338942,40450236014.9692,40453292470.25515,18.87239803862516,18.873824053561695,13.5757598417374,13.576786496067726
1.9105243634630407,40450393336.138374,40453453517.59188,18.872471438140643,18.87389919155201,13.701247555555293,13.702283692170413
1.9335664842130058,40450557544.37317,40453618580.44302,18.87254805087455,18.873976203014365,13.823764018084953,13.824809437554523
1.9568865073748998,40450730732.697334,40453787761.74453,18.872628853344725,18.874055135974398,13.94337971135148,13.944434176164279
1.9804877846259143,40450900899.57739,40453961167.20171,18.872708246134728,18.874136039749814,14.060163392305345,14.061226684153995
2.0043737080665673,40451084146.47707,40454138905.3836,18.872793741517963,18.8742189649944,14.174182212512317,14.175254109432133
2.0285477107082346,40451261469.637344,40454321087.76906,18.872876473130727,18.87430396371957,14.28550171539398,14.286582010269282
2.0530132669665586,40451445366.50087,40454507828.86326,18.872962271760066,18.874391089348666,14.394185856615413,14.395274392992322
2.0777738931608125,40451639517.40257,40454699246.39709,18.87305285449721,18.87448039681003,14.500297165736786,14.501393748787324
2.102833148019282,40451834444.1491,40454895461.337036,18.87314379921129,18.87457194254159,14.603896658401544,14.605001089631642
2.1281946331907466,40452043178.99719,40455096597.92642,18.873241186211363,18.874665784510118,14.705043925071667,14.706155983375027
2.153861993762124,40452243917.9975,40455302783.8404,18.87333484268136,18.874761982283527,14.80379709477094,14.804916587990656
2.1798389187823672,40452469292.618034,40455514150.20934,18.873439993107304,18.8748605970418,14.900212980987481,14.901339685015731
2.206129141792668,40452666949.87576,40455730831.77324,18.873532211764367,18.87496169164901,14.994346939383828,14.99548071220072
2.232736441363065,40452891369.20106,40455952967.23512,18.873636916489275,18.875065330818224,15.086253029439478,15.087393795387955
2.2596646416355184,40453123194.552444,40456180699.24878,18.873745076557988,18.87517158110577,15.175984221542036,15.177131779636827
2.2869176128735367,40453358416.91365,40456414174.24705,18.873854821530223,18.875280510831118,15.263592102490207,15.264746259610526
2.314499272018431,40453593518.256744,40456653542.64068,18.873964510040434,18.875392190169674,15.349126995314878,15.350287609243063
2.3424135832522777,40453832618.44147,40456898959.120316,18.874076064243866,18.87550669129365,15.432638034383496,15.433805010706152
2.3706645585676736,40454086081.11182,40457150582.98953,18.874194319385836,18.87562408852748,15.514173270236702,15.515346482693381
2.399256258344359,40454346445.91293,40457408578.258835,18.874315794775008,18.87574445839164,15.593779630467266,15.594958908036581
2.4281927919327986,40454615036.56237,40457673113.61999,18.874441108002937,18.875867879590693,15.671502897244295,15.672688060668321
2.4574783182447963,40454888296.79348,40457944362.36092,18.874568599863498,18.875994432973584,15.747387755574856,15.748578631944973
2.4871170463512398,40455163314.47291,40458222502.61822,18.874696911676363,18.87612420165143,15.82147779606998,15.822674256347126
2.5171132360870474,40455446358.20698,40458507717.83689,18.874828968112563,18.87625727121205,15.893815595455813,15.895017536574958
2.547471198663417,40455741037.69239,40458800196.85031,18.87496645330648,18.87639372975724,15.964442776246997,15.96565006805214
2.578195297287452,40456045192.86681,40459100133.98411,18.875108359462853,18.87653366795126,16.033399982666996,16.034612462850117
2.6092899477892684,40456355702.13876,40459407729.2495,18.875253230176902,18.876677179111024,16.10072686678236,16.101944373047296
2.6407596192566607,40456663671.12663,40459723188.58489,18.875396915700033,18.87682435931883,16.166462074630076,16.167684513537157
2.6726088346774195,40456988566.77459,40460046724.02427,18.875548498498883,18.87697530750092,16.230643396025354,16.231870684298322
2.7048421715894047,40457316849.244576,40460378553.91538,18.875701661448055,18.877130125529273,16.29330775713953,16.294539792139098
2.7374642627384485,40457660662.14835,40460718903.17467,18.875862070251813,18.877288918340543,16.35449120243105,16.35572787192952
2.770479796744201,40458007899.063644,40461068003.449554,18.87602407655696,18.87745179401179,16.414228921802767,16.415470107332585
2.803893518774003,40458364833.537674,40461426093.40954,18.876190607339748,18.877618863896277,16.47255523981753,16.47380085104694
2.837710231224885,40458736988.33918,40461793419.0371,18.876364239294414,18.877790242759197,16.529503732998872,16.530753644573117
2.8719347944137956,40459115218.38306,40462170233.80529,18.87654070570454,18.87796604886054,16.585107161876653,16.586361237514126
2.9065721272761507,40459498660.01405,40462556798.951645,18.876719603624494,18.87814640408287,16.639397455783154,16.640655606421216
2.941627208072808,40459895777.75327,40462953383.73195,18.876904882247835,18.878331434049745,16.69240582990514,16.693667973196092
2.977105075105571,40460295674.60628,40463360265.88687,18.877091457490103,18.878521268343412,16.744162745800516,16.74542882306115
3.013010827441318,40460717181.98195,40463777732.05066,18.877288115303596,18.878716040695487,16.79469798817515,16.7959679221088
3.0493496256448713,40461144096.50661,40464206077.85921,18.87748729586795,18.878915889037387,16.844040649445915,16.84531433443783
3.086126692520694,40461587169.95755,40464645608.19994,18.87769401551536,18.87912095561691,16.89221910354131,16.893496438885773
3.123347313863546,40462035946.04541,40465096637.66523,18.877903395776013,18.879331387209767,16.93926105309124,16.940541945368786
3.161016839218183,40462500565.07649,40465559491.03871,18.878120167695158,18.8795473353465,16.98519354333664,16.98647791083955
3.1991406826482205,40462972953.28551,40466034503.71845,18.878340564389653,18.8797689565099,17.030042989586256,17.031330754872155
3.237724323514275,40463462658.52024,40466522022.0743,18.878569040488237,18.879996412301736,17.073835190053643,17.07512627488206
3.2767733072614837,40463965948.495964,40467022403.83555,18.87880385466206,18.880229869623616,17.116595363448,17.117889660989555
3.3162932462165258,40464477436.61141,40467536018.61728,18.87904249374696,18.880469500922572,17.158348080549082,17.159645510536194
3.356289820394258,40465001888.43827,40468063248.42425,18.879287181160528,18.880715484426137,17.199117326914923,17.200417842262937
3.396768778314074,40465544864.58567,40468604488.13771,18.879540511251736,18.880968004369482,17.238926576939857,17.240230110157903
3.4377359378261105,40466102539.895905,40469160146.06514,18.879800699361077,18.881227251251893,17.277798758148332,17.279105216981765
3.4791971869474256,40466668310.35262,40469730644.5772,18.880064664329137,18.881493422133964,17.315756197138704,17.317065527479265
3.521158484708249,40467256011.616646,40470316420.69799,18.88033886129991,18.881766720912964,17.352820732197216,17.354132881284503
3.56362586200845,40467853632.02872,40470917926.681114,18.880617686132688,18.882047358591613,17.389013693446667,17.390328605526925
3.606605422484327,40468479949.75886,40471535630.79836,18.880909899940722,18.88233555364606,17.424355944078236,17.42567352714618
3.6501033433858567,40469110084.601776,40472170018.03052,18.88120389465485,18.882631532348174,17.45886781782569,17.460187984923454
3.6941258764645224,40469763504.8493,40472821590.76925,18.88150875337046,18.88293552909301,17.492569138238885,17.493891841235396
3.7386793488718437,40470438127.51444,40473490869.66007,18.881823504252452,18.883247786792122,17.525479354583453,17.5268044935381
3.7837701640687524,40471123991.9349,40474178394.48372,18.882143500069994,18.883568557284747,17.557617388513282,17.558944885588637
3.8294048027459335,40471824085.950645,40474884725.09407,18.882470134824974,18.883898101775426,17.58900167528597,17.590331518410675
3.875589823755259,40472553255.08939,40475610442.36887,18.882810334823287,18.88423669127756,17.619650312349187,17.62098246101083
3.922331865052462,40473294319.15567,40476356149.245056,18.88315608450014,18.884584607096453,17.64958095442546,17.650915360852032
3.9696376446511854,40474058722.10716,40477122471.836586,18.883512723130313,18.884942141350837,17.678810807210564,17.68014745409072
4.017513961588521,40474858530.70033,40477910060.6367,18.883885880560577,18.885309597533816,17.707356798726245,17.7086955755843
4.06596769690221,40475664211.070946,40478719591.78904,18.884261777518027,18.885687291105885,17.735235358023704,17.7365761686752
4.115005814619619,40476487690.21588,40479551768.39871,18.88464597864343,18.886075550106657,17.762462428984378,17.76380529475734
4.164635362758645,40477346222.21412,40480407321.96706,18.88504653397254,18.886474715824235,17.789053739205105,17.790398642631196
4.214863474340702,40478223292.770195,40481287013.963196,18.885455738621832,18.88688514352845,17.815024646637774,17.816371537653847
4.265697368415905,40479129514.3186,40482191637.49257,18.885878543911925,18.887307203249314,17.84039011365713,17.841738950690083
4.317144351100639,40480064296.58037,40483122019.06929,18.886314674443202,18.88774128060395,17.865164803171844,17.866515506870552
4.369211816627631,40481015618.719635,40484079020.56049,18.886758521793528,18.888187777703717,17.889362960622204,17.8907154941629
4.421907248408684,40482002401.69786,40485063541.25956,18.887218913696703,18.88864711412151,17.912998533109224,17.914352871762055
4.4752382201102385,40483018126.45997,40486076520.00109,18.887692808632718,18.889119727878516,17.936085205002197,17.937441278304924
4.529212396741896,40484048355.44284,40487118937.664925,18.888173470635,18.88960607661248,17.958636220377816,17.959994039915966
4.583837535758073,40485126982.42602,40488191820.03755,18.888676713131638,18.89010663891272,17.980664618668715,17.982024178091834
4.639121488172954,40486236871.20743,40489296240.39625,18.889194541083334,18.890621915525777,18.00218322130526,18.003544417429303
4.695072199688863,40487367000.74385,40490433322.385254,18.88972181252963,18.891152430697336,18.023204390538282,18.024567193200287
4.75169771183828,40488540136.79965,40491604243.59814,18.890269149029482,18.891698733843583,18.043740261764793,18.045104658783135
4.8090061631396015,40489762167.03696,40492810239.238144,18.8908392975212,18.89226140125899,18.063802840675212,18.065168692957865
4.867005790266854,40490988219.330215,40494052606.04597,18.891411322536975,18.892841037948834,18.083403631382648,18.08477090707052
4.925704929233514,40492268742.71478,40495332706.641556,18.892008761498825,18.893438279654927,18.10255389942752,18.103922652073535
4.9851120165906035,40493585292.398506,40496651974.25765,18.892623008833738,18.894053795064064,18.121264818048168,18.122635025449405
5.0452355906392325,40494949530.71543,40498011918.03975,18.893259505701817,18.894688288280776,18.13954725928105,18.14091887802585
5.106084292657776,40496350396.652565,40499414128.81418,18.89391309149436,18.895342501518474,18.15741184015519,18.15878482069074
5.1676668681438365,40497796847.81635,40500860285.35064,18.89458794545804,18.896017218021296,18.174868915201277,18.176243231014297
5.229992168071196,40499407340.29653,40502352161.39306,18.895339334278436,18.896713265344392,18.191929301450426,18.19330425978807
5.293069150161929,40500838254.89211,40503891633.48206,18.896006939525464,18.897431519003586,18.208602299919104,18.20997783749097
5.356906880173848,40502417279.35721,40505480689.60976,18.896743646678594,18.898172906513327,18.224896925455543,18.226273680693293
5.4215145332034815,40504060555.03392,40507121438.86519,18.897510330775233,18.89893841188686,18.24082331329127,18.242201298410166
5.486901395004776,40505746995.347694,40508816122.198074,18.898297153696568,18.89972908065813,18.256390780604058,18.257769998417302
5.5530768633236836,40507501515.11377,40510567124.5138,18.899115739659322,18.900546025524825,18.271608446512953,18.272988893543484
5.620050449248863,40509313477.47597,40512376988.20694,18.89996112594873,18.90139043266252,18.28648529182244,18.287866907955728
5.687831778578659,40511177942.20159,40514248428.49512,18.900831007657654,18.90226356887886,18.301029998662898,18.302412783455036
5.756430593204574,40513123275.174065,40516184350.844345,18.901738619127723,18.90316678974345,18.3152511740418,18.31663508580423
5.825856752511429,40515116696.914,40518187870.725174,18.90266866681696,18.90410154880531,18.329157194632508,18.33054221111135
5.896120234794399,40517192428.61986,40520262336.1345,18.903637116913515,18.90506940810056,18.3427562488377,18.344142392295616
5.967231138693149,40519338986.854706,40522411353.40288,18.90463861172324,18.906072050193075,18.35605645521513,18.3574437056674
6.039199684643272,40521571212.571884,40524638816.97704,18.905680075417816,18.90711129206975,18.36906575940781,18.370454077659705
6.11203621634521,40523882180.07691,40526948943.8751,18.9067582767562,18.908189101215875,18.3817919618372,18.383181291755264
6.1857512022509145,40526271375.292404,40529346313.75117,18.90787297589126,18.90930761430762,18.3942426372131,18.395632995661664
6.2603552370684294,40528768025.36133,40531835915.77536,18.909037808992515,18.910469159084293,18.40642534046357,18.40781670879719
6.335859043284609,40531344846.55656,40534423203.78877,18.910240046607463,18.911676280081352,18.418347456395658,18.41973983016347
6.412273472706223,40534032395.06578,40537114161.68717,18.911493944982627,18.91293176913573,18.43001621485951,18.43140964669823
6.489609508019627,40536841848.93196,40539915381.36169,18.912804719328026,18.914238701749706,18.441438904432044,18.442833342222613
6.567878264369249,40539753690.3455,40542834156.24173,18.914163263445325,18.91560048073416,18.452622593901584,18.454018007124837
6.647090990955133,40542798662.25277,40545878594.79948,18.915583920714894,18.91702088916502,18.463574248288403,18.464970648959405
6.727259072649714,40545970480.91539,40549057759.37003,18.917063759405703,18.918504155151,18.474300801553508,18.47569820419055
6.808394031634124,40549305856.78061,40552381837.394455,18.91861990708587,18.92005503172846,18.484809192966726,18.486207551372235
6.89050752905422,40552778447.14855,40555862355.09012,18.920240073347067,18.92167889655112,18.495106252605744,18.49650552614461
6.973611366696582,40556429066.84018,40559512447.43653,18.92194330068751,18.923381877854215,18.5051987309409,18.506598938550116
7.057717488684729,40560253319.15549,40563347203.76565,18.92372753778981,18.925171015692555,18.515093418289734,18.51649459334403
7.142837983195795,40564291104.02692,40567384116.635155,18.925611400303236,18.927054471366148,18.52479714178185,18.52619931421807
7.228985084197899,40568534984.0244,40571643675.13227,18.927591418232204,18.92904180423107,18.5343167446455,18.53571997321476
7.3161711732084855,40573046701.60985,40576150163.904465,18.929696398041937,18.931144344493973,18.54365921040565,18.54506352714698
7.404408781073854,40577828080.413445,40580932762.92908,18.931927190562444,18.933375706318866,18.552831706467185,18.554237063658796
7.493710589770156,40582911593.428894,40586027101.37214,18.934298946342228,18.935752512793005,18.561841420992387,18.56324786087628
7.58408943422613,40588352224.83637,40591477519.45053,18.93683731871329,18.938295451217748,18.57069585594736,18.572103466757184
7.67555830416779,40594208212.541916,40597340480.92288,18.939569479060822,18.941030865234872,18.57940296142702,18.580811807959872
7.768130345985381,40600531402.985794,40603689952.58636,18.94251961677786,18.943993264676095,18.587971107376966,18.58938134478971
7.861818864622859,40607448055.45037,40610626360.026436,18.945746639195185,18.947229503943497,18.59640945226404,18.59782130182098
7.956637325490131,40615086517.95701,40618292582.23942,18.949310428162324,18.950806244435256,18.604728344807974,18.60614203118394
8.052599356398389,40623646973.13314,40626905345.52907,18.95330438056883,18.954824601632346,18.61293970665241,18.61435562966211
8.149718749518765,40633469783.675026,40636825755.17456,18.95788729549511,18.959453052241795,18.621058169126847,18.622477105788363
8.24800946336461,40645179387.52553,40648755629.71891,18.96335050971862,18.9650190356113,18.629103358591482,18.630526998373362
8.3474856247977,40660271680.50504,40660705423.10653,18.9703919460237,18.970594312284767,18.637106183957897,18.638518153450583
8.448161531058608,40685542008.80106,40667066407.53509,18.9821820303632,18.97356208310343,18.64514282146614,18.646420998654694
8.550051651821585,40690828156.63758,40667798558.85698,18.984648327124113,18.973903674464385,18.6531572741926,18.6541756271924
8.653170631274223,40680476462.155334,40667260034.17545,18.979818656944417,18.973652421242036,18.660953335856657,18.66174756274077
8.757533290222188,40700937209.78362,40666732461.69026,18.989364790946354,18.973406277859066,18.668621586373103,18.669134213838205
8.863154628219347,40703877397.58171,40666219251.73022,18.99073656030793,18.973166835433073,18.6762369142147,18.67634011022741
8.970049825723585,40691551675.32763,40665688967.1685,18.984985890858027,18.972919426707975,18.68361944358122,18.683369518280365
9.078234246278617,40697076283.18364,40665151577.07573,18.98756344314789,18.97266870283756,18.69079007055681,18.690226486013117
9.187723438722127,40697239238.647705,40664614786.85829,18.987639471391073,18.972418258844034,18.697822068957233,18.696915063145283
9.298533139420517,40683389815.6658,40664068640.22361,18.981177906543266,18.972163449535298,18.70461136012349,18.703439190426074
9.410679274530622,40684148113.268364,40663509812.7524,18.981531696671514,18.971902723875562,18.711167932705475,18.70980264206115
9.524177962288718,40703597429.54667,40662945292.03485,18.99060593886499,18.971639341983828,18.717681471034666,18.716009123425707
9.639045515327101,40679377024.297134,40662377216.3561,18.979305704958897,18.97137430149503,18.724012876403094,18.72206230238424
9.755298443018628,40691745850.160675,40661802147.37076,18.985076484760544,18.97110599822018,18.730129990262633,18.72796575253303
9.872953453849549,40682537858.062035,40661220113.28899,18.980780418553223,18.970834445320982,18.7361189332392,18.7337229440712
9.992027457820912,40693802137.014046,40660629864.238914,18.986035862697527,18.970559059659184,18.74197803034461,18.739337258188385
10.112537568878977,40690117222.47231,40660030348.12022,18.984316634806145,18.97027935036853,18.747739709353393,18.74481198325182
10.234501107374921,40710449762.33434,40659423169.49604,18.993802952395747,18.969996066071452,18.753457687666295,18.75015033286277
10.357935602554209,40703724070.464836,40658810011.61997,18.990665024251165,18.969709992104086,18.759114502792354,18.75535546266028
10.48285879507597,40693789974.20853,40658189648.32973,18.98603018803825,18.969420556390098,18.764545116203433,18.760430455950512
10.60928863956282,40696791499.49782,40657561814.045555,18.987430574922556,18.969127635021014,18.769809182254523,18.765378314777855
10.737243307181362,40692365575.224884,40656924866.39782,18.98536562270481,18.968830461735465,18.774940414727016,18.770201959472416
10.866741188253847,40703766541.21823,40656279327.55119,18.99068483933859,18.96852928015377,18.77998915311466,18.774904235057015
10.997800894901342,40676812656.227776,40655626762.73157,18.978109277454625,18.96822482054524,18.784831049308547,18.779487930721935
11.130441263718758,40699706567.684135,40654966592.14012,18.988790624517858,18.967916812399864,18.789537445031826,18.78395577495175
11.264681358482123,40686854367.71735,40654296048.92315,18.9827943224603,18.967603964818746,18.794186652149904,18.788310413019616
11.400540472888565,40684174409.821526,40653616673.44481,18.9815439655497,18.96728699647176,18.798640205061048,18.792554420891555
11.538038133329287,40717905191.3758,40652931632.222694,18.997281345559315,18.96696738472433,18.803161063321753,18.796690339572216
11.677194101695985,40682304311.94017,40652238743.11844,18.980671455644565,18.966644111481443,18.807562181839007,18.800720655128583
11.818028378221166,40685464728.2498,40651534227.63321,18.982145974471624,18.966315413852666,18.811681022071937,18.804647761732106
11.960561204352672,40674601512.306725,40650819564.86659,18.977077649649456,18.965981981924358,18.81565924317648,18.808473984297905
12.104813065662881,40657223526.549,40650097611.712975,18.9689698041425,18.96564514860464,18.819386913748293,18.812201616669487
12.250804694792999,40686789076.71487,40649367080.58948,18.982763860393607,18.965304313160882,18.823095182559552,18.815832906881102
12.39855707443289,40669318857.778305,40648625228.27603,18.97461298272084,18.964958195720676,18.82678088611807,18.81937002738137
12.548091440336803,40679502275.93675,40647873164.56784,18.979364142165466,18.964607314068314,18.830339912182964,18.82281509024973
12.699429284375467,40714389565.049225,40647113016.183075,18.99564110050943,18.964252660442057,18.834064533828066,18.826170175447942
12.852592357625056,40697788657.50806,40646343192.55313,18.987895807384234,18.963893492748735,18.83780027199921,18.829437316499803
13.007602673493352,40702948517.36568,40645563526.14623,18.99030318342576,18.963529732824988,18.84138499234485,18.832618489081746
13.164482510883603,40694643453.6597,40644774072.604164,18.986428386059007,18.96316140663096,18.844866955256837,18.835715621451914
13.32325441739661,40691421587.12509,40643974371.78468,18.98492519711232,18.962788299483414,18.848202885573468,18.838730593931857
13.483941212571365,40693878582.446236,40643164318.95893,18.98607152895727,18.962410362520224,18.851455742570906,18.841665239184806
13.646565991164776,40677189472.20865,40642344047.06509,18.978285084121755,18.96202765776481,18.85455224119998,18.844521346618684
13.811152126471006,40679034752.385086,40641513617.57991,18.979146015117795,18.961640213899674,18.857493953342832,18.847300664319278
13.977723273680795,40679778421.738174,40640672256.229965,18.97949298031314,18.96124766968103,18.860380243176348,18.85000489498991
14.146303373281274,40687365985.4122,40639819620.75359,18.983033022001564,18.960849865423818,18.863244423441227,18.852635694837264
14.316916654496875,40695845005.1679,40638956544.26176,18.986988980027316,18.960447189822972,18.866129572506832,18.855194683581285
14.489587638771654,40683813787.991554,40638082439.44107,18.981375714399963,18.960039368862486,18.86892605546049,18.857683443879274
14.664341143293623,40684756866.74708,40637197045.18857,18.981815715730225,18.959626280722578,18.871595432602252,18.860103516214316
14.84120228456165,40673196938.351776,40636300931.02031,18.976422333849996,18.959208191115753,18.87414247598941,18.862456406304755
15.020196481995317,40673730270.54626,40635391784.67155,18.97667116447381,18.958784021235438,18.87656863417867,18.86474357446849
15.201349461588306,40684033024.51216,40634470379.14219,18.98147800104373,18.958354131731245,18.878997524887314,18.866966438020846
15.384687259605924,40697080610.74955,40633538275.259445,18.98756546221019,18.95791925082024,18.881498014466388,18.86912639362314
15.570236226327143,40676387908.94054,40632594077.254166,18.977911108033126,18.957478727294585,18.883895892164432,18.871224805661566
15.758023029831811,40685789175.599625,40631637747.70063,18.982297348113207,18.957032543692993,18.88617555129206,18.87326299832156
15.948074659833509,40659564546.295105,40630668718.60887,18.970062026606872,18.956580435014963,18.888307041585772,18.875242261052694
16.14041843155869,40696346014.94478,40629687034.163475,18.987222730355175,18.95612242187519,18.890448465921903,18.877163849880436
16.335081989672556,40682486302.103355,40628693133.85563,18.980756364686812,18.95565870932198,18.892664162417905,18.87902899375907
16.532093312252265,40688156660.03589,40627686370.33753,18.9834019179015,18.955188995329774,18.8947827511586,18.880838891341952
16.731480714808132,40670528716.42879,40626666210.01774,18.97517745245629,18.954713030946987,18.896784287692505,18.882594706361154
16.933272854353273,40673502114.20331,40625632968.77148,18.97656471621186,18.95423096354787,18.898658093963622,18.884297573802698
17.13749873352231,40676309411.5155,40624586614.45174,18.97787448439885,18.953742778133968,18.90051944966468,18.885948603319378
17.34418770473983,40680018994.878914,40623525879.563614,18.979605221736595,18.953247883344854,18.902372753918037,18.887548871050477
17.553369474439055,40691591492.991615,40622451137.69781,18.985004468124263,18.952746453482426,18.904266871601678,18.88909942275362
17.765074107331372,40676849239.21149,40621362913.19911,18.978126345553555,18.952238733184153,18.906097723865162,18.890601284378203
17.979332030727445,40692345691.85104,40620260527.147865,18.985356345949405,18.951724405694353,18.907890370034455,18.892055456672917
18.196174038910378,40680850446.50637,40619143631.56397,18.979993142490812,18.951203308659988,18.909661764891393,18.89346291101241
18.415631297561585,40691534542.355,40618012102.761795,18.98497789732546,18.950675384374478,18.91138744394087,18.894824593158337
18.637735348240156,40682640761.3556,40616865821.06556,18.98082842895086,18.950140577002088,18.913081484693492,18.896141425120703
18.862518112916142,40686258936.99004,40615704474.908356,18.98251651924338,18.94959874117865,18.914706647865692,18.897414304675703
19.090011898558522,40668970230.45089,40614528048.907455,18.974450327707213,18.949049869727226,18.916217061081213,18.898644106532416
19.320249401778593,40690785931.62213,40613336248.33607,18.984628626687794,18.94849382514055,18.917718005180255,18.89983168295334
19.553263713529255,40682125601.77373,40612128609.1319,18.9805880769124,18.947930390906453,18.91925508673193,18.90097786181006
19.789088323861044,40699160076.247894,40610905048.142555,18.988535654339053,18.947359528229487,18.9208028855417,18.902083448348677
20.027757126735455,40694453469.65941,40609665563.470375,18.986339747424783,18.946781236224282,18.922381427660923,18.90314922827019
20.269304424896426,40761407578.87501,40608409865.98364,19.017577750559564,18.946195379994,18.92426897492949,18.904175967042978
20.513764934800466,40673356499.42859,40607137470.34305,18.976496778413235,18.945601733099505,18.925990068947634,18.90516440771325
20.76117379160629,40669065724.12484,40605848250.61613,18.97449488108446,18.94500023678594,18.927162806882123,18.90611527235665
21.011566554224647,40680258722.07162,40604542015.93928,18.979717068475875,18.944390802004296,18.92834642072892,18.90702926418853
21.264979210429043,40691325764.21964,40603218473.16583,18.98488049012935,18.943773291984517,18.929625015305977,18.907907067085404
21.52144818202804,40682853300.130974,40601877532.8895,18.98092759070522,18.943147665013353,18.930887010092203,18.908749346613966
21.78101033010006,40705098637.1833,40600518897.51146,18.991306339921902,18.942513782243566,18.9321962435415,18.90955675042667
22.043702960291224,40680070266.83963,40599142216.54523,18.97962914310137,18.941871480152734,18.93345751152276,18.910329907248318
22.309563828177094,40680773627.793335,40597747256.56616,18.979957302073746,18.941220649834634,18.934555310753648,18.911069427684815
22.578631144689147,40701578045.55198,40596333904.81583,18.989663778267303,18.940561238680864,18.935746636308984,18.911775905966437
22.85094358160664,40661530236.42345,40594901622.1392,18.970979135879336,18.93989299514411,18.936801366868853,18.91244991862794
23.126540277114675,40669080766.52863,40593450157.257515,18.974501899244547,18.939215801988155,18.937653079813085,18.913092024185925
23.405460841429427,40687227954.41105,40591979523.043015,18.98296862247632,18.938529665218642,18.938626991403844,18.913702766615867
23.687745362491093,40652246830.73495,40590489236.08559,18.96664788482699,18.937834359296524,18.939483031391216,18.914282674388456
23.9734344117255,40686924849.66513,40588979026.23329,18.982827206406206,18.937129758180134,18.940319422767075,18.914832259296247
24.26256904987534,40692921576.00589,40587448722.81483,18.98562502954844,18.93641578224134,18.9413598496264,18.915352018573486
24.555190832901552,40699334033.932915,40585897978.40982,18.98861681576101,18.935692269388248,18.942444223787913,18.915842434804777
24.851341817956033,40684279449.05807,40584326475.842155,18.98159297248951,18.934959071639668,18.943454432687926,18.916303975469347
25.15106456942623,40659132306.4958,40582733851.06466,18.96986036149081,18.93421601914633,18.944218186592398,18.91673709320448
25.454402165052805,40690700731.120255,40581119841.0665,18.984588875676604,18.93346298919831,18.945001213859967,18.917142226461372
25.76139820212097,40661929989.9922,40579484358.168526,18.97116564427113,18.932699940888174,18.945779153102357,18.917519801371167
26.072096803726463,40701410628.41072,40577827040.70392,18.98958566839108,18.931926705477217,18.94660011412389,18.917870231476645
26.38654262511724,40628119013.76206,40576146955.8755,18.95539084876058,18.931142847761063,18.94721102255561,18.91819391334988
26.70478086011153,40697533636.145256,40574444147.43451,18.98777682502118,18.930348388152222,18.947790757758405,18.91849122928619
27.02685724759327,40664305243.32231,40572718811.16235,18.97227383870223,18.92954341799416,18.94855335170509,18.91876255385254
27.35281807808605,40649590879.00951,40570970080.508484,18.965408728197218,18.928727532990425,18.949033521654794,18.919008248999308
27.68271020040616,40664542038.94997,40569197375.171524,18.972384317695163,18.927900462396526,18.94950460701794,18.91922866011466
28.016581028395926,40672229828.204575,40567400714.66984,18.9759711204717,18.92706221531892,18.950089411889653,18.91942412132443
28.354478547738374,40650158339.07483,40565579875.988106,18.96567348146639,18.926212687707928,18.950579879944,18.91959495770567
28.696451322853907,40665730145.84584,40563734331.5048,18.972938638966443,18.92535163339729,18.951024052543612,18.919741482475082
29.042548503880234,40686191148.626,40561863745.06929,18.982484892011634,18.924478895553104,18.951657010074342,18.919863996661153
29.39281983373656,40666943081.50935,40559967727.76254,18.97350454430822,18.923594292721916,18.952280359858715,18.91996279015138
29.747315655272857,40695368493.656,40558045884.50586,18.986766659571156,18.922697640576438,18.95294124209389,18.920038141632137
30.10608691850536,40674799747.001495,40556097839.34665,18.977170137714626,18.92178876371282,18.953628265973876,18.920090318926476
30.469185187939466,40858480632.8072,40554123243.10251,19.062868000830424,18.920867499217078,18.955207268019596,18.920119579505467
30.8366626499808,40709856094.88975,40552121699.842125,18.993525971853217,18.919933662364123,18.956931601369373,18.920126170620595
31.208572120435743,40642226412.93384,40550092695.50239,18.961972774570874,18.918987013313487,18.957422571170458,18.920110328632234
31.58496705210235,40660772780.52935,40548035993.02231,18.970625738457258,18.918027441462367,18.957633490148936,18.920072280158816
31.965901542452947,40701910776.97358,40545951230.24739,18.98981901691229,18.917054777844537,18.958170024168655,18.920012243133893
32.35143034140928,40631349762.87371,40543837520.581024,18.956898181948336,18.91606860881089,18.958527531116417,18.9199304234088
32.74160885921138,40674718791.359955,40541694654.04076,18.97713236717875,18.91506883639234,18.95873005770451,18.91982701591974
33.13649317438156,40671483638.09502,40539522486.00702,18.97562297919621,18.91405539311541,18.959148054126054,18.919702209026866
33.53614004178425,40652335401.79591,40537320378.38877,18.96668920840089,18.913027981273363,18.95943191172488,18.919556182285504
33.94060690078302,40669036729.04013,40535087873.30983,18.97448135318367,18.911986387240205,18.959696708292167,18.919389104945783
34.34995188349621,40668529144.352066,40532824522.04162,18.974244535275663,18.910930401657843,18.960044160856476,18.91920113723766
34.764233823151955,40676944124.674484,40530529854.646614,18.978170615164867,18.909859805272973,18.96042737984927,18.918992430516976
35.1835122625439,40636681807.265,40528203382.719955,18.959385892133138,18.908774370216197,18.960623893163422,18.9187631272565
35.60784746258914,40691359080.0247,40525844627.27487,18.98489603389858,18.9076738730122,18.960898564542102,18.918513361207296
36.03730041098919,40660957678.042305,40523453096.686615,18.97071200394801,18.906558084289326,18.961298077859766,18.918243257586827
36.4719328309954,40664532184.95274,40521028286.10219,18.972379720229828,18.905426768504157,18.961540984628552,18.91795293313815
36.91180719028024,40655593401.24574,40518569684.019966,18.968209255463265,18.904279687011304,18.961748074658196,18.917642496221077
37.356986709915475,40662803677.02305,40516076795.27963,18.97157327030825,18.903116608789556,18.96194124022861,18.9173120470651
37.807535373458514,40651047290.62737,40513549089.898544,18.966088229294574,18.90193728657105,18.96210407556936,18.916961677858154
38.26351793614863,40660409593.50792,40510986038.47308,18.970456290495857,18.90074147335807,18.962250521055935,18.916591472749097
38.724999934213855,42026480679.47025,40508387105.36057,19.60780825239288,18.899528919242023,18.970040190778708,18.916201508006655
39.19204769429011,40593982224.73714,40505751660.0403,18.939464042548607,18.89829933004816,18.977185465759426,18.915791851644286
39.66472834295417,40623454419.51129,40503079142.88462,18.953214543056042,18.897052444677495,18.97645564108347,18.915362563488756
40.143109816371364,40690784950.764656,40500369047.12807,18.984628169060482,18.895788026694333,18.976279370950227,18.914913696057397
40.62726087005974,40638168472.91594,40497620774.02525,18.960079508504236,18.894505796748977,18.976184624958268,18.91444529451035
41.11725108877194,40641897706.73207,40494833732.42134,18.961819413926076,18.89320547903316,18.975823800204584,18.913957396361738
41.61315089649633,40636115556.78924,40492007332.38876,18.959121703208154,18.891886798311212,18.975459862875677,18.91345003170933
42.11503156657874,40641971436.20366,40489140919.673744,18.96185381303155,18.890549449335527,18.975105340912968,18.912923223059362
42.62296523196612,40639081211.98452,40486233878.41947,18.960505354598222,18.88919314477293,18.97477531905316,18.912376985366464
43.13702489557402,40667484379.211945,40483285590.545685,18.973757091306883,18.887817596252866,18.974595157691034,18.911811326411183
43.65728444077888,40658707418.26869,40480295389.34901,18.96966212631263,18.88642249271927,18.974526503105132,18.91122624668735
44.18381864203688,40631653975.58636,40477262616.25769,18.95704011494965,18.88500752690995,18.97426084205005,18.910621739352862
44.71670317563108,40639017087.25801,40474186605.00679,18.960475436667398,18.883572387973384,18.97389379059185,18.90999779040533
45.25601463054789,40576155020.349625,40471066661.95229,18.931146610309334,18.882116752284126,18.97322637704448,18.909354378657273
45.80183051948482,40657315434.15431,40467902096.39504,18.969012684409243,18.88064029759067,18.97268067831741,18.908691475772258
46.35422928999115,40640212877.72437,40464692231.226395,18.961033342773153,18.879142707982275,18.972498687950633,18.90800904652607
46.91329033574276,40616133572.74302,40461436326.530426,18.949798940384664,18.87762363824495,18.972093174138752,18.907307048695305
47.479094007952895,40591704391.611374,40458133583.208954,18.938401300333727,18.8760827155527,18.971429159287208,18.906585432549118
48.05172162692088,40651602196.47124,40454783302.9914,18.96634712528607,18.87451961412152,18.97097969782819,18.905844141262577
48.631255493719785,40664349873.679474,40451384773.014854,18.97229466137097,18.872934001359216,18.970940820092903,18.90508311155747
49.21777890202509,40656614514.47838,40447937177.798294,18.968685664435554,18.871325496796253,18.970929886956064,18.90430227320453
49.811376150086275,40613955745.457016,40444439728.73604,18.948782856735964,18.869693732502014,18.97063953751482,18.903501548773743
50.41213255284251,40617288679.84957,40440891634.30216,18.95033786532651,18.86803833918342,18.97014024451051,18.902680853936403
51.02013445418457,40629956260.147,40437292070.69365,18.956248031523586,18.86635893248824,18.969741521570782,18.90184009743302
51.6354692393646,40662382325.20983,40433640197.096016,18.971376685073732,18.864655120127395,18.969602123309713,18.90097918096561
52.2582253475557,40674298861.721825,40429935185.42372,18.97693644547199,18.862926515750615,18.96971042096946,18.90009799934181
52.8884922845628,40736682116.44505,40426176177.77626,19.006041877975424,18.861172719097194,18.970228464986928,18.89919644054236
53.526360635686835,40592669130.18051,40422362265.8208,18.938851407232317,18.85939330637681,18.970276246640385,18.89827438543862
54.171922078744295,40610261747.28927,40418492553.63637,18.94705939080242,18.857587859589984,18.96962954967799,18.897331707753
54.825269397243595,40687157910.1445,40414566121.08007,18.982935942734276,18.85575594943631,18.969522359541475,18.89636827416181
55.48649649372027,40680977403.35058,40410582046.871796,18.980052375274937,18.8538971460848,18.969805788147237,18.895383944322816
56.15569840323338,40640634766.015495,40406539430.306595,18.961230178305954,18.85201102930398,18.969824245874655,18.894378571149687
56.83297130702432,40638245891.83553,40402437304.017,18.960115628952725,18.850097147760412,18.969607355057256,18.893352000714152
57.51841254634043,40673199097.1118,40398274674.492386,18.976423341037652,18.84815503792336,18.969576816470646,18.89230407189653
58.21212063642555,40639747452.87413,40394050536.080734,18.960816194892296,18.846184230597405,18.96955303407338,18.891234616344946
58.91419528067912,40611871707.02317,40389763854.19439,18.94781053106556,18.844184243086968,18.969191055504638,18.89014345841916
59.6247373849859,40630158534.98962,40385413607.553375,18.956342404553737,18.84215459890529,18.96878618610592,18.88903041527822
60.34384907221895,40588406678.80827,40380998753.332535,18.936862724672164,18.840094811513506,18.968259233227833,18.88789529700438
61.07163369691718,40595879279.229095,40376518209.97743,18.940349129287284,18.838004376303303,18.967556940884137,18.886737906437084
61.808195860139854,40672177225.4597,40371970874.924095,18.97594657821838,18.83588277886417,18.96733655041102,18.88555803901497
62.553641424500675,40803454994.205666,40367355635.55806,19.037195326049655,18.833729500096474,18.968270432656855,18.884355482779934
63.308077529382736,40617215367.21243,40362671363.375305,18.950303660698662,18.831544013487164,18.968867907356394,18.883130018408767
64.07161260633724,40594151328.48095,40357916893.61496,18.939542939323445,18.82932577560725,18.96829985267224,18.88188141909882
64.84435639466776,40622600748.51761,40353091035.31693,18.952816255669514,18.827074230804282,18.96777672672362,18.88060945040033
65.62641995720267,40582366036.62026,40348192577.669785,18.9340444122218,18.824788814163988,18.967198584183556,18.87931387014327
66.41791569625771,40614394728.57491,40343220325.37567,18.948987668004065,18.822468968010106,18.966591179811182,18.877994428597514
67.21895736979077,40620883840.38394,40338173034.16164,18.952015217730395,18.820114111816615,18.96621020011962,18.87665086846483
68.02966010775216,40554123452.762726,40333049404.170975,18.920867597035816,18.817723639124424,18.965502712461454,18.875282924480093
68.85014042863149,40614609661.84986,40327848140.24492,18.94908794693235,18.815296945666315,18.964781525807886,18.8738903233208
69.68051625620426,40628008360.78818,40322567911.54447,18.955339222684366,18.812833410528153,18.964484212670516,18.872472783625405
70.52090693648064,40609094156.47978,40317207361.11325,18.946514641483905,18.81033240061052,18.964162389827223,18.871030015842546
71.37143325485853,40611468797.32418,40311765147.92859,18.94762255015464,18.807793290247997,18.963757485920148,18.86956172237017
72.23221745348323,40598350899.4395,40306239890.43218,18.9415022844974,18.80521543486294,18.963302285811455,18.86806759760845
73.10338324881701,40673577654.62064,40300630138.155785,18.97659996022931,18.802598157727175,18.96320406029532,18.86654732754343
73.98505584942022,40725330529.79114,40294934434.37085,19.000745699688025,18.79994077919174,18.963809175532987,18.865000589532993
74.87736197394675,40698849228.57514,40289151307.38322,18.98839062574126,18.797242612625343,18.964537033705913,18.8634270523937
75.78042986935695,40598851378.01682,40283279235.079216,18.941735786989636,18.794502947873035,18.96454618689205,18.861826376240565
76.69438932934987,40490702306.27415,40277316660.944214,18.891277927394444,18.79172105872982,18.963404466363553,18.860198212224997
77.61937171301778,40572132741.83014,40271262033.10071,18.929269982414905,18.788896221154186,18.96214840712494,18.858542202583916
78.55550996372601,40568046608.68029,40265113756.13277,18.927363562605287,18.786027690791403,18.961346739779284,18.856857980634402
79.50293862822011,40669114606.42023,40258870176.25278,18.974517687530764,18.78311469605294,18.961103548534673,18.85514517042126
80.4617938759637,40576906889.891426,40252529642.10793,18.931497401371736,18.780156466486254,18.960908684997303,18.85340338662957
81.43221351870939,40630491420.36467,40246090460.49228,18.956497715027005,18.77715221211185,18.960509805313862,18.85163223458712
82.41433703030589,40564375883.28991,40239550881.23419,18.925650954781883,18.77410111637243,18.9600471539198,18.84983130993943
83.40830556674398,40522023186.03012,40232909147.142235,18.90589094743853,18.771002359435542,18.958996768342693,18.84800019852716
84.41426198644395,40573291169.004105,40226163471.08824,18.929810456362148,18.7678551075015,18.95802364281803,18.84613847641342
85.4323508707883,40591581599.62681,40219312013.36659,18.93834401069992,18.764658502240163,18.957456915457154,18.84424570965859
86.46271854490156,40565842336.24559,40212352896.38109,18.926335140749902,18.761411667643223,18.956860988017354,18.842321454057828
87.50551309868081,40538431425.83934,40205284213.36316,18.91354634981191,18.758113714091756,18.95598537330057,18.84036525501388
88.56088440808018,40540390771.41612,40198104014.979294,18.914460498980446,18.754763732107808,18.954990810699552,18.838376647386408
89.62898415665175,40516291819.937485,40190810280.07794,18.903216930353306,18.751360778706115,18.953896586574924,18.83635515510861
90.70996585734608,40536310637.56249,40183400966.37765,18.91255687819297,18.74790390104307,18.952807198045157,18.83430029093407
91.80398487457624,40425716261.363205,40175874062.576965,18.860958141224067,18.74439216072906,18.95123869887509,18.832211556757795
92.91119844654749,40522539976.2744,40168227496.935356,18.90613206027626,18.740824591176104,18.94963812400483,18.830088443707602
94.03176570785615,40588607913.45643,40160459091.52947,18.936956612390833,18.737200176255733,18.948974720627348,18.82793043147687
95.16584771236167,40484177740.92321,40152566627.18721,18.888233836519763,18.733517880594523,18.948109365626404,18.825736987782687
96.31360745633391,40482625109.156235,40144547864.83902,18.88750944310206,18.729776659535734,18.946682174648288,18.82350756831243
97.47520990187972,40567735535.83605,40136400528.6288,18.927218428951843,18.725975451259547,18.945753474788077,18.821241616694884
98.65082200065248,40554871555.17741,40128122292.736465,18.921216630513353,18.72211317063503,18.94524282353809,18.81893856430606
99.84061271784705,40584908675.28014,40119710769.91504,18.935230701687203,18.718188703872013,18.944840604323364,18.816597829943465
101.04475305648423,40588517917.94721,40111163532.59462,18.936914624228613,18.71420091836733,18.944632995668087,18.814218819562452
102.26341608198875,40438737116.19236,40102478113.17983,18.867033130627046,18.71014866284359,18.943617362779143,18.81180092613644
103.49677694706244,40588288159.831856,40093651985.307686,18.93680742864627,18.706030758604875,18.942634438660008,18.8093435294178
104.74501291685849,40524723551.00045,40084682572.97223,18.907150825441484,18.701846003793936,18.94214297155303,18.806845995652267
106.00830339445916,40592074765.542816,40075567245.8651,18.938574101408477,18.697593171218266,18.941688413055598,18.80430767732429
107.28682994666,40495936872.034424,40066303310.83393,18.893720158103577,18.693271004364963,18.94108010942784,18.8017279128353
108.58077633006585,40439412806.881355,40056888019.6566,18.867348379804554,18.688878221027867,18.93964379753693,18.799106026185985
109.89032851750162,40486309489.43758,40047318589.48459,18.88922842172976,18.68441352284558,18.938191731990006,18.796441326822382
111.21567472474072,40532427045.50906,40037592170.154274,18.910744955636453,18.679875580050282,18.937288113941158,18.793733109416205
112.5570054375567,40566925125.43248,40027705838.95907,18.92684032515771,18.675263029028613,18.9368510659407,18.79098065344174
113.91451343910114,40482332641.65052,40017656625.146484,18.887372989925886,18.670574483751,18.936143565239266,18.788183222870263
115.28839383761098,40466631886.57382,40007441495.78309,18.8800476705086,18.665808529176825,18.934900807909884,18.78534006592762
116.67884409445062,40425307300.65576,39997057340.70212,18.86076733716423,18.660963714231606,18.93337147707792,18.782450414696306
118.08606405249265,40483599611.14744,39986500992.23588,18.887964105207384,18.65603856101333,18.931975456249795,18.77951348475387
119.51025596483952,40630940680.730446,39975769244.31506,18.956707321231594,18.651031573703367,18.931751954682774,18.77652847503461
120.95162452389278,40538676204.50151,39964858790.84096,18.91366055335678,18.64594120981355,18.93183020790331,18.773494567456705
122.410376890773,40678713012.01778,39953766240.3136,18.97899590444169,18.64076588701102,18.93217833118951,18.770410926301036
123.88672272509324,40427035633.71187,39942488187.683,18.86157370549706,18.635504016641057,18.931888214553595,18.767276698084526
125.38087421509283,40513079404.27141,39931021132.00597,18.901718150788874,18.630153965309145,18.93070073536909,18.76409101137341
126.89304610813464,40512509694.64671,39919361467.22542,18.901452347968842,18.62471405057901,18.93001091851968,18.760852976097276
128.42345574156886,40401567748.11487,39907505543.74075,18.849691449136163,18.619182569698765,18.92871748535025,18.757561683171062
129.97232307397022,40445640639.19835,39895449623.84439,18.87025402738497,18.613557778809493,18.92709025932017,18.75421620421643
131.53987071675215,40458734938.34864,39883189879.936745,18.876363282854076,18.60783789211239,18.925816510650563,18.75081559103508
133.12632396616075,40438209800.308846,39870722413.89607,18.866787106963745,18.60202109090595,18.924530756827803,18.74735887519233
134.731910835656,40298164581.03735,39858043254.66669,18.801447831303648,18.596105522460725,18.922384064717175,18.743845067703667
136.3568620886835,40385929827.446945,39845148343.98782,18.842395445641095,18.590089293361,18.920006837563037,18.740273158636054
138.00141127184006,40468470919.457375,39832033524.15008,18.880905686777567,18.583970463792458,18.9186270075136,18.73664211657224
139.66579474844085,40390093271.37422,39818694550.66557,18.844337935444567,18.577747053453567,18.917297547629868,18.732950888090947
141.35025173249107,40360703926.41402,39805127087.97781,18.830626089215087,18.571417039553946,18.915405601112983,18.72919839730509
143.05502432306622,40417204572.3057,39791326711.5275,18.856986941060615,18.564978357778227,18.91371116239961,18.725383545398927
144.78035753910876,40342091997.31595,39777288910.950554,18.82194253705793,18.558428903778083,18.911949643367695,18.721505210205212
146.5264993546428,40433050807.888794,39763009064.169136,18.864380135632516,18.551766521084204,18.910322938588372,18.717562245665956
148.2937007344144,40266130483.88632,39748482446.51344,18.78650205368152,18.544989005362126,18.90830640594717,18.71355348121432
150.0822156699622,40353737382.77031,39733704245.20853,18.82737578964826,18.538094111171198,18.90590773110237,18.709477721301795
151.8923012161215,40390674797.144135,39718669535.78058,18.844609251186593,18.531079540956718,18.904252538306597,18.705333744885014
153.72421752796987,40354592886.584045,39703373282.1803,18.82777493215241,18.523942945107503,18.902638869164964,18.701120304795772
155.57822789821867,40218932670.33865,39687810347.30701,18.76448151655796,18.516681926865996,18.90011094712115,18.69683612718518
157.45459879505376,40244485814.74138,39671975481.07398,18.7764035511322,18.509294036760053,18.897039716861553,18.692479910972445
159.35359990043426,40272151629.076065,39655863311.376595,18.789311269643253,18.50177676838905,18.894335450179796,18.6880503271909
161.2755041488532,40371495388.51158,39639468346.12017,18.83566093667676,18.494127559369993,18.892399583766895,18.68354601831126
163.22058776656405,40340995109.51869,39622784979.46867,18.8214307748248,18.486343794252903,18.890885764230312,18.678965597626647
165.189130311282,40177354338.07161,39605807482.873146,18.745082795718965,18.47842280033505,18.88833041989303,18.674307648636834
167.1814147123639,40324426496.223885,39588529993.4785,18.81370054885203,18.470361842252057,18.88575433826765,18.669570724333155
169.1977273114714,40281554036.818726,39570946527.047104,18.79369804210548,18.46215812800749,18.883808887133636,18.664753346508622
171.23835790372596,40099797837.79325,39553050978.05681,18.708898157805002,18.453808809018607,18.880663448086437,18.659854005155875
173.30359977936027,40193055874.00218,39534837093.26216,18.7524084794502,18.445310967781115,18.877112529128006,18.654871157732995
175.3937497658705,40290389399.24786,39516298464.63201,18.797820254804474,18.436661614574156,18.87469923462847,18.649803228262126
177.5091082706783,40145273006.13223,39497428558.663315,18.730114980308812,18.42785770113689,18.872070996927174,18.64464860657371
179.64997932430765,40154181420.17198,39478220706.87598,18.734271275851533,18.418896116233817,18.868757334975477,18.639405647676767
181.81667062408056,40211665123.57535,39458668074.76876,18.761090781452467,18.40977367117086,18.865890724922057,18.634072670919284
184.00949357834142,40208207538.85161,39438763671.47092,18.759477616200858,18.40048710429844,18.863388602753158,18.62864795905165
186.22876335121506,40187167602.22248,39418500356.27053,18.74966125669617,18.391033084057312,18.86080978490932,18.623129757401518
188.4747989079024,40115062568.32172,39397870833.30776,18.716020046299768,18.381408206502673,18.857775578355255,18.617516273074678
190.74792306052458,40162390118.75069,39376867640.206696,18.738101113257155,18.371608990000237,18.854680273971606,18.611805674082426
193.04846251451977,40133119833.12478,39355483132.24011,18.724444815162084,18.361631867838174,18.85175556423884,18.60599608833914
195.37674791559772,40096939609.15997,39333709493.24876,18.70756462718153,18.351473193321613,18.84853818519249,18.60008560265731
197.73311389726268,40183277524.39418,39311538752.23985,18.747846308146805,18.341129247516786,18.845678302092438,18.594072261918694
200.11789912890913,40128052583.75737,39288962745.62026,18.72208064732417,18.33059622163061,18.843053440216032,18.58795406814623
202.53144636449608,39990801546.20977,39265973113.06993,18.658045020662954,18.31987021508541,18.8394242719921,18.58172897936762
204.97410249181,39990912396.23291,39242561320.82054,18.658096738674153,18.30894724637975,18.835127689203144,18.57539490861251
207.44621858232193,40115452621.144135,39218718625.58677,18.71620202872672,18.297823236260278,18.831625944125136,18.56894972286079
209.94814994164432,40106829135.82081,39194436074.64154,18.712178669074582,18.286494007756843,18.828843398997286,18.562391241818165
212.48025616059775,40061317078.98484,39169704525.64119,18.690944635932055,18.274955295432058,18.82582635885696,18.555717236831217
215.04290116689413,40044880081.81009,39144514623.88993,18.683275816567765,18.263202734773877,18.82253938085886,18.548925429810836
217.63645327744084,40034315474.29127,39118856806.843735,18.678346810018997,18.25123186429691,18.819181239274535,18.54201349208118
220.26128525127794,39970706738.222305,39092721285.165115,18.64866961888016,18.23903811670336,18.81549095941701,18.534979043175383
222.91777434315375,39962053458.8758,39066098025.38879,18.644632358575763,18.22661681079556,18.811490551640752,18.527819649459307
225.60630235774448,39916342300.59652,39038976771.13273,18.623305432979237,18.213963161372163,18.807283231529134,18.520532822810605
228.32725570452996,40031976300.51027,39011347026.92514,18.677255448805177,18.20107227168247,18.803567385195226,18.5131160193557
231.08102545333108,39829962053.89079,38983198050.695496,18.583004001909668,18.187939129923073,18.79945164416119,18.505566638106064
233.86800739051486,40032700539.21272,38954518862.0374,18.677593348466942,18.17455861309296,18.795450824002558,18.49788201963153
236.68860207588085,39947012571.9972,38925298212.92935,18.637614906219692,18.160925473333034,18.792182150312517,18.490059444647596
239.54321490022994,39853060944.9956,38895524581.50551,18.59378098395297,18.147034335019818,18.787997811125564,18.482096132440756
242.4322561436301,39973038717.108475,38865186174.465866,18.649757623255244,18.132879695889947,18.78406353494889,18.473989239310285
245.35614103438468,39962527650.42061,38834270908.26747,18.64485359663175,18.118455918264765,18.780823146711395,18.46573585695561
248.31528980870976,39910272502.15361,38802766431.15881,18.620473517432778,18.103757239330644,18.777311249708617,18.457333010921097
251.31012777113347,39909502147.947174,38770660124.028435,18.620114102194528,18.088777771534943,18.773591199997593,18.44877765920342
254.3410853556237,39850107106.4893,38737939044.449615,18.5924028457386,18.073511476479542,18.76962482054295,18.44006669058547
257.408598187451,39758550234.25781,38704589922.85199,18.549686216463932,18.057952163134722,18.76491706490685,18.431196922681103
260.5131071457995,39719214757.14935,38670599178.45476,18.53133391857486,18.042093495272898,18.759599158353552,18.422165100093707
263.6550584271334,39769722128.31229,38635952903.88977,18.554898557656784,18.025928984294424,18.754471963736137,18.412967892620454
266.8349036093247,39750372742.410324,38600636862.47478,18.54587093882139,18.009451987955373,18.74963613129603,18.4036018933995
270.05309971655794,39803592148.74117,38564636465.55332,18.570700900735172,17.992655699795304,18.745104465378063,18.39406361696005
273.31010928501604,39663059536.746124,38527936769.33627,18.50513422789804,17.975533147663633,18.740191181211767,18.384349497176604
276.6064004293574,39650300056.16522,38490522478.14125,18.499181184850286,17.958077195231013,18.73455131944299,18.374455885272322
279.9424469099964,39725897121.0047,38452377915.52792,18.534451631669793,17.94028052852228,18.729395294104908,18.364379047727034
283.3187282011958,39628504139.08349,38413487017.23475,18.48901211630317,17.922135652621016,18.724235231604972,18.354115164036916
286.7357295599775,39734380096.34593,38373833322.84559,18.538409435207264,17.903634887781543,18.719251037955893,18.343660324442137
290.1939420958668,39591191071.84973,38333399964.45623,18.47160339076157,17.884770364141186,18.71417045567468,18.333010527599534
293.69386284147885,39409174864.1205,38292169667.70962,18.386682197212146,17.865534022203285,18.707411610272846,18.32216167825397
297.2359948239523,39487566667.851135,38250124729.43478,18.42325655298161,17.845917602404434,18.70024880940085,18.311109584846147
300.8208471372484,39369782319.809586,38207246994.11581,18.368303274139492,17.825912634135893,18.693031494274617,18.29984995692345
304.44893501532135,39385256659.80037,38163517857.60362,18.375522957692958,17.805510437475338,18.68542413777726,18.288378402503533
308.1207799061689,39257430151.18477,38118918255.05835,18.315884424321023,17.784702117561274,18.67737131763174,18.27669042545365
311.836909546778,39433128666.97197,38073428625.270836,18.397858045525723,17.763478547946946,18.669783917663057,18.264781422667532
315.5978580389755,39385842418.907364,38027028916.65414,18.375796248534026,17.741830373395715,18.66307859878801,18.25264668114641
319.4041659261899,39153876394.05439,37979698591.39087,18.26757054743199,17.719748011816034,18.65498265072842,18.24028137520517
323.2563802711419,39159218981.97466,37931416588.1899,18.27006317678897,17.697221636885278,18.645833869005813,18.227680563560455
327.15505473447257,39292426823.33694,37882161282.20826,18.33221241624272,17.67424115935096,18.637671815076438,18.214839186060278
331.100749654316,39105549938.33458,37831910503.941605,18.245023432804455,17.650796235844258,18.62939591268753,18.201752060375952
335.0940321268354,39383189765.83689,37780641520.54083,18.374558630919488,17.626876260163105,18.62183309882378,18.188413878772387
339.13547608772984,39324980364.38797,37728330989.931274,18.347400544787988,17.602470341866113,18.61565108386341,18.174819204597057
343.2256623947215,38940361187.851105,37674954974.260086,18.167953231051527,17.577567312546588,18.607157292554064,18.160962468674935
347.36517891104063,38685251507.80971,37620488940.673454,18.04892966284624,17.55215572619511,18.595333370121047,18.146837965867018
351.5546205899174,39187161350.16121,37564907695.188,18.283099923827063,17.526223828346705,18.585178672173132,18.132439851346952
355.79458956008955,38725374564.660126,37508185372.38328,18.067649412692134,17.499759551271783,18.57545438349225,18.117762136545352
360.08569521234466,38978993284.77328,37450295441.88536,18.1859773609951,17.472750517001113,18.56483367730313,18.102798685169514
364.428554287106,38988857032.957504,37391210650.151024,18.19057937572294,17.445184010164738,18.555912734824993,18.08754320902952
368.82379096307136,38774033626.374344,37330903020.96614,18.090351707445542,17.41704697822451,18.546062930432385,18.071989263646017
373.2720369469261,39009842462.35958,37269343848.58798,18.20037030442212,17.388326028274577,18.536577396650692,18.056130243926788
377.7739315641329,38852055093.87868,37206503643.93714,18.126753279731908,17.359007401936758,18.527734762062657,18.03995937960889
382.3301218508199,38996425955.07105,37142352107.802956,18.194110720034438,17.329076962859332,18.519037485006642,18.023469730364127
386.94126264677766,38884009665.2882,37076858129.268166,18.141661953950052,17.298520195982018,18.510714361607825,18.006654180864583
391.60801668957356,38890196408.918884,37009989747.88116,18.14454843125807,17.267322189887143,18.50200524738329,17.989505435746118
396.33105470980524,38568112713.73577,36941714130.67808,17.994277572640645,17.235467626079096,18.49174569263685,17.97201601435552
401.11105552750286,38570650804.38852,36871997549.59194,17.995461740195044,17.20294076844438,18.479973894083784,17.95417824537035
405.94870614969005,38497624476.5032,36800805328.06207,17.96139069233661,17.169725438341768,18.468088912638418,17.93598426112529
410.84470186912574,38533022047.93617,36728101817.74395,17.9779057271917,17.135805003736117,18.456281132919415,17.917425991650074
415.7997463642362,38317856303.64428,36653850392.96344,17.877518338375207,17.10116237661092,18.443751256738963,17.898495158689887
420.81455180024926,38484939144.02995,36578013372.17471,17.95547224371251,17.065779976323846,18.4312651544133,17.879183269400357
425.88983893155137,38493255592.3327,36500551988.06539,17.959352352658698,17.029639715659037,18.420039007631225,17.859481609594088
431.02633720527984,38262910784.737236,36421426420.28022,17.85188304411218,16.99272301609463,18.407843815078838,17.839381237165043
436.22478486616023,38242409687.8074,36340595693.40735,17.84231808480403,16.95501076020738,18.394558124647872,17.8188729752812
441.48592906261183,38177579584.4747,36258017624.879456,17.81207105448937,16.916483267365493,18.381114118800063,17.79794740488844
446.81052595413337,38162892218.30165,36173648802.45579,17.805218540193675,16.8771202832227,18.36755080936352,17.77659485698061
452.1993408199794,37921473333.14625,36087444541.98976,17.692582527563047,16.836900960014347,18.35288587917734,17.75480540469418
457.65314816915196,37868608894.634964,35999358884.22573,17.667918178872867,16.79580385506293,18.33694818832086,17.732568855340425
463.17273185171797,37969837742.81861,35909344477.163246,17.71514734992656,16.75380687589412,18.321660495292292,17.709874741954682
468.7588851714661,37666556276.31369,35817352559.06415,17.57364882933695,16.71088727230861,18.305604889415815,17.686712314305097
474.41241099992544,37886563569.128876,35723332927.69076,17.676295083363055,16.66702162202991,18.28948676552141,17.66307052985005
480.1341218917604,37573515601.1008,35627233817.519875,17.530239919293745,16.62218577341752,18.27321863208454,17.638938044058076
485.9248402015522,41505376191.06192,35529001843.76383,19.364682567753686,16.576354819349472,18.27747700834396,17.614303199971374
491.7853982019932,37655718667.471855,35428582038.43171,17.568592451723372,16.529503114046992,18.281831025538292,17.589154017909554
497.7166382035078,37079820745.63387,35325917775.56663,17.299902429580573,16.48160423819334,18.261731174681227,17.563478185199692
503.71941267531,37578388763.93601,35220950580.55351,17.53251353442665,16.43263090996474,18.2417157337251,17.53726304467883
509.79458436792675,37106468868.21541,35113620121.298004,17.312335335439386,16.382554980914815,18.222289622408304,17.510495582372172
515.9430264371982,36817060771.34534,35003864215.074974,17.17730955221004,16.33134743916983,18.19912208774179,17.48316241545279
522.1656225697697,36882098275.425415,34891618694.93483,17.207653347088858,16.27897834709943,18.175275123879555,17.455249779781553
528.4632671101007,37202476656.80931,34776817268.35504,17.35712857720148,16.225416775369315,18.154131713628868,17.426743516222313
534.8368651890073,36961962427.82384,34659391451.44237,17.244914639520445,16.170630772242742,18.13391204039491,17.397629056139053
541.2873328537482,36554373818.23955,34539270532.110054,17.054750743486863,16.11458734640053,18.110583936427396,17.367891406670363
547.8155971996863,36802663605.78173,34416381475.76483,17.170592433450988,16.05725242293853,18.086949832267212,17.33751513562621
554.4225965035367,36918069274.80711,34290648749.825546,17.224435919579346,15.99859076149533,18.065881332842434,17.306484355248642
561.1092803582181,36523571662.550156,34161994291.828476,17.04037973852158,15.93856594137152,18.043752605608724,17.27478270521591
567.8766098093348,36433960908.66551,34030337351.617165,16.998571087140007,15.87714028790201,18.01948267692316,17.242393334996656
574.7255574933044,36162400823.5178,33895594234.121895,16.87187244398712,15.814274752447657,17.99378559886053,17.209298884324976
581.6571077771479,36184788511.185684,33757678399.859463,16.8823176080815,15.749928959284263,17.96732994214302,17.175481463283873
588.6722568999686,35561332281.65349,33616500522.138557,16.591438857237183,15.684061232292231,17.938157684595254,17.14092263373063
595.7720131161401,36047811683.040565,33471967851.867603,16.818409916124736,15.616628298602317,17.9089562968208,17.105603387944953
602.9573968402125,36406004331.00119,33323984130.728916,16.98552771055047,15.547585248086303,17.885110827381595,17.06950412381071
610.229440793577,35179201937.58831,33172449743.844276,16.4131527292362,15.476885604584405,17.85697715711647,17.03260462095738
617.5891901528903,35842420030.2218,33017261268.627567,16.722582711942977,15.404481115418676,17.82645781870821,16.99488401579725
625.0377027002941,35379332177.575615,32858311417.521446,16.506525176981825,15.330321724676311,17.797730305350484,16.95632077435705
632.5760489754474,35399581822.988205,32695488872.73161,16.51597281946841,15.25435549610354,17.767251931405564,16.916892664519864
640.2053124293863,35221843489.523575,32528677960.137924,16.433047504159372,15.17652846096611,17.736618676840553,16.876576726203755
647.9265895802449,34624809783.45018,32357758493.5033,16.15449640400453,15.09678454536363,17.7024152766115,16.835349239589238
655.7409901708554,34895654237.15952,32182605401.021385,16.28086116328715,15.01506539599225,17.66724818431309,16.793185691167334
663.6496373282415,34000016828.577293,32003088588.052513,15.862993992702744,14.931310316102971,17.62942251256156,16.750060737777133
671.6536677250424,34063346567.507122,31819072853.617718,15.8925410153783,14.845456226541213,17.587924768216904,16.705948170277075
679.7542317428836,34449807946.031815,31630417161.216034,16.072847823956,14.7574373255405,17.549906791036175,16.66082087356388
687.9524936377117,34351928196.29705,31436974365.98888,16.027181202969366,14.667184961428704,17.514368415767546,16.61465078201594
696.249631707129,33990594294.65342,31238591238.390312,15.858597830201294,14.574627643671596,17.4771252974433,16.56740883462503
704.6468384597479,32957700993.913166,31035107885.01065,15.376692767996325,14.47969077265324,17.4330366697948,16.519064928100878
713.145320786579,34850828430.843765,30826357292.382656,16.259947306100255,14.382296426834925,17.39484385925655,16.469587865368613
721.746300134495,33240910388.46903,30612164845.97445,15.508826494493206,14.282363138337258,17.359005096107925,16.41894530010578
730.451012681785,34225619859.75156,30392347779.949287,15.968250985553553,14.17980563622097,17.32064596974309,16.367103676891624
739.2607095158205,32957601308.151344,30166714764.7414,15.3766462587652,14.074534654066934,17.281555216893715,16.314028167458456
748.176656812871,33354730897.4995,29935065377.803547,15.561930410885365,13.966456683048992,17.238632527090186,16.259682603245015
757.2001360200866,32746973442.94665,29697189418.204014,15.278376055627254,13.855473652153426,17.195529363660313,16.204029402829374
766.3324440396711,36301144987.935455,29452866016.42013,16.93660470155559,13.74148251284561,17.16986951729308,16.147029492366293
775.5748934152812,48881849771.68857,29201863381.519566,22.80623839658671,13.624375121115332,17.23429090110254,16.088642221613366
784.9288125206746,32700976401.120678,28943937654.81215,15.256915748656047,13.504037702638401,17.27633577817565,16.028825274184104
794.3955457506266,31707268612.341736,28678831892.05348,14.793293016838655,13.380350377915166,17.222967156910265,15.967534567970818
803.9764537141556,31754076124.673653,28406275032.35642,14.815131455645263,13.253186681207511,17.16566407427388,15.904724146602387
813.6729134300795,30350887993.576637,28125980827.791664,14.160462223966675,13.122413061134978,17.10217412086459,15.84034606185777
823.4863185249237,31487379220.119427,27837647122.800606,14.690701770326395,12.987888544478782,17.038798513060367,15.774350248978559
833.4180794332223,29696342193.439026,27540953822.997612,13.855078372309148,12.84946378850942,16.97320985698948,15.706684389683575
843.4696236002361,31045480291.35089,27235561255.409496,14.484530106124593,12.70698031594259,16.906836855219833,15.637293758153197
853.6423956871075,29384672739.350113,26921108750.183926,13.709666365519613,12.56026985322332,16.840214098106888,15.56612105376874
863.9378577784973,29390926412.479225,26597213851.66072,13.712584069348395,12.409153962444636,16.766080589069162,15.493106225636437
874.3574895927261,29588401114.460484,26263468485.40665,13.804717553488514,12.253442253045396,16.694835736814266,15.418186275623675
884.9027886944416,29498619116.065292,25919436181.511757,13.762829006539363,12.092931086315813,16.625864482470156,15.341295029566336
895.5752707098593,29478944444.78486,25564650992.372044,13.75364962307307,11.927403070479867,16.55792465780795,15.262362892625239
906.3764695445994,28420985515.56261,25198613401.56839,13.260049980949569,11.756625151948327,16.48560418481042,15.181316581746934
917.307937604142,28569719846.028206,24820786793.17613,13.329443234564119,11.580346968045426,16.410011984978773,15.098078822357351
928.3712460169497,27277416778.90686,24430593690.164894,12.726508362682909,11.398299092002647,16.32984268219947,15.012568011930593
939.5679848602816,30011937419.648796,24027410069.994644,14.002321981120641,11.210190380852211,16.259676987544072,14.924697839258435
950.8997633887208,26498074588.110687,23610560598.47389,12.362899704687523,11.015705751743521,16.1866593738051,14.834376855012476
962.368210265473,26389190134.820652,23179312532.795765,12.312098746642503,10.814503337353333,16.095462273252934,14.741507992397946
973.9749737964391,26838348299.33143,22732867550.449,12.521657268372975,10.606210673595399,16.008324907816338,14.645988020238823
985.7217221671224,26245067771.578194,22270350638.100887,12.244857245149843,10.3904195156353,15.922420912264256,14.547706902353914
997.6101436823909,25021709928.048523,21790799936.01195,11.674089347572629,10.166681099716653,15.828491062025817,14.446547054605258
1009.6419470091245,23375017775.466976,21293164482.29155,10.905811265360725,9.934505090724572,15.72091035561708,14.342382551215232
1021.8188614217956,24967643132.53078,20776280128.171497,11.648864029102148,9.693348345253883,15.61568692618704,14.235078203585589
1034.1426370510137,22722843095.118534,20238843446.653755,10.601533679595981,9.44260273846911,15.509224859403401,14.124488383561205
1046.6150451350566,20916032504.774624,19679398814.634083,9.758550992702515,9.181589137160573,15.382907129885083,14.010455659413056
1059.2378782744452,21537672449.715717,19096311355.31141,10.048582340685153,8.90954477579774,15.253112341105183,13.892809242732154
1072.0129506895892,19741585605.88216,18487735221.893494,9.210602907976256,8.6256084590252,15.11982159191251,13.771363147133426
1084.9420984815295,19958648948.736023,17851562784.591946,9.31187563737187,8.328796854427537,14.981028481728277,13.645913933827511
1098.027179895836,21041049234.617775,17185360283.225445,9.816878600141298,8.017974470709836,14.852734174269155,13.516237873686817
1111.270075589688,20718001021.21322,16486317419.18545,9.666157737430353,7.69183013940504,14.731629616614265,13.382087542778539
1124.6726889021647,19704667688.273117,15751130076.859394,9.193378542817616,7.348822297566942,14.605985458362666,13.243187569569708
1138.2369461278074,17663889948.49553,14975861556.095198,8.241236513307685,6.987114244608646,14.466404530235767,13.099229067060344
1151.9647967934795,16391101023.9225,14155782747.151876,7.647406128861802,6.604499574580699,14.311842539718704,12.949862545869722
1165.8582139385567,14133394054.315672,13285105790.835394,6.594053941516581,6.198277913065981,14.141397418797743,12.794688636366596
1179.919194398505,15170504992.074253,12356595514.28086,7.077926777767735,5.7650736292737585,13.968353607917066,12.633245407034387
1194.1497590918812,13197162984.255934,11360974984.182386,6.157247456536946,5.3005584918962665,13.794135418908937,12.4649905435593
1208.5519533107824,10663731509.997562,10286043661.400024,4.975253681071917,4.799040236719034,13.599118171085376,12.289275781432359
1223.1278470148095,16722798859.22168,9115162905.137474,7.802162545462187,4.252755965849122,13.428491379439642,12.105308679226571
1237.879535128577,9177157450.807037,7824476182.647213,4.281680042872227,3.6505752131585676,13.253240336875194,11.912091521947135
1252.8091378427982,16081013508.975166,6377393490.59478,7.5027321890922405,2.9754266046532347,13.079072975853228,11.708315734376686
1267.918800919016,10853873563.900797,4710168658.871184,5.063966056540273,2.197568828186278,12.917896946703728,11.492148305980518
1283.210695998004,7461541240.034578,2697397719.977921,3.4812448612521787,1.2584936073318498,12.712962134375507,11.26075221553568
1298.6870209118815,0.0,0.0,0.0,0.0,12.452760577643518,11.00878346249302
1314.35,0.0,0.0,0.0,0.0,12.157732390865796,10.747965678089544
