R_kpc,Sigma_bar,Sigma_eff,kappa_bar,kappa_eff,kappa_bar_mean,kappa_eff_mean
1.0,39625486921.47069,39628796833.11437,19.04653719768946,19.048128152404225,0.0,0.0
1.0120606264911474,39625531510.19401,39628840295.601746,19.046558629874735,19.048149043248646,0.45124681224639684,0.45128449836006973
1.0242667116936537,39625580610.813156,39628884820.757065,19.04658223076501,19.048170444879084,0.8918033134532996,0.8918777602465693
1.0366200099307066,39625619176.34126,39628930434.674385,19.046600767818376,19.048192369838006,1.321922741414407,1.3220330924382733
1.0491222966837304,39625666283.925674,39628977164.241425,19.046623410729,19.04821483104936,1.7418523583787884,1.7419978007246832
1.0617753688475675,39625714621.109604,39629025036.96744,19.046646644663603,19.048237841735858,2.1518336345964695,2.152013332088251
1.0745810449887383,39625764316.81134,39629074081.101105,19.04667053158854,19.048261415475608,2.55210227880674,2.552315413517773
1.0875411656068144,39625814844.46308,39629124325.610756,19.04669481840173,19.048285566192643,2.94288841310042,2.943134187533566
1.1006575933989453,39625865843.24486,39629175800.071106,19.046719331670072,19.048310308102458,3.3244167025170803,3.324694344501083
1.113932213527575,39625920606.20778,39629228534.779144,19.046745654244038,19.04833565576772,3.696906506199892,3.697215251809771
1.127366933891388,39625973255.2474,39629282560.85002,19.04677096073159,19.048361624144352,4.060571971249286,4.060911079992699
1.1409636853995222,39626027282.43896,39629337910.18898,19.04679692964689,19.04838822856805,4.415622157971604,4.415990925858531
1.1547244222490889,39626084649.88922,39629394615.53981,19.046824504103643,19.04841548477757,4.7622612046636394,4.7626589327064055
1.1686511222060412,39626144358.48786,39629452710.437416,19.046853203865677,19.048443408891927,5.100688418602693,5.101114407692729
1.1827457868894284,39626200933.043915,39629512229.20201,19.04688039720688,19.048472017407605,5.431098348103188,5.43155193641703
1.19701044205908,39626262394.61887,39629573207.094215,19.046909939561175,19.048501327273108,5.753680947238301,5.754161494793916
1.2114471379067577,39626325515.32093,39629635680.31488,19.04694027939781,19.048531355888873,6.0686216966371065,6.069128558275483
1.2260579493508208,39626390953.60426,39629699685.95459,19.046971733211866,19.048562121083002,6.376101668063119,6.376634208485732
1.2408449763344431,39626455118.3587,39629765261.99755,19.047002574886687,19.04859364111313,6.676297626522409,6.676855237328371
1.2558103441274293,39626524037.568794,39629832447.34258,19.047035701856238,19.048625934676505,6.969382163345283,6.969964248628275
1.2709562036316695,39626590396.16889,39629901281.92229,19.04706759803325,19.048659020967293,7.255523773080612,7.256129757365675
1.2862847316902777,39626661616.37685,39629971806.7292,19.047101831009183,19.048692919689117,7.5348869594529235,7.535516286560104
1.3017981314004599,39626735561.947235,39630044063.79377,19.047137373968184,19.048727651044487,7.807632358570601,7.808284461859057
1.3174986324301545,39626807994.480606,39630118096.17851,19.04717218966506,19.048763235732007,8.073916764416806,8.074591103885485
1.3333884913384921,39626885641.40006,39630193948.00733,19.047209511728575,19.04879969496043,8.333893270791108,8.334589318397553
1.34946999190012,39626960691.85407,39630271664.55074,19.047245585765136,19.04883705048966,8.58771133776182,8.58842858431303
1.3657454454334392,39627041074.41095,39630351292.281395,19.047284222750534,19.048875324657416,8.83551688562819,8.83625483964899
1.3822171911327976,39627124745.246574,39630432878.86458,19.0473244402925,19.04891454037468,9.077452410743135,9.078210565425726
1.3988875964046932,39627206134.83496,39630516473.1631,19.04736356132149,19.048954721128027,9.313656989995996,9.314434867582797
1.415759057208029,39627293127.89099,39630602125.26117,19.047405375734545,19.04899589099113,9.544266418937307,9.545063556954515
1.4328339983984741,39627378428.231606,39630689886.49816,19.047446376520572,19.049038074640965,9.769413278710866,9.77022922735098
1.4501148740769754,39627468998.273766,39630779809.60026,19.04748991026138,19.0490812974211,9.989227007962095,9.990061331790193
1.467604167942475,39627562086.29485,39630871948.70669,19.04753465430351,19.049125585354307,10.203834002346921,10.204686256924976
1.4853043936488803,39627656374.9362,39630966359.29735,19.047579975440343,19.049170965107756,10.413357639862001,10.414227395706355
1.5032180951663396,39627755929.476234,39631063098.21528,19.047627827704055,19.049217464003846,10.617918391288493,10.618805218325074
1.5213478471468749,39627851661.58541,39631162223.81641,19.04767384266362,19.049265110092154,10.817633844189462,10.818537341473416
1.5396962552944244,39627954624.783104,39631263796.0223,19.047723333345683,19.04931393217481,11.012618812145174,11.013538595967235
1.5582659567393489,39628058569.27669,39631367876.265396,19.047773295701163,19.049363959780166,11.202985415358024,11.203921092765842
1.5770596204174525,39628164557.97738,39631474527.56143,19.047824240633,19.0494152231976,11.388843088418156,11.38979428742791
1.5960799474535783,39628273473.048805,39631583814.577484,19.04787659216532,19.04946775351024,11.570298684283285,11.571265043041086
1.615329671549826,39628385738.02868,39631695803.66852,19.04793055387737,19.049521582612513,11.747456531792182,11.74843769166128
1.6348115593784562,39628500453.72279,39631810562.92408,19.04798569355905,19.0495767432326,11.920418485293204,11.92141409429684
1.65452841097953,39628618999.733,39631928162.194824,19.048042674335022,19.049633268945183,12.089283988836062,12.090293699471976
1.6744830601633456,39628745472.14637,39632048673.13928,19.048103465046072,19.049691194193922,12.25415016173363,12.255173600403165
1.6946783749177292,39628861434.63432,39632172169.362854,19.048159204016414,19.04975055435827,12.415111739947605,12.416148590821987
1.7151172578202367,39628989459.09052,39632298726.44551,19.048220740738273,19.049811385766784,12.572261239922268,12.57331121947636
1.7358026464553273,39629118705.26616,39632428421.89107,19.048282864696443,19.04987372567274,12.725689051880105,12.726751843340425
1.7567375138365704,39629251834.39522,39632561335.222855,19.048346855049765,19.049937612300127,12.875483378427825,12.876558679564061
1.7779248688339402,39629387660.62478,39632697548.09537,19.04841214180167,19.050003084897302,13.02173034076387,13.022817856192741
1.7993677566062685,39629526965.02088,39632837144.34227,19.04847910038233,19.050070183760074,13.164514017483667,13.165613461686755
1.8210692590389104,39629669769.66889,39632980210.02693,19.04854774140738,19.05013895025599,13.303916499757378,13.305027593267702
1.8430324951866892,39629816847.99441,39633126833.50666,19.048618436634506,19.050209426855215,13.440017938423617,13.441140404120278
1.8652606217221832,39629967296.389404,39633277105.48751,19.04869075173204,19.050281657156855,13.572896584605681,13.574030149476403
1.88775683338942,39630122561.024536,39633431119.09506,19.04876538182187,19.050355685923012,13.702628838687199,13.703773231608308
1.9105243634630407,39630278519.04608,39633588969.95805,19.04884034519745,19.05043155911896,13.829289275559141,13.83044424375646
1.9335664842130058,39630439860.82207,39633750756.28958,19.048917896348907,19.050509323952173,13.952950706831993,13.954116013017765
1.9568865073748998,39630607691.16384,39633916578.95868,19.048998566319067,19.050589028906753,14.073684251953628,14.074859642218486
1.9804877846259143,39630776005.83589,39634086541.554726,19.04907946908926,19.050670723774356,14.19155931728547,14.192744550795924
2.0043737080665673,39630952979.26084,39634260750.474594,19.04916453380854,19.050754459696115,14.306643677668747,14.3078385147124
2.0285477107082346,39631129077.51206,39634439314.9866,19.049249177863487,19.05084028919335,14.419003493892133,14.420207705424449
2.0530132669665586,39631310659.71762,39634622347.331566,19.04933645785678,19.050928266216157,14.52870334174227,14.529916727929718
2.0777738931608125,39631499638.47295,39634809962.86707,19.049427293103804,19.05101844621276,14.635806314036374,14.637028657913845
2.102833148019282,39631691289.74232,39635002280.11772,19.049519412931584,19.051110886153637,14.74037399257535,14.741605078018388
2.1281946331907466,39631892247.059494,39635199420.84281,19.049616005839688,19.051205644564078,14.842466511437133,14.843706113250173
2.153861993762124,39632091571.548065,39635401510.16308,19.049711813906185,19.05130278158509,14.9421425549018,14.943390465552802
2.1798389187823672,39632305787.389046,39635608676.622856,19.049814779706747,19.051402359003283,15.039459449653254,15.040715447560256
2.206129141792668,39632508547.855156,39635821052.3201,19.049912239323273,19.05150444031336,15.134473106811924,15.135737015551793
2.232736441363065,39632727402.42487,39636038773.13878,19.050017434792828,19.051609090829828,15.227238121551546,15.22850980162827
2.2596646416355184,39632952654.174255,39636261978.79881,19.05012570515508,19.051716377711,15.317807895967784,15.319087145127673
2.2869176128735367,39633182350.29024,39636490812.82767,19.050236111763482,19.05182636994532,15.406234500897027,15.407521123296515
2.314499272018431,39633414787.61272,39636725422.72104,19.05034783597062,19.051939138428644,15.49256875271614,15.493862581235318
2.3424135832522777,39633652118.13849,39636965960.15796,19.050461912163453,19.052054756067584,15.57686026655829,15.578161161136777
2.3706645585676736,39633899645.79426,39637212581.23398,19.05058088974756,19.052173297891624,15.659157524646123,15.660465330833771
2.399256258344359,39634153684.87834,39637465446.57614,19.050702997139563,19.05229484110837,15.73950786947885,15.74082241167302
2.4281927919327986,39634414983.272064,39637724721.40053,19.05082859381893,19.05241946513121,15.817957505350817,15.819278605729306
2.4574783182447963,39634681829.32024,39637990575.542305,19.05095685705498,19.052547251593758,15.894551536322368,15.895879022375468
2.4871170463512398,39634952838.69346,39638263183.659134,19.051087121450678,19.052678284447634,15.969333980240895,15.970667704224232
2.5171132360870474,39635231260.98266,39638542725.5423,19.05122094896675,19.052812650112,16.04234782287096,16.043687652458367
2.547471198663417,39635519006.95907,39638829386.23924,19.051359258041767,19.052950437532463,16.113635060904272,16.114980851563192
2.578195297287452,39635815079.310135,39639123356.191765,19.05150156930368,19.0530917382475,16.183236701157632,16.184588293474604
2.6092899477892684,39636117998.366684,39639424831.42278,19.051647171529083,19.053236646478233,16.251192764802823,16.252550001156838
2.6407596192566607,39636423375.02881,39639734013.751236,19.051793955036526,19.053385259231725,16.317542291322994,16.318905051623947
2.6726088346774195,39636741130.71492,39640051110.97392,19.051946688692706,19.053537676388366,16.382323427274912,16.383691598418086
2.7048421715894047,39637064538.70736,39640376337.07677,19.05210213920793,19.053694000803453,16.445573433077215,16.446946893557502
2.7374642627384485,39637399832.088394,39640709912.46888,19.052263302599226,19.05385433841966,16.50732868401415,16.50870730896709
2.770479796744201,39637741013.59155,39641052064.17447,19.05242729619769,19.054018798359312,16.567624694499656,16.569008357403575
2.803893518774003,39638091361.54256,39641403026.094765,19.05259569577582,19.05418749305026,16.62649612238287,16.627884712887635
2.837710231224885,39638453778.97059,39641763039.27477,19.052769896714672,19.054360538354114,16.683976839589594,16.685370230654858
2.8719347944137956,39638823772.899345,39642132352.118546,19.052947739403166,19.05453805366971,16.74009990625369,16.741497966636835
2.9065721272761507,39639201031.84764,39642511220.65851,19.05312907412357,19.054720162062566,16.7948975720419,16.796300196483426
2.941627208072808,39639589954.02555,39642899908.82101,19.053316014936268,19.054906990392524,16.8484013459988,16.849808434137454
2.977105075105571,39639985174.20882,39643298688.80543,19.053505982972162,19.05509866949598,16.900641984823977,16.90205344997294
3.013010827441318,39640396328.58952,39643707841.44098,19.05370360999998,19.05529533435736,16.951649541366212,16.95306528850787
3.0493496256448713,39640815383.44215,39644127656.399155,19.053905034498666,19.05549712421127,17.001453364989704,17.002873285700474
3.086126692520694,39641247907.74064,39644558432.48526,19.054112933272414,19.055704182682604,17.050082096149886,17.051506085838668
3.123347313863546,39641688776.13066,39645000478.04077,19.054324842748922,19.055916657979953,17.097563698919494,17.09899165803328
3.161016839218183,39642143258.57272,39645454111.371056,19.05454329600744,19.056134703101176,17.143925476030482,17.14535731232523
3.1991406826482205,39642607441.47215,39645919661.1503,19.054766411924682,19.056358476028063,17.189194090773764,17.190629715415874
3.237724323514275,39643086306.13349,39646397466.80312,19.054996584833418,19.056588139909742,17.23339558112221,17.234834906029143
3.2767733072614837,39643578139.77419,39646887878.91176,19.055232991461082,19.056823863258398,17.276555386544647,17.27799830991419
3.3162932462165258,39644080400.69566,39647391259.70455,19.055474410105166,19.05706582018409,17.318698319550467,17.320144754497726
3.356289820394258,39644595674.61192,39647907983.544716,19.0557220836248,19.05731419062966,17.359848605221977,17.36129848319478
3.396768778314074,39645126954.44373,39648438437.423294,19.055977450608655,19.057569160607695,17.400029926483917,17.401483169385987
3.4377359378261105,39645672504.60487,39648983021.49737,19.056239676823264,19.05783092245922,17.43926541216793,17.440721930069596
3.4791971869474256,39646229194.30586,39649542149.686676,19.056507257411443,19.05809967514047,17.477577615386,17.479037339196545
3.521158484708249,39646804211.04529,39650116250.2622,19.0567836471436,19.0583756245058,17.514988578377125,17.516451440696297
3.56362586200845,39647391710.22447,39650705766.44429,19.057066036732706,19.058658983595194,17.55151982836178,17.55298576120086
3.606605422484327,39648001387.57131,39651311157.12563,19.0573590865642,19.05894997298175,17.58719240500034,17.588661322474856
3.6501033433858567,39648620922.13049,39651932897.56424,19.057656874400855,19.059248821104795,17.622026833786798,17.62349865355921
3.6941258764645224,39649260374.00844,39652571480.102394,19.05796423577167,19.059555764615443,17.65604314182028,17.657517802635113
3.7386793488718437,39649918939.88577,39653227414.97906,19.058280784550103,19.05987104876709,17.689260934058467,17.690738348615646
3.7837701640687524,39650591851.43653,39653901231.18532,19.058604228774463,19.060194927826604,17.721699319122834,17.723179412472327
3.8294048027459335,39651280882.07729,39654593477.374344,19.05893542086191,19.060527665511707,17.75337693608798,17.75485966830327
3.875589823755259,39651993797.14111,39655304722.805244,19.059278093326952,19.06086953544464,17.784312036952606,17.785797354149782
3.922331865052462,39652722216.2312,39656035558.36005,19.059628218016204,19.061220821641008,17.81452243723971,17.81601028256777
3.9696376446511854,39653472210.17197,39656786597.634415,19.05998871295521,19.06158181903404,17.844025517733435,17.845515850960744
4.017513961588521,39654250175.55142,39657558478.10654,19.060362652752286,19.06195283403642,17.87283831843528,17.8743310516809
4.06596769690221,39655041534.60701,39658351862.37882,19.060743030404648,19.06233418513714,17.900977428340013,17.90247248190457
4.115005814619619,39655852638.41521,39659167439.481346,19.06113289864487,19.06272620352802,17.928458997291848,17.929956353288215
4.164635362758645,39656692538.94329,39660005926.283066,19.061536608425957,19.063129233782018,17.95529888031176,17.95679850141113
4.214863474340702,39657553267.05443,39660868069.02125,19.0619503292723,19.063543634588374,17.981512562371478,17.98301439501117
4.265697368415905,39658440553.43357,39661754644.93378,19.062376815716714,19.063969779537203,18.00711514929811,18.00861914501966
4.317144351100639,39659354493.14043,39662666464.00265,19.06281611345096,19.064408057957536,18.032121422013507,18.033627513401502
4.369211816627631,39660289431.580666,39663604370.84871,19.063265504516234,19.064858875828037,18.056545779401397,18.058053921806536
4.421907248408684,39661255341.33723,39664569246.76216,19.06372978237216,19.065322656753004,18.080402304329695,18.0819124600383
4.4752382201102385,39662249379.942986,39665562011.8318,19.064207580747688,19.065799842985818,18.103704786178703,18.105216894345862
4.529212396741896,39663264730.212616,39666583627.35605,19.064695622868594,19.06629089658783,18.126466632496946,18.127980675545036
4.583837535758073,39664318978.19888,39667635098.52862,19.06520236171387,19.066796300719275,18.14870099533379,18.15021694697622
4.639121488172954,39665403989.10479,39668717477.08838,19.065723887181058,19.067316560912957,18.170420768079588,18.171938552304095
4.695072199688863,39666514737.11148,39669831864.23204,19.06625778354096,19.06785220647427,18.19163846382818,18.19315804316421
4.75169771183828,39667663266.65591,39670979414.010994,19.06680984011843,19.068403792113944,18.21236633976167,18.213887686664368
4.8090061631396015,39668853134.914116,39672161336.90958,19.06738176671924,19.068971899667986,18.232616451211832,18.23413947274793
4.867005790266854,39670062321.181335,39673378903.716866,19.067962978787705,19.069557139958704,18.25240046189573,18.25392512142524
4.925704929233514,39671316923.31029,39674633449.784164,19.068566020616938,19.07016015484113,18.27172978405322,18.27325608987989
4.9851120165906035,39672608317.40429,39675926379.67825,19.069186747011972,19.070781619439675,18.29061565785754,18.292143579457452
5.0452355906392325,39673943103.93355,39677259172.34251,19.069828330579913,19.07142224462888,18.30906904618055,18.3105985425445
5.106084292657776,39675316458.74617,39678633386.74429,19.07048845252557,19.072082779747934,18.327100661888306,18.32863168934626
5.1676668681438365,39676733698.3898,39680050668.05387,19.071169668320948,19.072764015570627,18.344720967189623,18.346253494570956
5.229992168071196,39678255423.91279,39681512754.53011,19.071901106696348,19.07346678761507,18.36194055363947,18.3634742040303
5.293069150161929,39679709179.14012,39683021485.16753,19.07259987421102,19.074191979819364,18.378769117014553,18.38030384116633
5.356906880173848,39681261219.24564,39684578808.17569,19.073345883708914,19.07494052861733,18.395216099633668,18.396752213515448
5.4215145332034815,39682870241.47655,39686186790.42913,19.07411928245184,19.075713427480732,18.411291424491935,18.412828919121488
5.486901395004776,39684526672.69734,39687847628.021034,19.07491546898009,19.076511731992074,18.42700449089202,18.42854335291072
5.5530768633236836,39686244214.700554,39689563658.10912,19.075741029249357,19.07733656553847,18.44236449975279,18.44390471304347
5.620050449248863,39688018709.06271,39691337372.20389,19.07659396445601,19.078189125698827,18.457380487736224,18.45892200725837
5.687831778578659,39689848953.19957,39693171431.19581,19.07747369656132,19.079070691466878,18.47206124698549,18.47360405922759
5.756430593204574,39691750636.93175,39695068682.40473,19.07838776709413,19.07998263144621,18.486415444407474,18.487959514944244
5.825856752511429,39693708703.30973,39697032178.93635,19.079328938723837,19.080926413154206,18.5004515441286,18.50199684916582
5.896120234794399,39695742005.93167,39699065201.76283,19.08030627369261,19.081903613635433,18.5141778325201,18.515724371940944
5.967231138693149,39697846464.02486,39701171285.03078,19.08131781052072,19.082915931626218,18.527602482966348,18.52915023525152
6.039199684643272,39700031413.473816,39703354245.238495,19.08236803662992,19.08396520157916,18.540733505589596,18.54228243980786
6.11203621634521,39702295362.336395,39705618214.99685,19.08345623489762,19.085053409890705,18.553578765030963,18.555128842041256
6.1857512022509145,39704640225.07167,39707967682.29472,19.084583325535004,19.08618271377465,18.566145942126152,18.567697161347002
6.2603552370684294,39707083113.9451,39710407536.43875,19.08575753378864,19.087355463343716,18.57844264459299,18.579994987641115
6.335859043284609,39709612852.97834,39712943122.10883,19.08697348777029,19.088574227592062,18.590476332743936,18.592029789307666
6.412273472706223,39712247696.09034,39715580303.412125,19.088239961478042,19.089841825183726,18.602254331448762,18.603808921630726
6.489609508019627,39714996409.2317,39718325540.2589,19.08956116838703,19.091161361163746,18.61378394556241,18.615339635826466
6.567878264369249,39717852605.08584,39721185980.08517,19.090934038345384,19.09253627104588,18.625072319901214,18.62662908881902
6.647090990955133,39720835637.29847,39724169569.069885,19.09236787395004,19.09397037427072,18.636126504715474,18.637684353940866
6.727259072649714,39723946631.44021,39727285188.130486,19.093863216222044,19.09546793957381,18.646953499206752,18.648512432788156
6.808394031634124,39727208934.32136,39730542820.74929,19.095431287128,19.097033765653713,18.657560276854557,18.65912026852621
6.89050752905422,39730614716.223114,39733953762.40117,19.0970683232055,19.098673281836323,18.66795373321277,18.669514761029205
6.973611366696582,39734190786.00538,39737530885.12441,19.098787210503076,19.10039267524451,18.678140709714665,18.679702784362
7.057717488684729,39737942065.820435,39741288976.1727,19.10059031492115,19.102199053575845,18.68812806563373,18.68969120728495
7.142837983195795,39741896956.29783,39745245177.93622,19.1024912876143,19.10410065655677,18.697922688272634,18.69948691770956
7.228985084197899,39746061386.90204,39749419569.31313,19.104492978661465,19.106107135386814,18.707531496466476,18.709096852394616
7.3161711732084855,39750477969.074165,39753835948.70341,19.10661586983993,19.108229929095383,18.71696152276943,18.71852803371426
7.404408781073854,39755161381.03793,39758522911.88105,19.10886701644052,19.110482782635938,18.726219958369736,18.727787616160583
7.493710589770156,39760144778.03623,39763515374.70314,19.111262354988337,19.112882478797083,18.73531409707276,18.736882946567068
7.58408943422613,39765476731.22835,39768856789.606285,19.113825231881464,19.115449903592207,18.744251525748105,18.745821644219593
7.67555830416779,39771213079.46797,39774602489.81756,19.116582486835615,19.11821165370061,18.753040246266316,18.75461171077
7.768130345985381,39777414514.00687,39780824961.10808,19.119563291938608,19.121202570408617,18.761688734594884,18.76326168666978
7.861818864622859,39784191378.01094,39787622618.1485,19.12282068515609,19.124469958086,18.77020624143671,18.77178088400561
7.956637325490131,39791674276.5794,39795135478.73297,19.12641744363159,19.128081118218034,18.778603170954156,18.78017975327301
8.052599356398389,39800062860.10517,39803575928.7762,19.13044953208204,19.132138137025958,18.786891563612286,18.788470506395452
8.149718749518765,39809689660.85419,39813297840.71992,19.13507678673065,19.136811108183025,18.79508620934233,18.79666829501748
8.24800946336461,39821168453.006836,39824988972.701035,19.140594226608506,19.142430612130134,18.803206945441957,18.80479385414257
8.3474856247977,39835956831.546234,39836699768.31534,19.14770246486189,19.148059567673936,18.811284962181613,18.812860152968753
8.448161531058608,39860722529.756424,39842933833.69011,19.159606439521482,19.15105605723856,18.819397153450083,18.820837335933092
8.550051651821585,39865901785.02644,39843651460.56687,19.162095920050824,19.151400994501525,18.82748698725748,18.828664919069258
8.653170631274223,39855759950.75486,39843123618.627266,19.157221107431127,19.151147279988006,18.835356379118025,18.836308090857724
8.757533290222188,39875805897.03685,39842606681.12026,19.16685646818466,19.150898806840523,18.843096754266547,18.843764233736223
8.863154628219347,39878686478.3201,39842103887.474144,19.168241059336086,19.150657132134985,18.850783701409654,18.85103792148725
8.970049825723585,39866610635.80052,39841584348.05815,19.16243663895891,19.15040740834403,18.858235663718897,18.85813346093008
9.078234246278617,39872023243.11687,39841057846.00013,19.16503828337003,19.15015433786309,18.865473732838776,18.865054938057742
9.187723438722127,39872182894.97994,39840531941.718185,19.165115022241523,19.14990155471147,18.8725718677089,18.871806440735195
9.298533139420517,39858614241.7628,39839996868.03899,19.158593061798868,19.149644364162505,18.879425017092753,18.878391946822145
9.410679274530622,39859357166.37548,39839449365.879684,19.15895015876776,19.14938119969304,18.88604326323275,18.884815265987708
9.524177962288718,39878412186.08538,39838896287.19587,19.168109216987702,19.1491153547901,18.892618063644868,18.891080138445624
9.639045515327101,39854682801.833115,39838339728.76693,19.156703360935136,19.14884783729964,18.899009019698408,18.897190266588137
9.755298443018628,39866800874.12139,39837776318.80716,19.162528079633493,19.148577026526322,18.905183672476227,18.903149257644788
9.872953453849549,39857779555.92093,39837206085.158775,19.15819185852868,19.148302935852893,18.911228947773676,18.908960614459374
9.992027457820912,39868815473.81012,39836627802.53746,19.16349642477928,19.14802497632953,18.91714315515031,18.914627750026167
10.112537568878977,39865205263.65068,39836040439.77104,19.161761127438215,19.147742652309102,18.922959025678633,18.92015398363811
10.234501107374921,39885125601.32629,39835445569.83049,19.171336112681445,19.14745671986181,18.92873077904466,18.925542559121972
10.357935602554209,39878536259.60843,39834844842.835464,19.16816885463901,19.14716797214045,18.934440789726846,18.930796661807026
10.48285879507597,39868803557.58152,39834237056.75259,19.163490697079535,19.146875831371084,18.939922476783625,18.935919404010416
10.60928863956282,39871744232.85919,39833621951.314835,19.164904173238792,19.146580172452776,18.945236052333897,18.94091381601886
10.737243307181362,39867408035.48091,39832997916.74656,19.162819920120956,19.14628022162464,18.95041554545476,18.945782845632305
10.866741188253847,39878577869.35098,39832365464.92982,19.168188854936062,19.145976224929857,18.95551176633034,18.95052936463314
10.997800894901342,39852170421.274025,39831726130.0807,19.155495750543665,19.145668919810564,18.960399204750622,18.955156188451276
11.130441263718758,39874600203.7813,39831079343.94666,19.166276935080468,19.14535803312833,18.965149869426796,18.95966607124235
11.264681358482123,39862008556.84738,39830422394.66842,19.160224586192427,19.145042261390564,18.969842804357636,18.964061683161372
11.400540472888565,39859382929.817825,39829756792.03743,19.158962542321905,19.144722330299366,18.97433824987386,18.96834562440225
11.538038133329287,39892429886.232635,39829085639.717155,19.174847018035038,19.144399731673417,18.97890162354116,18.97252045987855
11.677194101695985,39857550744.48654,39828406798.96105,19.1580818771547,19.144073437494672,18.983344132124042,18.976588699051646
11.818028378221166,39860647089.58217,39827716566.469604,19.159570178160504,19.143741667721105,18.98750171799589,18.98055275861192
11.960561204352672,39850004103.939575,39827016391.98398,19.154454480217463,19.143405119190817,18.99151736452864,18.98441498533838
12.104813065662881,39832978422.604904,39826309075.58979,19.146270851496396,19.143065137803607,18.99528011293897,18.988177694654755
12.250804694792999,39861944589.49135,39825593355.361145,19.160193839399877,19.142721116997375,18.999023272658828,18.991843155747773
12.39855707443289,39844828544.82382,39824866542.75857,19.151966776295684,19.142371764488516,19.002743650759466,18.99541356150082
12.548091440336803,39854805514.2425,39824129725.509964,19.156762344348376,19.142017603108464,19.006336162002537,18.99889104385798
12.699429284375467,39888985532.30334,39823384988.03499,19.17319144178013,19.141659634762288,19.010095811434905,19.00227770234966
12.852592357625056,39872721175.45537,39822630771.49525,19.165373754181356,19.141297110172804,19.013866676225366,19.00557558963289
13.007602673493352,39877776429.32037,39821866911.72993,19.167803631723917,19.14092995043385,19.017485106689136,19.008786699970614
13.164482510883603,39869639734.418335,39821093463.31646,19.16389261701702,19.140558181778825,19.02099981442043,19.01191297976163
13.32325441739661,39866483184.88,39820309975.33274,19.162375377914888,19.14018158746579,19.024367119883525,19.014956327017046
13.483941212571365,39868890369.46178,39819516345.20051,19.163532424407954,19.13980011818909,19.027650570940438,19.017918591641042
13.646565991164776,39852539598.05329,39818712703.23544,19.15567320045798,19.13941383658676,19.03077619766323,19.020801579876093
13.811152126471006,39854347468.80974,39817899109.716286,19.1565421784892,19.1390227716326,19.033745586732877,19.02360705625444
13.977723273680795,39855076061.73188,39817074805.874535,19.15689238673323,19.138626558614064,19.03665903117729,19.02633673949828
14.146303373281274,39862509802.501465,39816239456.33807,19.16046551683423,19.138225036329914,19.039550155209614,19.02899230139476
14.316916654496875,39870816926.83703,39815393877.64156,19.164458450800613,19.137818597258804,19.04246243994759,19.03157537690238
14.489587638771654,39859029618.884964,39814537494.23451,19.158792718545648,19.137406964754447,19.04528522582894,19.034087563569194
14.664341143293623,39859953578.57678,39813670050.269905,19.159236832523963,19.136990015840443,19.047979713956284,19.036530416371487
14.84120228456165,39848628004.95426,39812792103.94002,19.15379303924733,19.136568018819613,19.05055072108316,19.038905455194687
15.020196481995317,39849150524.889275,39811901389.202934,19.154044195665886,19.136139884487637,19.052999709395955,19.041214154094703
15.201349461588306,39859244410.81706,39810998663.664566,19.15889596125236,19.13570597699825,19.05545145214225,19.043457943718764
15.384687259605924,39872027482.9499,39810085457.0342,19.165040321304293,19.135267031627333,19.05797545944588,19.04563823386957
15.570236226327143,39851754284.9012,39809160401.46991,19.155295728852575,19.134822390902787,19.060395892308932,19.047756401771842
15.758023029831811,39860964959.4012,39808223460.3381,19.159722966676245,19.13437203721617,19.062696998249756,19.049813784069865
15.948074659833509,39835271982.78794,39807274077.03232,19.14737328285397,19.133915703026908,19.064848547142724,19.051811682344855
16.14041843155869,39871307779.62776,39806312294.918434,19.164694385969202,19.133453409179406,19.067010119713853,19.05375136443937
16.335081989672556,39857729045.15773,39805338544.77202,19.158167579833204,19.132985362731883,19.06924665551871,19.055634070871466
16.532093312252265,39863284447.754944,39804352192.2228,19.16083786076693,19.132511258765515,19.071385172845755,19.057461011573473
16.731480714808132,39846013875.97382,39803352714.3857,19.15253652207281,19.13203084594837,19.07340554089734,19.059233361226784
16.933272854353273,39848926993.96667,39802340420.86739,19.15393675244277,19.131544273097177,19.075296981881706,19.060952265496518
17.13749873352231,39851677378.85681,39801315280.22924,19.155258762900885,19.13105152510051,19.07717585306846,19.062618844477175
17.34418770473983,39855311757.726166,39800276050.37045,19.157005677265946,19.130552004925487,19.07904659476572,19.064234184433463
17.553369474439055,39866649646.23982,39799223097.46378,19.162455389864977,19.130045888578096,19.080958528652562,19.065799340962005
17.765074107331372,39852206262.609825,39798156935.41505,19.155512978176397,19.12953342307426,19.082806603128464,19.067315349666554
17.979332030727445,39867388555.2033,39797076898.94093,19.162810556656655,19.12901428863637,19.08461611180928,19.068783220713392
18.196174038910378,39856126353.31,39795982647.07489,19.157397223876323,19.12848832137415,19.086404168012905,19.07020393461775
18.415631297561585,39866593850.16515,39794874058.658585,19.162428570711594,19.127955463051173,19.08814607863704,19.071578446040895
18.637735348240156,39857880373.05295,39793751016.47673,19.158240317674657,19.127415657326296,19.089856052831887,19.07290768566932
18.862518112916142,39861425197.304955,39792613215.24412,19.159944186376865,19.126868757459967,19.09149650329922,19.074192559727827
19.090011898558522,39844486985.22858,39791460639.925415,19.151802600962043,19.12631475622525,19.093021128954103,19.07543395115712
19.320249401778593,39865860416.03998,39790293001.75765,19.16207603547651,19.125753514824233,19.094536194740616,19.076632720240355
19.553263713529255,39857375657.31663,39789109846.02893,19.157997719089938,19.12518481469337,19.096087733561053,19.077789702640107
19.789088323861044,39874064791.38223,39787911091.28095,19.16601958172112,19.124608616678607,19.09765008767281,19.07890571118044
20.027757126735455,39869453601.96936,39786696735.732925,19.16380314988643,19.124024919923976,19.099243470359426,19.07998153895692
20.269304424896426,39935050348.53391,39785466496.18131,19.195333131485523,19.12343358830379,19.10114874439564,19.081017958643002
20.513764934800466,39848784331.24461,39784219896.99245,19.153868179636394,19.122834393198165,19.10288600736831,19.08201572027882
20.76117379160629,39844580542.95644,39782956814.74323,19.15184757077522,19.122227275282086,19.10406978688412,19.082975552735753
21.011566554224647,39855546624.92234,39781677062.512764,19.157118569425414,19.121612144709438,19.105264542070152,19.083898165847692
21.264979210429043,39866389304.59516,39780380353.08834,19.16233025306025,19.120988863427474,19.10655516390857,19.08478424992821
21.52144818202804,39858088603.0234,39779066598.91003,19.158340406283937,19.1203573893493,19.10782902899033,19.085634476808977
21.78101033010006,39879882959.694855,39777735508.42715,19.168816164622633,19.119717582337064,19.109150572503776,19.086449500239244
22.043702960291224,39855361990.2489,39776386738.206055,19.157029822221308,19.11906927731464,19.110423700496234,19.087229954862444
22.309563828177094,39856051091.94504,39775020059.547714,19.1573610484625,19.118412364354683,19.11153183012871,19.087976457032415
22.578631144689147,39876433741.122574,39773635362.072754,19.167158250109935,19.11774679040182,19.112734358622944,19.088689606573848
22.85094358160664,39837197822.42174,39772232117.44335,19.14829896425429,19.117072301503192,19.11379901377721,19.089369985449448
23.126540277114675,39844595280.40513,39770810079.472946,19.151854654533334,19.116388779325824,19.11465875216382,19.09001815743376
23.405460841429427,39862374569.806915,39769369260.88398,19.16040051537312,19.115696229984934,19.115641829845675,19.090634671624027
23.687745362491093,39828102619.49336,39767909187.95729,19.143927229435256,19.11499442578087,19.116505932696676,19.09122006146691
23.9734344117255,39862077609.912544,39766429596.03145,19.160257777501265,19.114283239500466,19.117350201824475,19.091774843573642
24.26256904987534,39867952764.44152,39764930317.97215,19.163081751614193,19.113562590808307,19.11840041211128,19.09229951986076
24.555190832901552,39874235222.41792,39763411013.3963,19.166101501750703,19.11283231609456,19.11949497908145,19.092794577457813
24.851341817956033,39859485839.5908,39761871371.52914,19.15901200732464,19.112092265981055,19.120514686218,19.09326048824677
25.15106456942623,39834848505.798965,39760311035.6519,19.147169732794413,19.111342269005988,19.121285633444295,19.093697709127685
25.454402165052805,39865776942.81042,39758729748.12398,19.162035912916625,19.110582201330843,19.122076032886497,19.0941066826811
25.76139820212097,39837589471.7745,39757127423.11668,19.14848721592122,19.10981202170088,19.122861295483546,19.09448783905222
26.072096803726463,39876269718.03401,39755503706.30228,19.167079410148578,19.109031559803583,19.123689980747155,19.094841595679984
26.38654262511724,39804463946.47286,39753857683.57712,19.132564974988234,19.108240376262415,19.124306648876995,19.09516835287203
26.70478086011153,39872471324.148254,39752189397.93757,19.165253659702156,19.107438491744176,19.124891851229805,19.095468496524656
27.02685724759327,39839916571.52307,39750499041.37425,19.14960576853388,19.106625998531808,19.125661620341496,19.095742404734686
27.35281807808605,39825500511.95639,39748785764.69297,19.14267649053346,19.105802488448393,19.126146324547538,19.095990442863542
27.68271020040616,39840148566.58591,39747048999.322784,19.149717280162815,19.10496768820247,19.126621858160778,19.09621295955358
28.016581028395926,39847680501.05989,39745288764.50165,19.1533376084231,19.104121607041023,19.12721217313975,19.096410292079405
28.354478547738374,39826056467.886894,39743504841.726,19.142943718424732,19.1032641399373,19.12770726850231,19.096582768582262
28.696451322853907,39841312586.95528,39741696714.03389,19.150276782619102,19.102395038406403,19.128155634673554,19.09673070523131
29.042548503880234,39861358783.21644,39739864052.14026,19.159912263528575,19.101514144172928,19.12879454933612,19.096854405893044
29.39281983373656,39842500932.737946,39738006474.98702,19.150847977421027,19.10062127407604,19.12942376547971,19.09695416318844
29.747315655272857,39870350075.657196,39736123595.41897,19.16423405233757,19.09971624202425,19.130090863939124,19.097030258431438
30.10608691850536,39850198319.81648,39734215045.08224,19.154547832759256,19.09879887096319,19.130784347462114,19.097082961969992
30.469185187939466,40030155437.55142,39732280482.205124,19.24104670515722,19.09786899661557,19.132378145478114,19.09711253370455
30.8366626499808,39884543969.31947,39730319518.827194,19.171056543229717,19.096926432502855,19.13411863231394,19.097119223221473
31.208572120435743,39818285345.9209,39728331650.94472,19.13920842139516,19.095970936368694,19.134614226615998,19.09710326911126
31.58496705210235,39836455722.45355,39726316646.476395,19.14794226366216,19.09500239666001,19.134827151648647,19.097064900129855
31.965901542452947,39876759727.07015,39724274150.76352,19.167314939754878,19.0940206429052,19.135368734393374,19.09700433626857
32.35143034140928,39807629198.51152,39722203294.946945,19.134086397067257,19.09302525747512,19.13572961591748,19.096921785322575
32.74160885921138,39850119005.39106,39720103873.35521,19.154509709185984,19.092016141510946,19.135934067714427,19.096817444068385
33.13649317438156,39846949438.48467,39717975744.45616,19.152986213106235,19.090993226983294,19.136356002556425,19.09669150264579
33.53614004178425,39828189394.95057,39715818282.97582,19.143968939256435,19.089956213345598,19.136642544048556,19.09654414230717
33.94060690078302,39844552135.68994,39713631040.32681,19.1518339164305,19.088904884978145,19.136909845620146,19.096375533902325
34.34995188349621,39844054841.28139,39711413576.93027,19.151594885009395,19.087839030591283,19.13726057505581,19.096185839176474
34.764233823151955,39852299224.45701,39709165432.36767,19.1555576615713,19.086758428878497,19.137647404531766,19.095975210917633
35.1835122625439,39812853146.20799,39706886128.069984,19.136597359628215,19.085662849808976,19.13784578253296,19.09574379294686
35.60784746258914,39866421944.9879,39704575194.82939,19.16234594211552,19.084552067851508,19.138123048473304,19.095491720281608
36.03730041098919,39836636871.533714,39702232151.01703,19.14802933546775,19.083425851504526,19.13852632259237,19.095219119326167
36.4719328309954,39840138912.359055,39699856501.96646,19.149712639725433,19.08228396299979,19.138771525746968,19.094926107930682
36.91180719028024,39831381344.880486,39697447746.58347,19.14550319404537,19.08112616147944,19.138980576771914,19.094612795483286
37.356986709915475,39838445446.522125,39695005399.807,19.148898651997786,19.079952213792186,19.13917557258663,19.094279283165953
37.807535373458514,39826927397.69813,39692528941.44446,19.143362342859028,19.078761869900283,19.139339954091827,19.0939256640385
38.26351793614863,39836099898.33343,39690017852.89456,19.147771231887756,19.077554880530865,19.139487791976173,19.093552023041234
38.724999934213855,41174476584.46768,39687471612.203064,19.791080458282753,19.076330994799417,19.147350293983862,19.093158437177188
39.19204769429011,39771019213.58895,39684889600.20203,19.11648930252514,19.075089915094324,19.154562377611278,19.092744975124276
39.66472834295417,39799893917.68033,39682271266.73636,19.130368327573805,19.07383137697595,19.15382575328725,19.09231169727768
40.143109816371364,39865859455.06746,39679616116.70288,19.162075573571805,19.07255514246612,19.153647857004376,19.091858656651997
40.62726087005974,39814309672.64189,39676923563.4314,19.13729745916157,19.0712609295737,19.153552246353016,19.091385898843185
41.11725108877194,39817963303.58975,39674193027.66587,19.139053627303884,19.069948459871288,19.153188069432904,19.090893461728555
41.61315089649633,39812298375.344986,39671423931.48216,19.136330701355995,19.06861745557167,19.15282075036071,19.09038137569921
42.11503156657874,39818035538.34157,39668615633.86766,19.139088347934322,19.067267608563284,19.15246293418673,19.089849663483594
42.62296523196612,39815203907.72414,39665767531.44594,19.13772728559604,19.06589862882492,19.15212984665437,19.089298340187543
43.13702489557402,39843031256.69608,39662879018.738556,19.15110288495101,19.06451022532502,19.1519480199003,19.088727413675837
43.65728444077888,39834432231.343544,39659949442.570915,19.146969644732017,19.063102084106188,19.151878741725366,19.08813688445866
44.18381864203688,39807927243.91077,39656978157.69198,19.13422965670201,19.06167389501961,19.151610615252395,19.087526745641295
44.71670317563108,39815141083.00012,39653964511.33846,19.137697088025337,19.060225344305604,19.151240150271345,19.086896983101358
45.25601463054789,39753553420.647156,39650907823.81013,19.10809412808571,19.05875610525687,19.150566515337825,19.086247575463222
45.80183051948482,39833068466.96459,39647807418.53236,19.14631413256067,19.057265852668476,19.150015732481283,19.0855784941353
46.35422928999115,39816312631.170715,39644662632.254944,19.13826020882318,19.055754267740063,19.14983205714039,19.08488970357506
46.91329033574276,39792721486.65671,39641472739.90598,19.126920799608786,19.05422100195581,19.149422768722538,19.08418116117493
47.479094007952895,39768787559.04202,39638236958.483406,19.115416626965978,19.052665678954963,19.148752562710126,19.083452816748018
48.05172162692088,39827471053.91929,39634954603.9861,19.143623658725243,19.05108796996295,19.148298915136234,19.08270461294687
48.631255493719785,39839960297.08766,39631624978.13805,19.149626785829998,19.04948753934376,19.148259688616385,19.081936485911665
49.21777890202509,39832381757.05413,39628247281.95459,19.14598405596427,19.047864003054396,19.148248667544394,19.081148364766864
49.811376150086275,39790587810.52816,39624820742.71837,19.125895218728715,19.046216989677593,19.147955618154224,19.08034017136788
50.41213255284251,39793853176.24247,39621344584.905914,19.127464761827703,19.04454612644729,19.14745167189685,19.079511820605905
51.02013445418457,39806263946.307106,39617818001.45463,19.133430169752064,19.04285102543771,19.147049235400385,19.078663220376352
51.6354692393646,39838032636.78677,39614240168.59161,19.14870022930091,19.04113129069104,19.146908547149874,19.077794271470392
52.2582253475557,39849707588.999,39610610275.12423,19.154311956218795,19.039386532296344,19.14701786970211,19.076904867720742
52.8884922845628,39910826146.1405,39606927480.74077,19.183689434263965,19.0376163463462,19.147540768170362,19.075994896070917
53.526360635686835,39769732739.4374,39603190895.206894,19.115870940968346,19.035820304937186,19.147589008487227,19.0750642362877
54.171922078744295,39786968700.89533,39599399640.57875,19.124155643732934,19.033997986073473,19.146936278681114,19.074112760919036
54.825269397243595,39862305945.549866,39595552815.72611,19.16036753017682,19.032148956614378,19.14682809813796,19.073140335401757
55.48649649372027,39856250736.354324,39591649518.10562,19.157457010303304,19.03027278273998,19.14711418713888,19.07214681809078
56.15569840323338,39816725966.50796,39587688865.0794,19.138458884157856,19.028369040198204,19.14713282833964,19.07113206053289
56.83297130702432,39814385522.045425,39583669908.86677,19.13733391722425,19.02643727342518,19.146913920957033,19.07009590736759
57.51841254634043,39848630119.949684,39579591676.26754,19.15379405584907,19.02447701463881,19.146883107367426,19.06903819597639
58.21212063642555,39815856641.89234,39575453181.99061,19.138041031282988,19.02248779024532,19.14685911286928,19.06795875644169
58.91419528067912,39788546021.86758,39571253412.33053,19.124913804828346,19.020469112993204,19.14649376087272,19.06685741148849
59.6247373849859,39806462120.425804,39566991366.809235,19.133525424877405,19.018420501988867,19.146085116914207,19.065733976573664
60.34384907221895,39765556700.868835,39562666023.644,19.113863670392902,19.016341466098336,19.145553248144218,19.064588260010975
61.07163369691718,39772877809.038666,39558276322.974174,19.11738266208028,19.014231495884967,19.144844400803645,19.063420062801637
61.808195860139854,39847628964.73204,39553821184.84977,19.153312836775818,19.01209007225589,19.144621959402464,19.06222917847694
62.553641424500675,39976245335.36076,39549299519.713974,19.21513407047489,19.009916671500587,19.145564579376746,19.061015393106544
63.308077529382736,39793781349.87462,39544710221.566444,19.12743023749265,19.007710762004727,19.14616764722825,19.059778485326646
64.07161260633724,39771184889.087524,39540052148.935135,19.116568936740173,19.005471795104015,19.145594291406344,19.058518226219892
64.84435639466776,39799057553.18412,39535324135.28234,19.129966317435244,19.003199210086002,19.145066284065035,19.05723437914998
65.62641995720267,39759638520.79989,39530524994.27558,19.111019015460354,19.00089243672361,19.14448274570317,19.055926699689238
66.41791569625771,39791017894.12823,39525653554.920074,19.126101944347077,18.998550912162038,19.14386967181164,19.054594935779125
67.21895736979077,39797375451.98022,39520708598.26865,19.129157792275315,18.996174050497498,19.1434851387841,19.053238827723085
68.02966010775216,39731968499.686386,39515688850.571846,19.097719037911972,18.993761239484737,19.142771045771866,19.05185810778223
68.85014042863149,39791228470.05449,39510593043.01114,19.126203160572395,18.991311869248616,19.142043125544316,19.050452500083928
69.68051625620426,39804355536.77002,39505419871.9148,19.132512866368298,18.988825313161325,19.141743040563377,19.049021720642795
70.52090693648064,39785824780.6891,39500168007.75186,19.123605802697483,18.986300932165456,19.141418216618252,19.047565477207527
71.37143325485853,39788151280.36893,39494836136.60453,19.124724066878816,18.983738094708286,19.14100953489451,19.04608346939979
72.23221745348323,39775299322.01892,39489422904.796974,19.118546595715834,18.981136150126844,19.140550086695026,19.04457538876738
73.10338324881701,39849001002.95088,39483926891.390366,19.153972325882503,18.97849441542727,19.140450949536792,19.04304091836525
73.98505584942022,39899704690.541046,39478346669.50418,19.178343753132342,18.975812204759748,19.14106172703435,19.041479732541955
74.87736197394675,39873760245.53362,39472680797.388535,19.16587319755566,18.97308882512729,19.141796394583523,19.039891497027135
75.78042986935695,39775789654.37912,39466927783.507324,19.118782280732304,18.970323559602495,19.141805639336976,19.03827586876638
76.69438932934987,39669833091.990204,39461086102.53853,19.067852796613177,18.96751567501827,19.1406532531328,19.036632495654036
77.61937171301778,39749612685.89993,39455154234.1965,19.106199959539644,18.96466444062834,19.139385459367027,19.03496101658525
78.55550996372601,39745609391.04919,39449130615.62334,19.104275720616368,18.961769105223482,19.138576304513606,19.033261061453878
79.50293862822011,39844628434.25959,39443013626.71647,19.15187059039107,18.958828890079037,19.138330845648433,19.03153225079684
80.4617938759637,39754290047.515335,39436801649.49376,19.108448197956786,18.95584301748956,19.13813416607525,19.02977419570399
81.43221351870939,39806788257.20573,39430493025.11154,19.133682187022,18.952810690108944,19.137731563311306,19.027986497819867
82.41433703030589,39742013082.384,39424086038.897026,19.102547105220385,18.94973108375605,19.13726459264561,19.026168749016417
83.40830556674398,39700519002.61769,39417578968.97445,19.0826024030816,18.94660337078753,19.136204394184286,19.024320531267293
84.41426198644395,39750747628.24529,39410970064.6419,19.106745485242357,18.943426709704337,19.135222177799726,19.022441416676454
85.4323508707883,39768667256.42301,39404257523.70831,19.11535880185174,18.940200234258473,19.134650158026776,19.020530967253954
86.46271854490156,39743449805.89522,39397439506.553894,19.10323768620563,18.93692306021129,19.134048665132617,19.018588734649228
87.50551309868081,39716594597.69237,39390514144.9814,19.090329359728763,18.93359428958799,19.13316487064327,19.01661426002108
88.56088440808018,39718514221.397896,39383479529.20079,19.09125205335737,18.930213004421645,19.132161016368958,19.014607073886182
89.62898415665175,39694903828.6806,39376333679.14343,19.079903392228406,18.92677825296493,19.131056568940515,19.012566695733284
90.70996585734608,39714516804.21944,39369074593.982544,19.089330639618403,18.92328907349284,19.12995700220291,19.010492633767804
91.80398487457624,39606164511.10402,39361700302.78082,19.03724961445983,18.91974451864715,19.12837384652675,19.00838438523287
92.91119844654749,39701025315.95795,39354208775.97568,19.082845769576707,18.9161436128906,19.126758315244988,19.006241436502417
94.03176570785615,39765753855.880974,39346597880.36639,19.11395843567061,18.912485330870812,19.12608871500863,19.00406326241322
95.16584771236167,39663440799.34704,39338865441.32745,19.064780252928152,18.908768627324033,19.12521527543483,19.001849325714392
96.31360745633391,39661919644.130135,39331009264.91075,19.064049088678242,18.904992447698813,19.123774748369314,18.999599077008643
97.47520990187972,39745304624.593994,39323027121.769104,19.10412923041331,18.90115572042866,19.1228373716797,18.997311954727913
98.65082200065248,39732701435.79853,39314916733.244644,19.09807133377022,18.897257350245223,19.122321950972395,18.9949873849389
99.84061271784705,39762129612.47046,39306675760.621735,19.11221639305373,18.89329621301255,19.121915975719578,18.992624781012925
101.04475305648423,39765665684.85339,39298301825.60799,19.11391605504927,18.889271165571582,19.121706429949402,18.990223543360138
102.26341608198875,39618921393.755264,39289792510.104034,19.043381386175973,18.885181045629484,19.120681307344423,18.98778305928451
103.49677694706244,39765440584.63117,39281145339.20926,19.113807857520637,18.881024663591113,19.11968919915659,18.98530270274373
104.74501291685849,39703164623.0085,39272357789.40262,19.083874057037157,18.87680080649125,19.119193141503654,18.98278183406543
106.00830339445916,39769150424.37172,39263427283.78511,19.115591043194947,18.872508235707826,19.118734337366742,18.98021979968913
107.28682994666,39674961537.24287,39254351183.7413,19.0703178546064,18.868145682953916,19.118120350986477,18.9776159318397
108.58077633006585,39619583386.14679,39245126796.302765,19.043699581955746,18.863711853817072,19.116670616962264,18.974969548203465
109.89032851750162,39665529330.86025,39235751395.174194,19.06578413442578,18.859205437865832,19.115204981964816,18.972279951774148
111.21567472474072,39710711944.34343,39226222188.32135,19.087501781204523,18.854625093070403,19.11429292068113,18.969546430635784
112.5570054375567,39744510643.66467,39216536312.49491,19.10374759252115,18.849969443170476,19.113851790362872,18.966768257535932
113.91451343910114,39661633105.82688,39206690856.990265,19.063911360088,18.845237089095708,19.11313767938494,18.963944689574195
115.28839383761098,39646250652.62565,39196682850.18155,19.056517571649017,18.840426602493118,19.111883308726306,18.961074967955373
116.67884409445062,39605763841.26918,39186509244.710724,19.03705702697369,18.835536518608,19.11033968592991,18.958158317587426
118.08606405249265,39662874390.013435,39176166937.237915,19.064508000464404,18.83056534577721,19.10893061911241,18.95519394671834
119.51025596483952,39807228409.70273,39165652787.17166,19.133893752394645,18.825511574432117,19.10870503091661,18.95218104680055
120.95162452389278,39716834413.949425,39154963555.399536,19.090444630722647,18.82037364764863,19.10878401792264,18.94911879211373
122.410376890773,39854032251.09448,39144095919.45474,19.156390664743746,18.815149968437225,19.109135397386698,18.94600633913657
123.88672272509324,39607457135.77774,39133046542.78726,19.037870932349993,18.80983893303909,19.108842571309868,18.94284282641608
125.38087421509283,39691756538.41304,39121811995.34244,19.078390603722568,18.8044388927511,19.107643995073914,18.9396273743771
126.89304610813464,39691198378.52855,39110388744.80316,19.07812231647039,18.798948149716296,19.10694773272066,18.936359084636734
128.42345574156886,39582505561.38428,39098773215.013214,19.025877613737457,18.793364985005827,19.105642212055717,18.933037039619965
129.97232307397022,39625684961.43366,39086961744.06969,19.046632388331002,18.787687638475518,19.103999778552318,18.92966030227512
131.53987071675215,39638513799.46713,39074950582.50708,19.052798746394735,18.781914307893032,19.10271412627819,18.92622791554844
133.12632396616075,39618404768.16237,39062735911.20183,19.04313306295431,18.776043157543914,19.101416356592665,18.922738901963363
134.731910835656,39481198689.793846,39050313838.91214,18.97718306767541,18.770072317049085,19.099249601469783,18.919192263297038
136.3568620886835,39567184668.747986,39037680389.81877,19.01851341523367,18.76399987537616,19.09685015647052,18.915586980179217
138.00141127184006,39648052402.74076,39024831491.28429,19.057383607709504,18.757823874955736,19.095457431102087,18.91192201155999
139.66579474844085,39571263707.052475,39011762984.53818,19.020474061293395,18.75154231681738,19.094115546661257,18.908196294182105
141.35025173249107,39542470173.15831,38998470621.646286,19.006634051820324,18.745153159132897,19.092205918039515,18.90440874210885
143.05502432306622,39597825379.772385,38984950068.01955,19.033241295889027,18.738654318422235,19.090495643265843,18.90055824626037
144.78035753910876,39524235564.25339,38971196904.763626,18.99786933537706,18.73204367068284,19.08871766114068,18.896643673988628
146.5264993546428,39613350364.14935,38957206603.7351,19.040703593904837,18.725319039400084,19.087075753324307,18.89266386853282
148.2937007344144,39449814020.848816,38942974535.60867,18.96209759337743,18.71847819942486,19.085040373926237,18.888617648392827
150.0822156699622,39535644862.461464,38928495985.106224,19.003353372031306,18.711518884293667,19.08261928044274,18.884503806850237
151.8923012161215,39571833443.53314,38913766128.40258,19.0207479129963,18.704438775368352,19.08094861822367,18.88032111145761
153.72421752796987,39536483022.6209,38898780031.49849,19.003756245280183,18.69723550105408,19.079319867740676,18.87606830340267
155.57822789821867,39403573049.981476,38883532660.85359,18.939871232514598,18.689906641910206,19.07676831889122,18.871744096939114
157.45459879505376,39428608154.72636,38868018872.64816,18.951904701143423,18.682449725488777,19.073668383545098,18.867347178829736
159.35359990043426,39455713099.182724,38852233403.98757,18.964933066797393,18.674862222106857,19.07093884171536,18.86287620769147
161.2755041488532,39553042859.62323,38836170874.75627,19.01171595949335,18.66714154573765,19.06898488228206,18.85832981331686
163.22058776656405,39523160913.69513,38819825792.77288,18.997352789753965,18.659285056488372,19.067456914523202,18.853706596051612
165.189130311282,39362837636.4833,38803192544.720184,18.920291193788668,18.65129005624063,19.064877686905685,18.849005126164073
167.1814147123639,39506928196.39132,38786265387.33156,18.989550310138778,18.64315378441405,19.062277528140743,18.8442239431279
169.1977273114714,39464924891.63307,38769038458.21888,18.969360841979327,18.634873423170873,19.060313894277492,18.839361554933802
171.23835790372596,39286853441.44591,38751505774.427956,18.883768341714084,18.626446096721587,19.057139056306497,18.834416437470633
173.30359977936027,39378220854.70813,38733661209.7796,18.9276853499468,18.617868860433614,19.05355494841653,18.82938703378319
175.3937497658705,39473581134.49643,38715498487.2039,18.973521584584606,18.609138697146662,19.051119098219285,18.824271753175374
177.5091082706783,39331406690.34221,38697011205.03693,18.90518347571769,18.60025252981261,19.048466295741278,18.819068970441943
179.64997932430765,39340134503.8387,38678192829.60467,18.909378619735598,18.59120721793087,19.04512166239555,18.813777025224734
181.81667062408056,39396452838.41023,38659036665.531525,18.936448804550096,18.581999543276744,19.042228259471763,18.808394221172122
184.00949357834142,39393065349.404625,38639535863.90526,18.934820561205605,18.57262621382604,19.039702751239233,18.802918824997143
186.22876335121506,39372451956.03766,38619683428.66382,18.9249124491788,18.56308386682498,19.037099830440873,18.797349065640656
188.4747989079024,39301808709.63756,38599472211.609985,18.890956797782227,18.5533690663939,19.034037264436343,18.791683133462005
190.74792306052458,39348176787.22654,38578894901.92383,18.913244254245136,18.543478298486303,19.03091302950395,18.78591917936052
193.04846251451977,39319499898.973236,38557944009.92637,18.899460312109284,18.533407963084613,19.02796098373094,18.780055313765466
195.37674791559772,39284053157.76687,38536611877.64607,18.882422346714385,18.523154379279124,19.024713533071846,18.77408960561857
197.73311389726268,39368640741.87308,38514890696.3522,18.923080536488417,18.512713793695625,19.02182691981617,18.768020081540925
200.11789912890913,39314535378.10323,38492772468.22634,18.897074046633062,18.502082362072308,19.019177524482892,18.76184472489922
202.53144636449608,39180066834.92926,38470249001.5739,18.832439885428737,18.49125614695811,19.01551443563153,18.75556147464983
204.97410249181,39180175437.686584,38447311935.44691,18.832492086842972,18.48023112954799,19.01117769393857,18.74916822432421
207.44621858232193,39302190854.90748,38423952704.67355,18.89114048118056,18.469003192873906,19.007643219205,18.742662820977326
209.94814994164432,39293742193.759056,38400162538.30505,18.887079515591594,18.457568121058262,19.00483466669197,18.73604306395423
212.48025616059775,39249152804.20737,38375932479.00516,18.86564701008317,18.445921608633764,19.00178942734667,18.72930670378812
215.04290116689413,39233049034.76608,38351253361.80667,18.85790651103784,18.434059250332435,18.998471727043544,18.722451441112536
217.63645327744084,39222698603.85026,38326115818.23972,18.852931433562045,18.42197654306993,18.995082197977638,18.715474925502775
220.26128525127794,39160379409.582855,38300510257.38832,18.82297685271118,18.4096688768401,18.991357426158324,18.708374754259612
222.91777434315375,39151901558.42638,38274426849.046524,18.81890185654196,18.397131526618786,18.987319627669045,18.701148471018094
225.60630235774448,39107117103.820854,38247855544.9595,18.79737559032313,18.38435966257362,18.983072982839204,18.693793564415696
228.32725570452996,39220406852.209015,38220786062.85457,18.851829871505046,18.371348342388316,18.97932240552683,18.686307466820725
231.08102545333108,39022488046.43031,38193207877.85464,18.756697465842574,18.358092507135442,18.975168195723217,18.678687552951306
233.86800739051486,39221116408.39868,38165110232.75041,18.852170929480867,18.344586986213876,18.9711299809335,18.670931138537366
236.68860207588085,39137165595.8956,38136482107.97525,18.811818812766564,18.330826482916823,18.967830755896617,18.663035478900394
239.54321490022994,39045118653.02751,38107312214.27623,18.767575179249956,18.316805570909054,18.96360730671518,18.65499776735498
242.4322561436301,39162664112.19159,38077588998.105225,18.824075026553412,18.302518696818193,18.959636257843496,18.64681513363767
245.35614103438468,39152366136.67186,38047300621.36412,18.819125162487737,18.287960170499,18.95636558259765,18.638484642287406
248.31528980870976,39101170358.582634,38016434982.42491,18.794517205147717,18.273124175136946,18.95282086080788,18.630003291070256
251.31012777113347,39100415621.78998,37984979718.28265,18.79415443049149,18.258004768283072,18.949066040714236,18.621368009572645
254.3410853556237,39042224697.777275,37952922149.10074,18.766184159716712,18.2425958551989,18.94506258844475,18.612575657522523
257.408598187451,38952523960.74449,37920249274.00077,18.723068262417055,18.2268911868328,18.94031083041277,18.603623022812318
260.5131071457995,38913985932.935455,37886947787.44861,18.70454442745081,18.21088436769614,18.93494321843217,18.594506819638735
263.6550584271334,38963469366.65793,37853004064.37929,18.728329322837265,18.19456884871339,18.929768100940628,18.58522368669418
266.8349036093247,38944512251.43288,37818404157.06213,18.71921732375924,18.1779379257153,18.924887068947505,18.575770185298914
270.05309971655794,38996652739.153496,37783133773.01149,18.74427936882242,18.160984728821376,18.92031304647883,18.56614279743312
273.31010928501604,38858969148.98862,37747178271.00692,18.67809985090801,18.143702220526933,18.915353838803338,18.556337923667865
276.6064004293574,38846468341.7377,37710522665.2749,18.67209116536737,18.126083197713097,18.909661262266855,18.546351881146414
279.9424469099964,38920532825.02927,37673151597.81491,18.70769128149556,18.108120278344945,18.904457044520672,18.536180901478613
283.3187282011958,38825114293.93238,37635049329.9758,18.6618270475623,18.089805897422583,18.89924875186726,18.525821128480214
286.7357295599775,38928843824.75865,37596199735.77765,18.711686078223472,18.071132303771186,18.894217971882917,18.51526861587987
290.1939420958668,38788557675.622406,37556586289.39202,18.64425560441909,18.052091554023235,18.889089902321675,18.5045193249709
293.69386284147885,38610231487.895676,37516192065.80379,18.55854066103958,18.032675512936603,18.88226788307399,18.493569122251685
297.2359948239523,38687034052.253586,37474999721.37942,18.59545687362316,18.01287584405446,18.87503813261563,18.48241377701435
300.8208471372484,38571637549.80928,37432991469.09084,18.539989952026854,17.99268399779627,18.86775335835453,18.471048958738702
304.44893501532135,38586798178.04437,37390149081.745094,18.54727711723424,17.97209121301016,18.860074897035926,18.459470234426185
308.1207799061689,38461563100.046555,37346453880.74747,18.487081148506636,17.951088511571786,18.85194680835653,18.447673065950898
311.836909546778,38633699674.58823,37301886702.493645,18.56982096888003,17.929666682230238,18.84428849008081,18.43565280721729
315.5978580389755,38587372062.039536,37256427902.77561,18.547552962497235,17.907816282725804,18.837520497613315,18.423404701220203
319.4041659261899,38360108691.319885,37210057358.81431,18.438315686683755,17.885527640767,18.82934887788234,18.410923877211143
323.2563802711419,38365342968.796074,37162754436.41441,18.440831614395908,17.862790838243043,18.820114583750293,18.398205347755063
327.15505473447257,38495850283.62146,37114497950.12677,18.50356175652182,17.839595692075402,18.811876240248793,18.385244005442786
331.100749654316,38312761959.27678,37065266179.18281,18.415557826450133,17.81593176187688,18.803522984150057,18.37203461954712
335.0940321268354,38584773186.283806,37015036852.91988,18.546303776995696,17.791788342946088,18.79588948173552,18.35857183276491
339.13547608772984,38527743865.76482,36963787104.28257,18.518891846972565,17.767154443917228,18.789649684405155,18.344850157687393
343.2256623947215,38150922085.25369,36911493478.46744,18.337767257295514,17.742018790915314,18.781076502778348,18.3308639731406
347.36517891104063,37900984251.35683,36858131938.89843,18.21763118780416,17.71636983042831,18.76914206362123,18.316607520695545
351.5546205899174,38392718860.51982,36803677805.15061,18.453990214593542,17.690195699469335,18.758892451015313,18.302074900939353
355.79458956008955,37940293892.280235,36748105735.56027,18.23652590926359,17.66348421721796,18.74907727066182,18.287260069383844
360.08569521234466,38188770992.52392,36691389737.44236,18.355959856963572,17.636222889931364,18.738357294069605,18.27215683243105
364.428554287106,38198434772.64731,36633503111.304375,18.360604886258866,17.608398884129976,18.729352968701996,18.256758843172705
368.82379096307136,37987966487.38652,36574418446.98665,18.259440400076073,17.579999024742232,18.719411099435142,18.241059596951345
373.2720369469261,38218994763.81385,36514107621.497894,18.370487329780982,17.551009794064225,18.709836905573848,18.22505242699232
377.7739315641329,38064406223.35547,36452541744.01915,18.29618221418676,17.521417305325066,18.70091162001425,18.20873049981208
382.3301218508199,38205850249.777336,36389691129.80772,18.36416923768944,17.49120729014347,18.692133050623134,18.192086810274482
386.94126264677766,38095712978.78671,36325525299.55617,18.31123023827898,17.460365098219654,18.68373213206011,18.17511417661277
391.60801668957356,38101774298.37943,36260012941.11122,18.314143695199235,17.42887567893497,18.674941614848596,18.157805235346757
396.33105470980524,37786220215.54532,36193121886.70668,18.162468270024178,17.396723570408614,18.664586165298665,18.140152435973206
401.11105552750286,37788706851.41064,36124819092.02173,18.16366350587326,17.363892889431714,18.652704337146584,18.122148035533236
405.94870614969005,37717160988.44637,36055070584.55376,18.12927399936725,17.330367306652004,18.64070826818804,18.103784092894273
410.84470186912574,37751840943.85901,35983841439.112885,18.145943398587253,17.296130034794935,18.628790122547645,18.085052462734744
415.7997463642362,37541037261.11206,35911095772.10081,18.0446176989736,17.261163825913712,18.61614313107817,18.06594478949998
420.81455180024926,37704732826.09631,35836796666.839035,18.123300231600854,17.225450935497303,18.603540322608556,18.046452501041124
425.88983893155137,37712880674.794846,35760906143.3773,18.12721660753398,17.188973107958407,18.59220924635528,18.026566801809178
431.02633720527984,37487205654.346924,35683385188.09245,18.018742794200936,17.151711590860604,18.579900066754114,18.006278666209024
436.22478486616023,37467120176.765976,35604193656.44193,18.00908843218295,17.11364708817543,18.566490196496297,17.985578831721302
441.48592906261183,37403604376.04976,35523290222.08742,17.97855868592696,17.07475973582799,18.552920531059108,17.96445779134555
446.81052595413337,37389214767.28878,35440632353.72462,17.971642121871373,17.03502909055986,18.539230446910377,17.94290578580156
452.1993408199794,37152690174.38525,35356176272.83426,17.857953311792308,16.99443410962153,18.524428445269873,17.920912795542513
457.65314816915196,37100897458.211006,35269876952.34914,17.83305842792282,16.952953150131677,18.50834178658948,17.898468532710456
463.17273185171797,37200074090.939285,35181688001.71358,17.88072904527433,16.91056391382944,18.49291120119722,17.87556243261654
468.7588851714661,36902941058.64116,35091561647.98568,17.737907952285767,16.867243437990936,18.476705525349306,17.852183644664215
474.41241099992544,37118488137.05394,34999448702.57265,17.841513630494298,16.822968079440138,18.460436747130135,17.828321023190114
480.1341218917604,36811786599.80902,34905298449.75858,17.694093303539056,16.777713460968226,18.444016557240797,17.803963117695
485.9248402015522,40663936462.879265,34809058603.31994,19.5456823023934,16.731454450480197,18.448314736259828,17.77909816242687
491.7853982019932,36892323160.96628,34710675304.2338,17.73280431322067,16.68416515989333,18.45270945015646,17.75371406595208
497.7166382035078,36328100434.85672,34610093062.88838,17.461602872543747,16.635818917359853,18.432421728160318,17.72779840062963
503.71941267531,36816560968.86888,34507254599.24793,17.696388169923267,16.586388190440008,18.41221920503264,17.701338391092193
509.79458436792675,36354208319.25517,34402100805.65635,17.47415198751951,16.53584456822309,18.392611519945753,17.6743209018823
515.9430264371982,36070667401.35593,34294570757.872337,17.33786413191441,16.484158766631648,18.36922744079936,17.646732425234244
522.1656225697697,36134386398.17797,34184601591.298992,17.36849154718317,16.43130056892952,18.345157581898004,17.618559068498836
528.4632671101007,36448269739.09034,34072128360.802204,17.519363907194045,16.377238758341633,18.323816546448096,17.58978654036269
534.8368651890073,36212631462.23527,33957083971.515705,17.406101117156563,16.32194108479447,18.303407882088717,17.560400136204215
541.2873328537482,35813305908.67726,33839399143.24414,17.214159778368636,16.26537424780594,18.279861732804385,17.53038472320105
547.8155971996863,36056562109.958755,33719002324.18157,17.33108422892387,16.207503855012956,18.25600672317167,17.499724725094627
554.4225965035367,36169628156.41744,33595819516.089672,17.38543098468586,16.148294338140953,18.234741298720298,17.468404105825954
561.1092803582181,35783128206.00791,33469774239.173313,17.199654449069552,16.087708936120826,18.212405736614947,17.43640635236848
567.8766098093348,35695334133.60675,33340787380.916958,17.157455016440768,16.02570962243008,18.18790895946116,17.403714456902996
574.7255574933044,35429279394.15642,33208776944.9493,17.029572133850454,15.962256984381138,18.161971693506498,17.37031089712081
581.6571077771479,35451213215.56517,33073658147.672142,17.040114927840023,15.897310269567347,18.135268758536313,17.336177616125664
588.6722568999686,34840396332.75029,32935343472.193504,16.746517362652586,15.83082741178667,18.10582383093951,17.301296003667673
595.7720131161401,35317013322.73829,32793742053.182304,16.975609897132923,15.762764735363605,18.076349500836375,17.265646874603522
602.9573968402125,35667944320.47438,32648759588.656494,17.144289724725933,15.69307691274893,18.052281150294604,17.229210443880145
610.229440793577,34466012928.535995,32500298480.587467,16.566564812196948,15.621717032103154,18.0238845175441,17.19196630241718
617.5891901528903,35115785581.016815,32348257405.42349,16.8788870057398,15.548636390862672,17.993079918048775,17.153893391896606
625.0377027002941,34662085922.20511,32192531254.190575,16.660810002793145,15.47378446694843,17.96408389160984,17.114969977375743
632.5760489754474,34681925045.95291,32033010967.244324,16.670345951441067,15.397108839337111,17.933320639464316,17.075173619263584
640.2053124293863,34507790007.01836,31869583218.27728,16.586645541574534,15.318555036174914,17.902401059043125,17.034481143215807
647.9265895802449,33922859983.056934,31702130258.763287,16.305490852384075,15.23806646000758,17.8678779631645,16.99286860806349
655.7409901708554,34188213599.086357,31530529556.421925,16.43303673032526,15.155584214003344,17.832382167682,16.9503112715504
663.6496373282415,33310733474.374016,31354653654.75558,16.011263797447782,15.07104703443748,17.7942029432705,16.906783554031268
671.6536677250424,33372779327.6196,31174370094.882698,16.041086993163873,14.984391253120375,17.752317323771898,16.862259001787322
679.7542317428836,33751405963.102757,30989540705.670906,16.223079111293742,14.895550456190227,17.71394399646808,16.81671024670247
687.9524936377117,33655510532.45072,30800021330.34124,16.176985649007158,14.80445535270158,17.678073447663543,16.7701089613111
696.249631707129,33301501963.761127,30605661846.284252,16.006826544458875,14.711033784150223,17.640482221740285,16.722425813477034
704.6468384597479,32289548539.682053,30406305601.86285,15.520417164247377,14.615210453764684,17.595981502205934,16.67363041903234
713.145320786579,34144296547.67764,30201788978.526047,16.411927393424826,14.516906716030181,17.557431707388005,16.623691289842494
721.746300134495,32567016421.743805,29991940905.669357,15.65378593135746,14.416040343499558,17.52125796300158,16.572575777844705
730.451012681785,33531762848.5754,29776582326.183247,16.117504616793465,14.312525269901782,17.482540297816634,16.520250014604915
739.2607095158205,32289450874.85265,29555525794.945713,15.52037022029916,14.206271397151854,17.443084167706658,16.466678846982163
748.176656812871,32678529444.203396,29328574953.59316,15.707386204699528,14.097184342892183,17.39976028391285,16.411825769036188
757.2001360200866,32083093074.634956,29095523857.842484,15.42118149548503,13.985165117160665,17.356254239622466,16.35565284872241
766.3324440396711,35565210793.99492,28856156131.95257,17.094909437300856,13.870109715970926,17.330354553318355,16.29812064767329
775.5748934152812,47890866574.82231,28610244720.60264,23.0194060064078,13.751909002049226,17.395378077361485,16.239188136673327
784.9288125206746,32038028532.20841,28357550694.562294,15.399520601189266,13.63044813076329,17.437815943715567,16.17881260489118
794.3955457506266,31064466211.03911,28097822307.96443,14.931564434463334,13.505606096987508,17.383948491385247,16.11694955910269
803.9764537141556,31110324793.278885,27830794016.705734,14.95360699495462,13.377255263283596,17.326109802669066,16.05355261434317
813.6729134300795,29735583536.971886,27556185383.914654,14.29281863600421,13.24526083379867,17.26202641512166,15.988573375325288
823.4863185249237,30849034643.016975,27273700391.56334,14.828014277918335,13.109480523382015,17.19805844195494,15.921961310528449
833.4180794332223,29094307363.342785,26983025444.6188,13.984580392289391,12.969763598252806,17.131856735381426,15.853663613942857
843.4696236002361,30416094344.39784,26683827770.294052,14.619915547967835,12.825950106578064,17.064863351907842,15.783625049623886
853.6423956871075,28788956393.382877,26375754023.619705,13.837809234140149,12.677870208221405,16.997617878651806,15.711787782882212
863.9378577784973,28795083285.610306,26058429513.676834,13.840754209452307,12.525343802821183,16.92279145122924,15.638091203148868
874.3574895927261,28988554577.0745,25731454458.46638,13.933748855975152,12.368178729641778,16.85088068057198,15.562471725205528
884.9027886944416,28900592731.807846,25394401256.05506,13.891468781002976,12.206169455912221,16.781264758914766,15.484862558296548
895.5752707098593,28881316925.7245,25046813425.90045,13.882203598765354,12.039096567959472,16.7126899076076,15.405193459202254
906.3764695445994,27844806029.396477,24688201600.234325,13.383990330576463,11.86672484441151,16.639693462485987,15.323390462209142
917.307937604142,27990525064.34897,24318040065.788532,13.454032195932827,11.688801593930126,16.563394710028565,15.239375572980675
928.3712460169497,26724420895.81181,23935763081.3868,12.845461752622356,11.505054885210617,16.482476072902948,15.153066429014908
939.5679848602816,29403504518.12838,23540759316.527317,14.133200272259941,11.315190873809739,16.411654546616354,15.064375915448903
950.8997633887208,25960878332.470314,23132367162.099487,12.478454481178,11.118891548176984,16.33795444464527,14.973211731628968
962.368210265473,25854201296.946056,22709868767.90611,12.427178691702437,10.915811863707342,16.2459049340306,14.879475907256
973.9749737964391,26294253664.60495,22272482055.32881,12.638695935797298,10.70557590351868,16.157953104465246,14.783064250496496
985.7217221671224,25713000730.667778,21819349782.76366,12.359308690678,10.487771622602468,16.07124617296744,14.683865701328903
997.6101436823909,24514444057.15018,21349529630.51491,11.783205883135652,10.261946081991097,15.976438369928248,14.581761581529305
1009.6419470091245,22901135343.641457,20861992078.766636,11.007746783185747,10.027604428775664,15.867852117542286,14.476624794154215
1021.8188614217956,24461473359.388897,20355596687.642284,11.75774478615791,9.784198494789212,15.761645175364357,14.368318894110434
1034.1426370510137,22262182220.019398,19829066532.368847,10.700625145519426,9.531114508515548,15.654188018413638,14.256696900059564
1046.6150451350566,20492001154.607815,19280975638.46518,9.849763184483468,9.267667055639086,15.526689609850743,14.141599917808268
1059.2378782744452,21101038574.423225,18709722428.901604,10.142505426220152,8.993086316055626,15.395681642303334,14.022855573103662
1072.0129506895892,19341363852.689487,18113498680.073654,9.296693484280953,8.706503142132675,15.261145037953082,13.900276153454953
1084.9420984815295,19554026663.926228,17490239740.283733,9.398912799662817,8.406925130535573,15.121054642597391,13.773656333127157
1098.027179895836,20614483416.56196,16837561490.287342,9.908635974185458,8.093206321443958,14.991561181216177,13.64277030919073
1111.270075589688,20297984369.213043,16152710997.529713,9.756506338774011,7.764023479829553,14.869324671504707,13.507368365981268
1124.6726889021647,19305194373.124107,15432451650.599419,9.2793081247186,7.417820883745916,14.742506130006987,13.367172583715586
1138.2369461278074,17305789381.270428,14672927251.835981,8.318266519701682,7.0527449985645,14.601620553051108,13.221871220185845
1151.9647967934795,16058803744.488281,13869505526.088772,7.718885662552226,6.666569257299738,14.445613887225422,13.07111155997241
1165.8582139385567,13846867335.545135,13016517316.835974,6.655687898563825,6.256568701624018,14.273575632977465,12.91449055347776
1179.919194398505,14862952892.3616,12106876077.477467,7.144083445407027,5.81933708510585,14.098914399076268,12.751542022087659
1194.1497590918812,12929616505.863918,11131496048.82161,6.214798627429881,5.350507212188602,13.923067810253137,12.581718680183137
1208.5519533107824,10447545363.367298,10078429154.238728,5.02175687537363,4.844336074933495,13.726227755909262,12.404366346221519
1223.1278470148095,16383777059.68943,8931383067.042591,7.875088571768248,4.292992541652958,13.55400613287627,12.218685391290139
1237.879535128577,8991108664.371525,7667003361.203744,4.32170047433866,3.685250985139374,13.37711703651713,12.0236691457224
1252.8091378427982,15755002642.970592,6249487280.643593,7.572859470060938,3.0039023165358127,13.201321750762004,11.817997530135814
1267.918800919016,10633832661.74643,4615928748.524609,5.111298436467045,2.2187098617839545,13.038639225547398,11.599818777628686
1283.210695998004,7310273192.157194,2642997189.4539156,3.513783705816135,1.270393077619104,12.831788908221151,11.366262519124009
1298.6870209118815,0.0,0.0,0.0,0.0,12.569155273805467,11.111934153078487
1314.35,0.0,0.0,0.0,0.0,12.271369488345501,10.848672544189787
