R_kpc,Sigma_bar,Sigma_eff,kappa_bar,kappa_eff,kappa_bar_mean,kappa_eff_mean
8.540000000000001,14085332092.286589,14657623803.928524,5.187637671655204,5.398413109751941,0.0,0.0
8.597833451484032,14085982033.136374,14660029653.431076,5.187877045325246,5.399299185808225,0.06955633047325539,0.07238671186760429
8.656058554971644,14086641605.420916,14662438283.78407,5.188119966259452,5.400186286053672,0.13818329809034766,0.14381476561320425
8.714677962756408,14087310964.834644,14664849484.22285,5.188366491800191,5.401074332863515,0.2058934114934623,0.2142970279268527
8.773694345093414,14087990270.006104,14667263042.76611,5.188616680370466,5.401963248164888,0.27269901238773586,0.28384619194103267
8.833110390320895,14088679682.56712,14669678746.180256,5.188870591499391,5.402852953423711,0.3386122777941607,0.3524747795515715
8.89292880498269,14089379367.22406,14672096379.943111,5.1891282858484375,5.403743369631315,0.40364522227264354,0.4201951437072735
8.953152313951529,14090089491.83128,14674515728.206875,5.189389825238481,5.404634417290803,0.4678097001156093,0.4870194706686664
9.013783660553177,14090810227.466833,14676936573.760386,5.18965527267769,5.405526016403154,0.5311174075125824,0.5529597822362996
9.07482560669137,14091541748.51053,14679358697.99058,5.18992469239027,5.406418086453023,0.593579884686082,0.6180279379489328
9.136280932973644,14092284232.724434,14681781880.843243,5.190198149846112,5.407310546394289,0.655208517999314,0.6822356372521036
9.198152438838003,14093037861.335926,14684205900.782888,5.19047571179139,5.4082033146352755,0.7160145420359934,0.7455944216374094
9.260442942680424,14093802819.12338,14686630534.751835,5.190757446280107,5.409096309023684,0.7760090416526845,0.8081156767528928
9.323155281983253,14094579294.50461,14689055558.12846,5.191043422706675,5.409989446831213,0.8352029540040705,0.8698106344849439
9.386292313444455,14095367479.628155,14691480744.684511,5.191333711839537,5.410882644737839,0.893607070541505,0.9306903750120742
9.44985691310775,14096167570.467548,14693905866.541546,5.191628385855881,5.411775818815772,0.9512320389852302,0.9907658288309422
9.513851976493612,14096979766.91869,14696330694.126432,5.191927518377509,5.412668884513067,1.0080883652706156,1.0500477787549927
9.578280418731175,14097804272.900436,14698754996.125862,5.192231184507877,5.41356175663687,1.0641864154687994,1.1085468618860825
9.643145174691028,14098641296.458542,14701178539.439854,5.192539460870382,5.414454349336295,1.1195364176820874,1.1662735715594446
9.708449199118894,14099491049.873108,14703601089.134254,5.192852425647935,5.415346576084929,1.1741484639144435,1.223238259262331
9.77419546677023,14100353749.769678,14706022408.392124,5.193170158623874,5.416238349662927,1.2280325119174573,1.2794511365267083
9.840386972545746,14101229617.23413,14708442258.464054,5.193492741224285,5.417129582138714,1.281198387012119,1.33492227679633
9.907026731627811,14102118877.931543,14710860398.61731,5.1938202565617715,5.418020184850257,1.3336557838867285,1.3896616172685161
9.97411777961781,14103021762.229187,14713276586.083807,5.194152789480762,5.4189100683859,1.385414268371312,1.4436789607109957
10.041663172674433,14103938505.323845,14715690576.006847,5.194490426604397,5.419799142564749,1.4364832791888702,1.4969839772541351
10.109665987652873,14104869347.373638,14718102121.386616,5.194833256383079,5.420687316416599,1.4868721296837633,1.5495862061588521
10.178129322244988,14105814533.63456,14720510973.024323,5.195181369144764,5.421574498161361,1.5365900095276004,1.6014950575605609
10.247056295120432,14106774314.601913,14722916879.465027,5.195534857147046,5.422460595188006,1.5856459864029588,1.652719814189481
10.31645004606867,14107748946.156925,14725319586.939024,5.195893814631161,5.423345514032972,1.6340490076651897,1.703269633067536
10.386313736142059,14108738689.718699,14727718839.301813,5.196258337877946,5.4242291603580615,1.6818079019827465,1.7531535471822828
10.456650547799802,14109743812.401806,14730114377.97251,5.196628525265887,5.425111438927753,1.728931380956229,1.8023804671380304
10.52746368505292,14110764587.179764,14732505941.870716,5.19700447733132,5.425992253585953,1.775428040716531,1.850959182784544
10.598756373610232,14111801293.054667,14734893267.351799,5.197386296830913,5.42687150723216,1.8213063635024072,1.8988983648236104
10.670531861025248,14112854215.233253,14737276088.140419,5.197774088806506,5.4277491017969774,1.8665747192176878,1.9462065663936932
10.742793416844153,14113923645.30974,14739654135.262386,5.198167960652454,5.428624938217025,1.9112413669685704,1.9928922246330683
10.815544332754694,14115009881.455744,14742027136.974659,5.198568022185573,5.429498916409149,1.9553144565811467,2.038963662221597
10.888787922736167,14116113228.617584,14744394818.693491,5.198974385717805,5.430370935243965,1.9988020300996037,2.0844290889015364
10.962527523210342,14117233998.721426,14746756902.920597,5.199387166131775,5.431240892518658,2.041712023265283,2.1292966029775497
11.036766493193477,14118372510.886538,14749113109.167343,5.1998064809593325,5.432108684929069,2.084052266976978,2.173574192796277
11.111508214449294,14119529091.647142,14751463153.87678,5.200232450463261,5.432974208040975,2.1258304887326904,2.2172697382056485
11.186756091643064,14120704075.183285,14753806750.343536,5.200665197722305,5.433837356260588,2.1670543140532144,2.26039101199428
11.26251355249666,14121897803.561115,14756143608.631393,5.201104848719668,5.434698022804194,2.207731267887758,2.3029456813111335
11.338784047944733,14123110626.983173,14758473435.488539,5.2015515324351895,5.435556099666945,2.2478687760019613,2.3449413090657627
11.415571052291895,14124342904.049055,14760795934.260328,5.202005380941352,5.436411477590729,2.2874741663485474,2.3863853553093346
11.49287806337096,14125595002.02715,14763110804.799515,5.20246652950336,5.437264046031104,2.326554670420902,2.4272851785966956
11.570708602702329,14126867297.137886,14765417743.373796,5.202935116683461,5.438113693123252,2.3651174245899194,2.467648037329766
11.649066215654345,14128160174.849226,14767716442.570581,5.203411284449777,5.438960305646898,2.4031694714242855,2.507481091082392
11.727954471604855,14129474030.184956,14770006591.19889,5.203895178289843,5.4398037689901875,2.4407177609946182,2.546791401907033
11.807376964103739,14130809268.046532,14772287874.188236,5.204386947329149,5.44064396711244,2.4777691521616227,2.585585935623362
11.887337311036667,14132166303.549215,14774559972.484325,5.204886744454936,5.441480782505734,2.514330413848644,2.6238715630891507
11.967839154789845,14133545562.373247,14776822562.941551,5.205394726445537,5.442314096155319,2.550408226298811,2.661655061453529
12.048886162415988,14134947481.130924,14779075318.212006,5.205911054105565,5.443143787498729,2.5860091823171483,2.6989431153929626
12.130482025801314,14136372507.7505,14781317906.630966,5.20643589240731,5.443969734383615,2.6211397884978367,2.7357423183300416
12.212630461833763,14137821101.877798,14783549992.098614,5.206969410638649,5.44479181302418,2.6558064664370047,2.7720591736354083
12.29533521257227,14139293735.296612,14785771233.957901,5.207511782557885,5.445609897956193,2.690015553931253,2.807900095812932
12.378600045417256,14140790892.36896,14787981286.868309,5.208063186555889,5.4464238619905,2.7237733061622578,2.843271411668409
12.462428753282234,14142313070.496347,14790179800.675375,5.208623805825983,5.447233576164965,2.7570858968677086,2.878179361461948
12.546825154766557,14143860780.603312,14792366420.275757,5.209193828542031,5.448038909694782,2.7899594194988704,2.9126301000442405
12.63179309432942,14145434547.644514,14794540785.477623,5.209773448045204,5.448839729921045,2.822399888365097,2.9466296979769435
12.717336442464925,14147034911.136896,14796702530.856186,5.210362863039968,5.44963590225755,2.85441323976553,2.9801841426373064
12.803459095878441,14148662425.718342,14798851285.604101,5.210962277799844,5.450427290135692,2.886005333108358,3.013299339307294
12.890164977664067,14150317661.73455,14800986673.376505,5.211571902383553,5.451213754947393,2.917181952017855,3.0459811122473233
12.97745803748338,14152001205.85579,14803108312.13045,5.212191952862165,5.451995155985969,2.9479488054295886,3.078235205754857
13.065342251745305,14153713661.725544,14805215813.9584,5.212822651557999,5.452771350384804,2.978311528674032,3.1100672852079607
13.153821623787296,14155455650.642954,14807308784.915596,5.213464227295962,5.4535421930537655,3.0082756845489653,3.1414829380940663
13.242900184057659,14157227812.281313,14809386824.840824,5.214116915668177,5.454307536613199,3.0378467643809324,3.172487675024044
13.33258199029918,14159030805.444935,14811449527.17045,5.214780959312732,5.455067231325434,3.067030189076131,3.2030869307317986
13.422871127733938,14160865308.86692,14813496478.74517,5.215456608207505,5.455821125023609,3.095831310161029,3.2332860650595054
13.513771709249415,14162732022.05054,14815527259.609262,5.216144119980042,5.456569063037737,3.1242554108130953,3.2630903639286872
13.605287875585855,14164631666.15723,14817541442.801846,5.216843760234601,5.457310888117827,3.152307706881978,3.2925050402972404
13.697423795524843,14166564984.944275,14819538594.139727,5.217555802897513,5.458046440353906,3.1799933479014744,3.321535235102582
13.790183666079262,14168532745.755688,14821518271.991478,5.218280530582115,5.4587755570928085,3.2073174180927415,3.3501860181910748
13.88357171268442,14170535740.56996,14823480027.042088,5.219018234974639,5.459498072851502,3.2342849373590368,3.3784623892338153
13.977592189390585,14172574787.108719,14825423402.047861,5.2197692172425345,5.460213819226812,3.2609008622724973,3.4063692786290045
14.072249379056705,14174650730.010618,14827347931.58086,5.220533788466808,5.460922624801305,3.287170087053278,3.433911548390936
14.16754759354557,14176764442.075174,14829253141.762405,5.221312270100133,5.461624315045131,3.313097444541572,3.461093993025813
14.263491173920162,14178916825.581705,14831138549.984922,5.2221049944526134,5.462318712213582,3.338687707162891,3.4879213403944522
14.360084490641457,14181108813.688898,14833003664.621555,5.222912305207247,5.463005635240143,3.363945587887153,3.514398252562037
14.457331943767462,14183341371.921064,14834847984.72269,5.2237345579673145,5.463684899624721,3.3888757411819963,3.5405293266349886
14.555237963153697,14185615499.74767,14836670999.698769,5.224572120838119,5.464356317316823,3.413482763960924,3.5663190955851127
14.653807008654933,14187932232.263317,14838472188.9884,5.225425375045729,5.465019696593325,3.4377711965267443,3.5917720290610586
14.753043570328398,14190292641.975994,14840251021.711035,5.226294715595586,5.465674841930549,3.461745523510959,3.6168925341872575
14.852952168638284,14192697840.712141,14842006956.303082,5.227180551974147,5.466321553870245,3.4854101748096604,3.6416849563503666
14.953537354661652,14195148981.647882,14843739440.136549,5.228083308896985,5.466959628879137,3.5087695265165912,3.666153579973332
15.054803710295786,14197647261.476645,14845447909.119041,5.229003427107128,5.467588859201601,3.531827901854091,3.690302629277162
15.156755848466862,14200193922.724335,14847131787.27388,5.229941364227737,5.468209032705021,3.554589572102595,3.714136269030435
15.259398413340124,14202790256.224392,14848790486.299149,5.230897595673672,5.468819932717391,3.5770587575295347,3.737658605286663
15.362736080531388,14205437603.766226,14850423405.104116,5.23187261562691,5.469421337856575,3.599239628318398,3.7608736861094982
15.46677355732008,14208137360.931778,14852029929.32164,5.232866938081261,5.470013021850722,3.6211363054989154,3.7837855022859084
15.57151558286361,14210890980.136648,14853609430.794804,5.233881097962405,5.470594753349201,3.6427528618792544,3.8063979880272836
15.676966928413309,14213699973.893715,14855161267.036116,5.234915652329893,5.471166295723418,3.664093322981312,3.828715021658564
15.783132397531709,14216565918.319122,14856684780.657187,5.235971181668407,5.471727406856771,3.685161667980158,3.850740426295367
15.89001682631142,14219490456.902624,14858179298.766937,5.237048291276372,5.472277838923002,3.7059618306488726,3.8724779705091534
15.997625083595366,14222475304.566502,14859644132.335876,5.238147612760866,5.472817338152069,3.726497700310033,3.893931368980414
16.105962071198622,14225522252.040133,14861078575.524128,5.239269805648772,5.47334564458265,3.7467731227952776,3.9151042831398706
16.215032724131685,14228633170.579927,14862481904.970335,5.240415559125137,5.473862491800251,3.7667919014144635,3.9360003217976667
16.324842010825257,14231810017.067976,14863853379.038555,5.241585593911004,5.474367606659835,3.7865577979360583,3.9566230417604955
16.435394933356584,14235054839.526402,14865192237.019865,5.242780664294355,5.474860708991774,3.806074533580612,3.9769759484366407
16.546696527677327,14238369783.088615,14866497698.28511,5.244001560329329,5.475341511289804,3.825345790029276,3.9970624964288284
16.658751863842955,14241757096.473574,14867768961.384937,5.245249110220689,5.475809718379565,3.8443752104495137,4.016886090114823
16.771566046243663,14245219139.014627,14869005203.092724,5.246524182912562,5.476265027066116,3.8631664005404054,4.0364500842156374
16.885144213836952,14248758388.300688,14870205577.385832,5.247827690902679,5.476707125758729,3.881722929600188,4.055757784351277
16.99949154038166,14252377448.494623,14871369214.359863,5.249160593306048,5.477135694071003,3.900048331618859,4.0748124475838
17.114613234673687,14256079059.40183,14872495219.070263,5.2505238991949135,5.477550402394233,3.9181461063990954,4.093617282947582
17.230514540783222,14259866106.371227,14873582670.294914,5.251918671245302,5.477950911441669,3.936019720708959,4.112175451966532
17.347200738293683,14263741631.121527,14874630619.21073,5.253346029724347,5.478336871761101,3.9536726094703627,4.130490069158085
17.46467714254214,14267708843.597872,14875638087.97643,5.25480715685709,5.4787079232129035,3.9711081769875842,4.14856420252362
17.582949104861516,14271771134.977938,14876604068.212986,5.256303301616646,5.479063694410374,3.9883297982207333,4.166400874025096
17.702022012824308,14275932091.962898,14877527519.371956,5.2578357849875665,5.4794038021187905,4.005340820109531,4.184003060047502
17.821901290488007,14280195512.507418,14878407366.98117,5.259406005759214,5.4797278506093035,4.022144562953482,4.20137369184672
17.942592398642176,14284565423.16463,14879242500.755705,5.261015446913927,5.480035430963197,4.03874432185523,4.218515655982427
18.064100835057232,14289046098.247517,14880031772.560751,5.262665682684168,5.4803261203216165,4.055143368234699,4.235431794735472
18.186432134734865,14293642081.037573,14880773994.211452,5.264358386363695,5.480599481075248,4.071344951422627,4.252124906509204
18.309591870160133,14298358207.306505,14881467935.092613,5.266095338970612,5.480855059987652,4.087352300343193,4.268597746214089
18.433585651555376,14303199631.457188,14882112319.579483,5.267878438875108,5.481092387245343,4.103168625296752,4.284853025634964
18.558419127135696,14308171855.638071,14882705824.237862,5.2697097125223085,5.481310975426575,4.118797119855064,4.30089341378003
18.68409798336633,14313280762.241833,14883247074.779354,5.271591326401555,5.481510318379972,4.134240962883332,4.316721537210786
18.810627945221583,14318532650.265965,14883734642.743898,5.273525600438034,5.481689890002692,4.149503320705123,4.332339980351787
18.938014776445726,14323934276.092772,14884167041.878284,5.27551502301208,5.481849142906637,4.164587349428796,4.347751285779136
19.066264279815446,14329492899.341324,14884542724.174458,5.277562267846479,5.481987506959357,4.1794961974566665,4.362957954486378
19.19538229740425,14335216334.557758,14884860075.526571,5.279670213044045,5.48210438768454,4.194233008201418,4.377962446126316
19.325374710848564,14341113009.64747,14885117410.959373,5.281841962608236,5.482199164504618,4.208800923038038,4.392767179227086
19.456247441615616,14347192032.118032,14885312969.373371,5.284080870840466,5.4822711888054165,4.2232030845240764,4.40737453138056
19.588006451273223,14353463264.402418,14885444907.743742,5.286390570081707,5.482319781799603,4.237442639926337,4.42178683940094
19.720657741761347,14359937409.776445,14885511294.699802,5.288775002355936,5.482344232162002,4.251522745098482,4.436006399451027
19.85420735566549,14366626110.68367,14885510103.399776,5.291238455583265,5.482343793405368,4.26544656876165,4.450035467133362
19.988661376491926,14373542061.648806,14885439203.601149,5.293785605166036,5.482317680959892,4.279217297249357,4.4638762575429505
20.12402592894487,14380699139.415833,14885296352.8098,5.2964215619187724,5.482265068913419,4.2928381397890405,4.477530945277855
20.260307179205405,14388112553.512638,14885079186.369726,5.299151927521244,5.482185086361487,4.306312334406018,4.491001664403303
20.397511335212457,14395799021.151209,14884785206.33031,5.3019828589343305,5.4820768133071365,4.319643154552077,4.504290508364329
20.535644646945475,14403776971.26217,14884411768.896465,5.304921143546085,5.481939276038783,4.332833916581047,4.517399529841069
20.67471340670923,14412066783.588825,14883956070.229462,5.307974287230233,5.481771441900661,4.345887988218539,4.530330740539969
20.814723949420372,14420691070.201391,14883415130.318783,5.311150618028071,5.48157221335281,4.358808798203874,4.543086110912886
20.955682652896048,14429675008.635204,14882785774.587193,5.31445940884349,5.4813404211962125,4.371599847320786,4.555667569794686
21.097595938144416,14439046738.240622,14882064612.817894,5.317911023418928,5.481074816811647,4.384264721081882,4.5680770039482566
21.240470269657113,14448837834.440918,14881248014.900618,5.321517091004886,5.48077406322696,4.396807104393266,4.580316257503647
21.384312155703743,14459083879.683556,14880332082.776371,5.325290716641679,5.480436724784296,4.409230798604004,4.59238713127557
21.52912814862836,14469825155.297504,14879312617.81089,5.329246735970969,5.480061255123715,4.421539741445955,4.60429138194018
21.674924845147945,14481107485.745386,14878185082.633232,5.333402026174425,5.4796459831283215,4.43373803050024,4.616030721048062
21.821708886652846,14492983276.615625,14876944556.223682,5.337775888266955,5.479189096383111,4.44582995099803,4.627606813845274
21.969486959509396,14505512801.205105,14875585680.703266,5.342390520946003,5.478688621577503,4.45782000899018,4.639021277867898
22.11826579536441,14518765809.27437,14874102597.83449,5.347271613097215,5.47814240111853,4.469712971223507,4.650275681267133
22.268052171451902,14532823557.883532,14872488872.64773,5.352449091752722,5.477548065002371,4.481513913472286,4.661371540811435
22.418852910901727,14547781401.751305,14870737400.794462,5.357958076122192,5.476902996692492,4.493228279636315,4.6723103194979405
22.57067488305048,14563752134.935614,14868840295.104284,5.363840108336132,5.476204291338511,4.504861954699386,4.683093423686949
22.72352500375431,14580870355.706877,14866788745.24226,5.370144761031779,5.475448704087903,4.51642135574589,4.693722199647948
22.877410235704048,14599298246.673111,14864572842.105906,5.376931766177219,5.474632585411284,4.527913546817401,4.7041979293715945
23.03233758874233,14619233346.387878,14862181355.314789,5.384273877360041,5.473751799151679,4.53934638570573,4.714521825454482
23.188314120182895,14640919177.441793,14859601447.262592,5.3922607841208725,5.472801617209692,4.550728714231375,4.724695024796576
23.34534693513208,14664660060.55552,14856818299.775412,5.401004567994209,5.471776582041499,4.5620706088235945,4.734718580754574
23.503443186812504,14690842213.231625,14853814617.828384,5.410647473156663,5.470670323877334,4.573383716463414,4.744593453252341
23.662610076888882,14719964546.880318,14850569956.135078,5.421373249029935,5.469475312703889,4.58468171433636,4.754320496134401
23.822854855796056,14752684911.408564,14847059783.421778,5.433424182195364,5.4681825136358775,4.595980953670646,4.763900440713786
23.984184823069345,14789891863.490578,14843254145.553,5.447127528698201,5.466780894544229,4.607301386535017,4.773333873925974
24.146607327676954,14832820466.322361,14839115691.435242,5.462938163178281,5.465256698995056,4.618667943691584,4.782621208595467
24.310129768354848,14883248064.3954,14834596639.295671,5.481510682856254,5.463592328927967,4.630112663933523,4.791762641727674
24.47475959394368,14943844715.942327,14829633878.773426,5.503828472048683,5.461764540752869,4.641678144773499,4.800758093760879
24.640504303728193,15018847015.569159,14824140550.529015,5.531451871515281,5.459741344114212,4.653423478495407,4.809607115719861
24.807371447778742,15115479632.256947,14817990312.415524,5.567041731900234,5.457476207110828,4.665435288392678,4.81830873791549
24.975368627295303,15247355558.461508,14810984282.791206,5.615611727856371,5.45489588149481,4.677850538745371,4.826861200062496
25.144503494953682,15444230337.922495,14802767713.356123,5.688120846976815,5.451869713218909,4.690911570941874,4.835261397239574
25.314783755254094,15789558728.57618,14793415295.795795,5.815305535041653,5.448425211283199,4.705137446197169,4.843505578260438
25.48621716487215,16687461516.823778,14785522711.616276,6.146003760633956,5.445518367003765,4.7222467854691565,4.85159665651838
25.658811533012205,13771386906.212387,14782087698.195908,5.072011439810432,5.444253249155965,4.7341119851430395,4.859551320113863
25.832574721763077,13775387637.648006,14781229799.020714,5.073484911999346,5.44393728428907,4.73865237904813,4.867388751371503
26.007514646456144,13779464278.981407,14780360236.03441,5.074986341856762,5.443617023632376,4.743151840389952,4.87511683476728
26.183639276025932,13783618799.52166,14779478857.404797,5.076516454680589,5.443292411265978,4.747611297712512,4.882736978440439
26.360956633373167,13787853244.859985,14778585508.424625,5.078076003863508,5.442963390211089,4.75203167702372,4.890250570893312
26.539474795730186,13792169741.13115,14777680031.419092,5.07966577246244,5.442629902395967,4.756413902216634,4.897658981240184
26.71920189502884,13796570499.589666,14776762265.648449,5.081286574883972,5.442291888620051,4.760758895506879,4.904963559452343
26.900146118271024,13801057821.529688,14775832047.205482,5.082939258696351,5.4419492885161995,4.765067577887675,4.912165636599363
27.082315707901508,13805634103.580454,14774889208.907291,5.084624706579803,5.4416020405108325,4.769340869603943,4.919266525086619
27.265718962183488,13810301843.412895,14773933580.181168,5.086343838428283,5.441250081781903,4.773579690647273,4.926267518889079
27.450364235576547,13815063645.896729,14772964986.94392,5.088097613617129,5.440893348214449,4.777784961273517,4.933169893781372
27.636259939117213,13819922229.752163,14771983251.47424,5.089887033452899,5.440531774353588,4.78195760254508,4.9399749075641655
27.823414540802105,13824880434.745161,14770988192.277515,5.091713143823386,5.440165293354728,4.786098536900141,4.946683800286856
28.011836565973713,13829941229.48127,14769979623.942543,5.093577038068089,5.439793836930793,4.7902086887512505,4.953297794466584
28.20153459770872,13835107719.859371,14768957356.989395,5.095479860091743,5.439417335296192,4.794288985116021,4.959818095303594
28.392517277208942,13840383158.254406,14767921197.707685,5.097422807746315,5.439035717107256,4.798340356282918,4.9662458908929095
28.584793304195,13845770953.50651,14766870947.984533,5.099407136510014,5.43864890939887,4.802363736515464,4.972582352432368
28.77837143730263,13851274681.803991,14765806405.12122,5.101434163495498,5.438256837516955,4.806360064798544,4.97882863442698
28.973260494481643,13856898098.5586,14764727361.637575,5.103505271823544,5.43785942504642,4.810330285630903,4.984985874889617
29.16946935339754,13862645151.384644,14763633605.062935,5.105621915403265,5.437456593734169,4.8142753498683915,4.991055195537991
29.367006951836036,13868519994.30827,14762524917.712566,5.1077856241654,5.437048263406763,4.818196215623054,4.997037701987958
29.56588228811006,13874527003.350391,14761401076.448002,5.109998009801515,5.436634351882149,4.8220938492237115,5.002934483943048
29.766104421469773,13880670793.646711,14760261852.419899,5.1122607720693205,5.436214774874953,4.82596922624446,5.008746615380266
29.96768247251518,13886956238.291296,14759107010.791677,5.114575705732774,5.435789445894699,4.829823332608147,5.014475154732044
30.170625623611567,13893388489.117056,14757936310.44191,5.116944708215542,5.435358276136196,4.833657165772925,5.020121145064371
30.374943119307815,13899972999.65781,14756749503.643444,5.11936978805795,5.434921174361359,4.837471736010921,5.025685614250989
30.58064426675754,13906715550.573402,14755546335.716778,5.1218530742810655,5.4344780467715506,4.8412680677892395,5.031169575143602
30.787738436143023,13913622277.862305,14754326544.6549,5.124396826777422,5.434028796869406,4.845047201264914,5.036574025738042
30.99623506110202,13920699704.237057,14753089860.716536,5.127003447866614,5.433573325309022,4.848810193906966,5.041899949336246
31.206143639157503,13927954774.097795,14751836005.98426,5.129675495176075,5.433111529733219,4.852558122260557,5.047148314703988
31.417473732150345,13935394892.610262,14750564693.883545,5.132415696033532,5.432643304596397,4.856292083870376,5.052320076224218
31.630234966674845,13943027969.479467,14749275628.658081,5.135226963588879,5.432168540971299,4.860013199382824,5.057416174045839
31.84443703451721,13950862468.111084,14747968504.796175,5.13811241492035,5.4316871263377555,4.86372261484952,5.062437534227807
32.06008969309707,13958907460.974094,14746643006.402328,5.141075391424625,5.431198944351234,4.867421504258071,5.067385068878305
32.27720276591199,13967172692.124,14745298806.507053,5.144119481844166,5.430703874588641,4.871111072320001,5.072259676288813
32.49578614298488,13975668648.022396,14743935566.30695,5.147248548350122,5.4302017922684485,4.874792557550633,5.077062241062792
32.71584978131461,13984406638.002855,14742552934.325956,5.150466756177966,5.429692567941777,4.878467235681259,5.081793634238686
32.93740370532944,13993398885.994316,14741150545.486946,5.153778607409285,5.429176067150466,4.882136423450819,5.086454713406937
33.16045800734373,14002658635.433338,14739728020.081337,5.157188979611035,5.428652150047577,4.885801482832347,5.091046322820558
33.38502284801773,14012200269.690975,14738284962.622028,5.160703170188848,5.428120670974933,4.88946382575924,5.095569293498879
33.611108456820325,14022039450.82829,14736820960.562511,5.164326947490778,5.427581477991369,4.8931249194282715,5.1000244433238855
33.83872513249505,14032193280.10264,14735335582.861858,5.168066609921883,5.4270344123442085,4.896786292270554,5.104412577128569
34.067883243529195,14042680484.408438,14733828378.371496,5.171929054610489,5.426479307875115,4.9004495406992925,5.108734486776554
34.298593228626174,14053521633.795881,14732298874.015127,5.1759218575204855,5.4259159903497585,4.90411633676473,5.112990951232198
34.53086559718102,14064739396.42852,14730746572.727316,5.180053367352379,5.425344276698589,4.9077884368733296,5.117182736620143
34.76471092975904,14076358838.895771,14729170951.109238,5.1843328161486015,5.424763974153455,4.911467691761408,5.121310596273204
35.00013987857783,14088407781.796974,14727571456.75142,5.1887704502553715,5.424174879261559,4.915156057954969,5.125375270767208
35.23716316799259,14100917223.108074,14725947505.162151,5.1933776862489305,5.423576776754197,4.918855610999692,5.129377487941175
35.4757915949845,14113921845.233664,14724298476.226217,5.198167297683176,5.422969438242498,4.922568560811499,5.133317962900882
35.716036029652685,14127460626.12064,14722623710.101116,5.203153640163238,5.42235262070601,4.9262972695829665,5.137197398003522
35.95790741570923,14141577580.765745,14720922502.43473,5.208352924443238,5.421726064731353,4.930044272790434,5.141016482820596
36.20141677097781,14156322667.459064,14719194098.75925,5.213783550196391,5.421089492447505,4.933812303989193,5.144775894075671
36.44657518789555,14171752903.994326,14717437687.877144,5.219466517116049,5.420442605089846,4.937604324271515,5.148476295552774
36.69339383401831,14187933754.052214,14715652394.003988,5.2254259355216455,5.419785080106362,4.9414235575109995,5.152118337970281
36.941883952529345,14204940864.818176,14713837267.36448,5.231689666324544,5.419116567694141,4.945273532850585,5.155702658813868
37.19205686275151,14222862266.336714,14711991272.84554,5.238290131051772,5.418436686620313,4.949158136345329,5.159229882120444
37.44392396066289,14241801185.281057,14710113276.183472,5.2452653481593545,5.417745019134766,4.953081674295535,5.162700618202848
37.697496719415916,14261879687.218582,14708202026.98563,5.252660274481223,5.4170411047170095,4.957048951677871,5.1661154633021775
37.952786689859934,14283243452.427437,14706256137.63765,5.26052856416582,5.416324432307703,4.96106537031901,5.169474999150747
38.2098055010674,14306068127.744505,14704274056.78892,5.26893490806615,5.415594430543331,4.965137053240834,5.172779792423322
38.46856486086367,14330567908.999718,14702254035.58329,5.2779581946563505,5.414850455318948,4.969271004230512,5.176030394046804
38.72907655636028,14357007343.735197,14700194084.015217,5.287695856981412,5.414091773714119,4.973475315629813,5.1792273383279435
38.99135245449186,14385717887.79294,14698091913.584766,5.298269970460017,5.413317542872717,4.9777594433985595,5.182371141843304
39.2554045025567,14417121658.798075,14695944860.523369,5.30983600130905,5.412526781726911,4.982134578077533,5.185462302012785
39.52124472876098,14451766402.793652,14693749780.771923,5.322595684779682,5.411718332317534,4.986614155853804,5.188501295243182
39.78888524276675,14490378519.766483,14691502902.68959,5.3368165544956545,5.410890805546624,4.991214580181146,5.191488574473309
40.05833823624349,14533946317.298672,14689199614.341022,5.352862604831436,5.4100425028351635,4.995956270456806,5.194424565862619
40.32961598342345,14583856221.342142,14686834145.387585,5.371244457435847,5.4091712989633915,5.0008652389472665,5.197309664212729
40.60273084166079,14642126982.319353,14684399070.74692,5.392705619502941,5.408274459268279,5.005975561964459,5.200144226437928
40.877695251994545,14711837797.84001,14681884494.2141,5.41838016166832,5.407348338970621,5.011333454846311,5.202928561879396
41.154521739715314,14797973942.68669,14679276611.760647,5.450104164124923,5.406387854037065,5.017004440736029,5.205662917181163
41.43322291493575,14909275675.282227,14676554944.351929,5.4910966701695125,5.405385462024816,5.023087084542955,5.20834745097816
41.71381147316501,15062888688.570889,14673686283.700445,5.547672450518286,5.404328932298337,5.029742613329011,5.210982187115754
41.99630019588717,15298775622.850664,14670608673.922808,5.634549773573462,5.403195446462396,5.037271285783413,5.21356691391516
42.28070195114333,15743555293.428875,14667446416.788956,5.798362437666875,5.402030784945895,5.046381354416518,5.216101578022635
42.56702969411784,17300389743.91053,14664678561.322346,6.371745655821313,5.401011381839585,5.060320624158849,5.218587619457605
42.85529646772841,13511072556.214302,14662470632.472492,4.976137482442965,5.400198200098268,5.068516347807754,5.221028047803756
43.14551540322022,13520049747.259207,14660459490.495583,4.979443788190324,5.399457495100039,5.0672999919382775,5.223425339967666
43.4376997207642,13529240156.961933,14658429993.613892,4.982828622518648,5.398710029977528,5.066144803158105,5.225780513074412
43.73186273005915,13538651946.952276,14656381924.299782,4.986294991361904,5.397955724615154,5.065051034465803,5.228094040669998
44.028017830938,13548293791.396076,14654315061.515736,4.989846089421444,5.3971944976046435,5.064018977040455,5.230366388868354
44.32617851397822,13558174923.984316,14652229180.600224,4.993485317472122,5.396426266202998,5.063048962377089,5.232598016433376
44.626358361116466,13568305190.592196,14650124053.145113,4.997216301756669,5.395650946287343,5.06214136463959,5.23478937485927
44.928571046267145,13578695108.455782,14647999446.86348,5.001042915780492,5.394868452306241,5.0612966032582225,5.236940908449195
45.23283033594528,13589355932.865324,14645855125.446701,5.004969304874869,5.394078697227061,5.060515145803185,5.239053054392174
45.53915008989367,13600299732.55736,14643690848.409565,5.008999913963919,5.393281592478932,5.059797511170514,5.2411262428382255
45.847544261714255,13611539475.210075,14641506370.921804,5.013139519052596,5.392477047890694,5.059144273122591,5.243160896971713
46.15802689950369,13623089124.717392,14639301443.624195,5.017393263052809,5.391664971623169,5.0585560642325715,5.245157433082821
46.47061214649329,13634963752.24969,14637075812.427242,5.021766696687161,5.390845270095021,5.058033580290392,5.247116260637124
46.78531424169324,13647179663.518333,14634829218.28986,5.026265825360564,5.390017847901235,5.057577585238296,5.249037782343186
47.10214752054126,13659754545.168333,14632561396.97522,5.03089716307676,5.389182607723202,5.05718891671603,5.250922394218104
47.42112641555564,13672707633.854979,14630272078.780409,5.03566779470936,5.388339450229151,5.056868492310751,5.2527704856508874
47.742265456992676,13686059912.351704,14627960988.23574,5.04058544822851,5.387488273963404,5.056617316625059,5.254582439463606
48.06557927350847,13699834338.034271,14625627843.768854,5.04565857885178,5.386628975222662,5.056436489298845,5.256358631970116
48.391082592825356,13714056110.35275,14623272357.327902,5.050896467554273,5.385761447917228,5.0563272141484585,5.258099433032252
48.71879024240286,13728752985.521448,14620894233.95681,5.056309336969152,5.384885583414575,5.056290809621122,5.259805206113296
49.04871715011303,13743955648.741251,14618493171.314037,5.061908488477388,5.3840012703621,5.056328720805661,5.261476308328472
49.380878344920426,13759698156.973513,14616068859.124517,5.067706465281694,5.38310839448528,5.056442533295058,5.263113090492233
49.71528895756676,13776018468.824503,14613620978.55209,5.073717247563335,5.382206838356533,5.056633989265408,5.264715897162012
50.0519642212602,13792959082.773176,14611149201.476692,5.079956487541868,5.38129648112901,5.056905006224317,5.266285066678052
50.39091947236918,13810567811.204952,14608653189.656643,5.086441794552319,5.380377198228064,5.057257698995988,5.267820931198833
50.73217015112107,13828898726.1042,14606132593.751436,5.0931930833443895,5.379448860991342,5.057694405659072,5.269323816731563
51.07573180230545,13848013323.67979,14603587052.173784,5.100233003014864,5.3785113362459915,5.058217718349041,5.270794043157002
51.42162007598226,13867981970.932762,14601016189.73105,5.107587469779495,5.377564485808303,5.058830520097066,5.272231924247754
51.76985072819473,13888885719.126839,14598419616.004475,5.115286334875461,5.376608165886774,5.059536029227248,5.273637767678976
52.12043962168709,13910818600.172636,14595796923.398842,5.123364230321278,5.3756422263638,5.060337853309996,5.275011875030104
52.473402726627064,13933890566.516823,14593147684.773556,5.131861651680041,5.374666509923201,5.0612400553260075,5.276354541775889
52.828756121333434,13958231300.185558,14590471450.535954,5.140826360932783,5.373680850979685,5.0622472356138095,5.27766605726455
53.18651599300846,13983995213.28341,14587767745.035107,5.150315228165729,5.372685074350681,5.063364634479662,5.278946704680093
53.54669863847526,14011368108.685007,14585036062.032793,5.160396684707699,5.371678993588298,5.064598262237582,5.280196760985066
53.90932046492005,14040576196.391384,14582275858.938206,5.171154043860458,5.370662408855963,5.065955066232817,5.2814164968386565
54.2743979906396,14071898520.670597,14579486549.358097,5.182690077823309,5.3696351041846295,5.067443148599343,5.282606176483226
54.641947845793766,14105684439.210285,14576667493.30648,5.195133455277216,5.368596843867013,5.069072054979897,5.283766057589799
55.01198677316295,14142378780.231565,14573817984.09083,5.208648006767472,5.36754736762776,5.0708531647098525,5.284896391049037
55.3845316289107,14182559016.26275,14570937230.359493,5.223446415830579,5.3664863840115045,5.072800229767682,5.28599742068826
55.759599383351755,14226991893.094671,14568024330.898869,5.23981107547815,5.3654135611006435,5.074930138264821,5.287069382885664
56.13720712172482,14276722827.48444,14565078238.194517,5.258127013433795,5.364328513094878,5.077264028518679,5.288112506037421
56.5173720449711,14333223142.598005,14562097703.874737,5.278936119049703,5.363230780218035,5.079828972928896,5.289127009807083
56.9001114705177,14398645306.399277,14559081193.510094,5.303031147784065,5.36211979733868,5.082660633903605,5.290113104039754
57.28544283306645,14476294319.2105,14556026746.46644,5.331629333569612,5.360994842353883,5.085807680050907,5.2910709871339465
57.673383685388146,14571571265.46609,14552931729.806396,5.366719899585193,5.359854945550965,5.089339640646096,5.29200084348074
58.06395169912219,14694073626.779078,14549792368.35669,5.411837605028715,5.358698716530965,5.093362179874266,5.292902839167488
58.4571646655815,14863015373.853966,14546602749.435553,5.474058968763609,5.357523977649048,5.098050762180204,5.293777114117094
58.85304049656289,15124718978.533764,14543352832.929459,5.57044458960306,5.356327031124374,5.103740537907675,5.294623766953796
59.25159722516308,15636420631.162409,14540069125.625507,5.758904666542122,5.35511763942519,5.111265684012979,5.29544293594102
59.652853006600175,17912956915.805813,14536833405.201786,6.597354574128853,5.353925921327592,5.125588932441428,5.296235025308442
60.05682611904062,13269394199.868555,14533658683.777512,4.887127174585937,5.352756669204202,5.133818177409336,5.297000667333507
60.463534964431766,13284521070.045448,14530481438.928381,4.892698411463402,5.351586487701669,5.130548072974542,5.297740360466169
60.87299806934027,13300085430.855112,14527273853.36068,4.898430776447232,5.350405131691243,5.127397595156275,5.2984543712486225
61.28523408579585,13316110150.582016,14524035574.525463,4.90433269194261,5.349212471328901,5.124367357050935,5.299142893325475
61.700261792141085,13332620139.899483,14520766245.309528,4.910413332567961,5.3480083750896,5.121458081520214,5.299806115992756
62.11810009388675,13349642618.7237,14517465503.959383,4.916682723437475,5.346792709739276,5.118670610465999,5.300444224233504
62.53876802457295,13367207429.052176,14514132984.001884,4.9231518553797295,5.345565340305614,5.116005915412585,5.301057398752475
62.9622847466362,13385347403.661613,14510768314.16116,4.929832820729374,5.344326130047448,5.113465109630223,5.3016458160100015
63.388669552282366,13404098803.096004,14507371118.271282,4.936738974270146,5.343074940422606,5.111049462085955,5.3022096482549586
63.81794186436544,13423501836.711607,14503941015.183895,4.94388512513611,5.341811631053881,5.1087604135735445,5.302749063556864
64.2501212372722,13443601287.938457,14500477618.670055,4.951287767095906,5.340536059692883,5.106599595458278,5.30326422583706
64.68522735781303,13464447269.757214,14496980537.315248,4.958965356795394,5.339248082181371,5.104568851580643,5.303755294898984
65.12328004611884,13486096144.230576,14493449374.406399,4.9669386524217325,5.337947552409642,5.10267026400337,5.304222426457496
65.5642992565437,13508611650.569984,14489883727.809143,4.975231129171121,5.33663432227133,5.100906183470612,5.30466577216723
66.00830507857391,13532066300.830376,14486283189.833399,4.983869493284164,5.33530824161389,5.099279265692261,5.305085479649918
66.45531773774309,13556543122.641926,14482647347.084782,4.992884323895189,5.333969158183882,5.09779251489358,5.305481692520674
66.90535759655357,13582137857.020256,14478975780.298527,5.002310882487282,5.332616917565799,5.096449336514117,5.305854550413126
67.35844515540393,13608961760.245575,14475268064.151665,5.012190144826343,5.331251363112894,5.095253601549547,5.306204189003346
67.81460105352278,13637145218.310356,14471523767.047972,5.0225701321646925,5.329872335867976,5.094209725879819,5.306530740032463
68.27384606990897,13666842470.441729,14467742450.8683,5.033507650917674,5.328479674471455,5.093322769129782,5.3068343313278294
68.73620112427808,13698237870.88332,14463923670.676609,5.045070598882293,5.327073215053076,5.092598559340364,5.30711508682255
69.20168727801548,13731554322.437632,14460066974.368614,5.057341071316782,5.325652791102516,5.0920438522697395,5.307373126573167
69.67032573513568,13767064837.40947,14456171902.245026,5.070419618844154,5.324218233312203,5.091666537952039,5.307608566775184
70.14213784324807,13805108703.051636,14452237986.484865,5.084431201197172,5.322769369383343,5.09147591298269,5.307821519776015
70.61714509452952,13846114598.111023,14448264750.484993,5.099533701058465,5.3213060237826655,5.091483046200071,5.308012094084846
71.09536912670343,13890634506.445427,14444251708.018894,5.115930414469338,5.319828017432607,5.091701280364343,5.3081803943786445
71.57683172402528,13939394960.613132,14440198362.150547,5.1338889238797,5.3183351673112815,5.0921469375115125,5.308326521503323
72.06155481827497,13993377182.55872,14436104203.819687,5.153770614018758,5.316827285931437,5.092840339485087,5.3084505724687245
72.54956048975582,14053947625.56075,14431968710.003168,5.176078750585751,5.315304180663282,5.093807335390149,5.308552640435621
73.04087096830055,14123081292.12246,14427791341.400856,5.201540728385449,5.3137656528822,5.095081683037569,5.308632814692642
73.53550863428374,14203767462.555786,14423571539.878448,5.23125750144973,5.312211497026937,5.096708953124095,5.308691180621484
74.03349601964143,14300804976.479845,14419308727.226048,5.2669964857702976,5.310641500142383,5.098753349663286,5.308727819653205
74.53485580889733,14422523622.235981,14415002313.1499,5.3118255482255,5.309055444822935,5.101310660467113,5.308742809241862
75.03961084019627,14585053012.749363,14410651758.341295,5.371685236549079,5.307453132440816,5.10453584546827,5.308736223014408
75.54778410634464,14825264706.448463,14406257151.489304,5.460155371526441,5.305834595660275,5.108712822186415,5.308708132503252
76.05939875585759,15255806987.885738,14401815799.982422,5.618724395230716,5.304198842790608,5.114491504473438,5.308658601829325
76.57447809401353,16583742863.479593,14397326522.214766,6.107804107987052,5.302545438645542,5.124541951453079,5.308587684700808
77.09304558391575,13025970713.711481,14392798676.633762,4.797474134197517,5.300877829947817,5.128911363521934,5.308495454382599
77.61512484756136,13047978694.60484,14388232181.603989,4.8055796889697735,5.299195986631048,5.12452204719598,5.308382005983521
78.14073966691718,13070737577.675095,14383619167.349173,4.813961801539538,5.297497010251125,5.120302119660695,5.308247413639888
78.66991398500303,13094297447.799978,14378959085.805668,4.822638918202345,5.295780698955823,5.116253141894147,5.308091729770969
79.20267190698247,13118714218.516197,14374251382.87999,4.831631631952913,5.2940468486721235,5.112376915708874,5.307915003371868
79.73903770126094,13144050627.999487,14369495498.51857,4.840963049305293,5.292295253131906,5.108675511772739,5.307717280029852
80.27903580059105,13170377460.846844,14364690866.806767,4.850659240276118,5.29052570390841,5.105151302731704,5.30749860194084
80.82269080318572,13197775060.001333,14359836916.104763,4.8607497952275756,5.288737990466293,5.101807002640593,5.307259007926274
81.37002747383855,13226335215.482344,14354933069.229383,4.871268520488073,5.286931900228585,5.098645714264686,5.306998533450545
81.92107074505194,13256163548.148037,14349978743.694393,4.882254316293622,5.2851072186652,5.095670986300218,5.306717210639209
82.47584571817299,13287382552.025364,14344973352.02569,4.893752297280116,5.283263729409013,5.092886883230448,5.306415068298378
83.03437766453676,13320135524.859575,14339916302.173254,4.905815240107463,5.281401214407588,5.090298071468898,5.3060921319355865
83.59669202661743,13354591714.765764,14334806998.050213,4.9185054789749545,5.279519454121712,5.087909926769753,5.3057484237827675
84.16281441918731,13390953159.72497,14329644840.240988,4.931897424612465,5.277618227786209,5.0857286698066355,5.3053839628220025
84.73277063048374,13429463927.237007,14324429226.938147,4.946080967251066,5.275697313754979,5.083761539653732,5.304998764814957
85.30658662338372,13470422827.362642,14319159555.194197,4.961166158845354,5.2737564899620395,5.082017019172139,5.304592842337368
85.8842885365865,13514201269.125462,14313835222.616344,4.977289789598762,5.271795534545702,5.080505132894537,5.304166204820319
86.46590268580447,13561268933.69586,14308455629.699978,4.994624843415203,5.2698142267079975,5.0792378484576615,5.303718858600924
87.05145556496164,13612231684.980158,14303020183.108276,5.013394460395579,5.26781234792256,5.07822962974582,5.303250806986202
87.64097384740084,13667889304.557861,14297528300.402271,5.033893200655602,5.2657896836767115,5.07749821893651,5.302762050335872
88.23448438709836,13729326648.529684,14291979417.081917,5.056520617456744,5.263746026064687,5.077065775960007,5.302252586173136
88.8320142198876,13798063873.802715,14286372997.494318,5.081836585652248,5.261681177805152,5.076960599160001,5.301722409338314
89.43359056469023,13876317167.421137,14280708552.612831,5.110657328482182,5.2595949587892505,5.077219838473825,5.30117151221131
90.0392408247565,13967481163.708893,14274985671.022272,5.144233092144864,5.257487217492482,5.0778940089463465,5.300599885051607
90.64899258891312,14077097193.744984,14269204078.151173,5.184604752756537,5.255357852789984,5.079055029541046,5.300007516556699
91.26287363282027,14215017076.654436,14263363766.34492,5.235400742198856,5.253206861862554,5.080811897288592,5.29939439488101
91.88091192023681,14401020038.410227,14257465359.610981,5.303905763246404,5.251034474532583,5.083345390997727,5.298760509864856
92.50313560429389,14683114986.58092,14251512238.449137,5.40780153017087,5.248841935840504,5.087001472997093,5.298105861395065
93.12957302877773,15226932781.470186,14245494350.579325,5.60809000479114,5.246625543524535,5.092649933889779,5.2974304327751085
93.76025272942037,17779012199.709213,14239387148.877365,6.548022641406982,5.244376256861649,5.105883313044293,5.29673412198396
94.39520343519996,12791472030.447893,14233199618.306316,4.711108104963609,5.242097385020036,5.112863171966404,5.296016790224144
95.034454069649,12821548877.383902,14226948831.995853,4.722185428748917,5.239795216045306,5.107551038977343,5.2952783649652195
95.67803375217227,12852834139.502792,14220630821.29784,4.73370781269217,5.2374682882815735,5.102461645972249,5.294518806829491
96.32597179937292,12885429175.167929,14214244774.05864,4.745712587149566,5.235116302612085,5.09759822487496,5.2937380651895
96.97829772638832,12919450398.728935,14207789870.179497,4.7582426276075775,5.232738956993895,5.092964502093098,5.292936086066417
97.63504124823409,12955032581.682068,14201265282.039755,4.771347570502639,5.230335946613735,5.088564774414264,5.292112812136787
98.29623228115815,12992333122.17237,14194670175.057594,4.785085385681776,5.2279069640945375,5.084404002585042,5.291268182741618
98.96190094400303,13031537643.79016,14188003708.430828,4.799524438443267,5.225451699768269,5.080487928011685,5.290402133898567
99.63207755957825,13072867450.617418,14181265036.119854,4.814746235235459,5.22296984203795,5.076823220142145,5.289514598318218
100.30679265604141,13116589623.991371,14174453308.159285,4.830849142301851,5.220461077860734,5.073417665230287,5.2886055054258
100.9860769682887,13163030959.232944,14167567672.4256,4.847953518587952,5.217925093398932,5.070280411941059,5.287674781390243
101.6699614393553,13212597618.456429,14160607277.052122,4.866208953884834,5.21536157490945,5.067422296644427,5.286722349163153
102.35847722182432,13265803524.601986,14153571273.784199,4.885804726371192,5.212770209979507,5.06485628305063,5.285748128531532
103.05165567924685,13323312541.040117,14146458822.74573,4.906985337391195,5.210150689282144,5.0625980703154765,5.284752036189859
103.74952838756941,13386003179.825567,14139269099.39397,4.93007434354971,5.207502709137693,5.060666957091229,5.28373398584015
104.45212713657332,13455071692.111809,14132001305.022963,4.9555123249841335,5.2048259753821915,5.059087108615249,5.282693888333823
105.15948393132247,13532203865.043016,14124654683.323547,4.9839201582799975,5.202120209466444,5.057889486092206,5.281631651878525
105.8716309936208,13619877385.714859,14117228547.992432,5.016210377329427,5.1993851586244695,5.057114922021301,5.280547182351343
106.58860076348083,13721931379.0902,14109722332.32751,5.053796934544269,5.196620614139484,5.056819309283831,5.2794403837986055
107.310425900601,13844736681.446247,14102135688.157566,5.0990262133860575,5.193826447779786,5.057083021339598,5.278311159296126
108.037139285853,13999896651.689346,14094468717.48077,5.156171739064277,5.191002697111372,5.058029776765782,5.27715941261519
108.76877402278072,14211596097.116455,14086722698.284262,5.234140793039766,5.1881498328178015,5.059870102875158,5.275985052234348
109.5053634391067,14542466923.388378,14078895870.944042,5.356000750020111,5.185267206828323,5.0630263792458745,5.274787986644756
110.2469410882515,15242177625.218924,14070972218.73217,5.613704691417716,5.182348920170821,5.068687965343241,5.273568081555042
110.9935407508617,12516590171.582256,14062935793.78326,4.609868923880552,5.179389099235308,5.0692431154942765,5.272325125552847
111.7451964363482,12554015004.797874,14054796209.198078,4.623652516157448,5.176391284533528,5.063176641538526,5.271058894632519
112.50194238443672,12593110909.473488,14046565275.176928,4.638051565223087,5.173359825770521,5.057380452842906,5.269769220705292
113.26381306672587,12634039141.390457,14038241852.17831,4.65312546169465,5.170294303252355,5.051859576884234,5.268455964174563
114.03084318825874,12676988785.640568,14029824789.460691,4.668943845743833,5.167194293160118,5.046619838972286,5.267118981660502
114.80306768910326,12722183900.256195,14021312925.91174,4.685589238100836,5.164059367855324,5.041668006673927,5.26575812599752
115.58052174594349,12769893136.011211,14012705091.176765,4.703160583033777,5.160889096295523,5.0370119737111665,5.26437324623661
116.3632407736827,12820442934.730953,14004000107.20036,4.721778109295492,5.157683044602082,5.032660997762375,5.2629641876542514
117.15126042705627,12874236021.267527,13995196790.348192,4.7415901407309855,5.154440776841648,5.028626013364054,5.2615307917702605
117.94461660225534,12931777935.671236,13986293954.36414,4.762782868094745,5.1511618561152615,5.024920051851069,5.260072896377919
118.74334543856331,12993716150.043722,13977290414.566542,4.7855947558151435,5.147845846103836,5.021558817861828,5.2585903355914
119.54748332000038,13060899577.962376,13968184993.93599,4.810338459357113,5.144492313310301,5.018561501796762,5.257082939917942
120.35706687698224,13134472491.706148,13958976532.216118,4.837435415002173,5.141100830411424,5.015951960487947,5.255550536366607
121.17213298798823,13216029338.35605,13949663900.038006,4.867472858726638,5.13767098145984,5.013760496680512,5.25399294861294
121.99271878124071,13307883728.372078,13940246021.940546,4.901302894882831,5.13420237036247,5.012026662000485,5.252409997253228
122.81886163639771,13413567181.422255,13930721916.412842,4.940226184637138,5.130694635628164,5.010803919828462,5.250801500211178
123.65059918625397,13538833562.627909,13921090772.131052,4.9863618805424,5.127147478445785,5.010167961296532,5.249167273426565
124.48796931845648,13693915504.659384,13911352114.33318,5.043478668375645,5.123560723960154,5.01023297143331,5.2475071321344
125.33101017722994,13899429371.402863,13901506268.237392,5.1191695693910235,5.119934491949353,5.011187858468599,5.245820893684413
126.17976016511393,14205877243.162819,13891557195.768356,5.232034535124496,5.116270241593008,5.013394841649415,5.244108388490737
127.03425794471296,14791563445.295155,13881491092.299881,5.44774317344721,5.112562888637628,5.017777282506618,5.24236942479114
127.89454244045727,17834910479.59912,13871275196.23271,6.568610017028493,5.108800366963269,5.031081698970724,5.240603698262298
128.76065284037546,12290167099.695448,13860921374.228016,4.5264771479709776,5.1049870470695495,5.037960108677326,5.238810857442436
129.63262859788094,12338181439.535782,13850451628.818193,4.5441608629521655,5.101131032504556,5.031221205883758,5.236990639291218
130.51050943356745,12388735805.170238,13839859870.784351,4.562780071211767,5.097230080604707,5.024816048859375,5.2351428233517625
131.39433533701973,12442136823.952667,13829144531.686832,4.582447703818897,5.093283613712577,5.0187534653366885,5.2332671732535685
132.28414656863458,12498758147.79351,13818304029.271606,4.6033013770337865,5.089291049082902,5.013043844888459,5.231363448016012
133.17998366145451,12559062445.970858,13807336769.735111,4.6255114922755025,5.085251799716712,5.007699503445122,5.2294314020475525
134.0818874230154,12623633276.079418,13796241150.978703,4.649292974214765,5.081165275559956,5.002735175999328,5.2274707851585775
134.98989893720346,12693222634.810833,13785015567.360174,4.674922783759625,5.077030885253483,4.998168698931161,5.22548134259387
135.90405956612838,12768824342.517023,13773658416.80669,4.702766945641535,5.072848038752748,4.994021981995243,5.223462815093944
136.8244109520068,12851791892.092117,13762168111.81453,4.733323952241073,5.068616151379018,4.990322439810713,5.221414939000311
137.75099501905876,12944036917.75082,13750543097.221626,4.767297859777974,5.064334650365016,4.987105185833263,5.219337446430434
138.68385397541843,13048383377.170277,13738781880.658268,4.805728733841969,5.0600029860699305,4.984416562729935,5.217230065569512
139.62303031505624,13169247094.865776,13726883089.090046,4.850242925693848,5.055620652804229,4.982320180448174,5.215092521173347
140.56856681971405,13314067400.784727,13714845586.72798,4.903580345762005,5.051187232256034,4.980908092203791,5.212924535495733
141.5205065608556,13496729614.175661,13702668770.434792,4.970854966847698,5.046702502289464,4.980323822272584,5.210725830225366
142.47889290162638,13747386149.282423,13690353632.577015,5.06317194422862,5.042166828393808,4.980817837401601,5.2084961317568
143.44376949883068,14150328766.61197,13677893511.888504,5.211575992317683,5.037577757220081,4.982920265380422,5.206235156092476
144.41518030491946,15114510562.286137,13665267831.819391,5.566684822751475,5.032927710410559,4.988374676456303,5.203942555675197
145.39316956999212,11991420460.0877,13652470329.326084,4.416448551431301,5.028214381281901,4.9883914524485995,5.201617921458758
146.37778184381378,12047569527.921885,13639512756.036415,4.437128292428282,5.023442097966869,4.980862068706008,5.199260863583026
147.36906197784236,12106951726.667711,13626399284.005198,4.458998797803747,5.0186123970361685,4.973718916481173,5.196871036668219
148.36705512727357,12170000593.873476,13613127833.508003,4.482219739740283,5.013724512525838,4.966973856813379,5.194448105079303
149.37180675309708,12237255856.828402,13599696304.439968,4.506989900176409,5.0087776709657845,4.960640995633994,5.191991727360993
150.383362624167,12309402865.624798,13586102579.530174,4.533561694030981,5.003771092563648,4.954737275733241,5.189501556223123
151.4017688192876,12387332305.17391,13572344529.174,4.562263161180438,4.998703992984554,4.949283305752925,5.1869772385460715
152.42707172931196,12472234010.502645,13558420018.85378,4.59353251869827,4.9935755860841535,4.944304557414655,5.184418415416406
153.4593180592544,12565750946.636387,13544326920.906633,4.6279748717536755,4.988385088242715,4.939833159015364,5.18182472220946
154.49855483041992,12670245617.60671,13530063134.058847,4.666460332235628,4.983131725559661,4.935910703773111,5.17919578874814
155.54482938254378,12789291956.62912,13515626617.974365,4.7103051822497415,4.977814746577794,4.932592894674968,5.176531239593289
156.59818937594977,12928661634.951788,13501015460.20057,4.761635132357846,4.9724334469394735,4.929957780911573,5.173830694580997
157.65868279372054,13098528974.771368,13486228025.373213,4.824197392548677,4.966987224338904,4.928121773312364,5.171093769887081
158.72635794388273,13319206139.237717,13471263382.528564,4.90547294673221,4.961475735901491,4.9272750789585915,5.168320080503081
159.8012634616094,13639916468.2275,13456123938.18857,5.023590785449511,4.955899867950952,4.927777282056451,5.165509250253673
160.88344831143303,14231445298.80854,13440795949.209362,5.241451267920691,4.950254558877778,4.930527370417931,5.162660879881987
161.97296178947784,16992546648.108843,13425249118.546238,6.258366828096382,4.944528650259191,4.941536467846572,5.159774466609041
163.06985352570473,11737827757.236069,13409494270.223364,4.32305018141414,4.938726128590873,4.946174308090381,5.1568494666598035
164.17417348617155,11805988851.115759,13393549543.989668,4.348153960014088,4.932853674755053,4.937988455932253,5.1538854151239635
165.2859719753101,11878711367.125631,13377406956.068073,4.374937713578333,4.926908348321044,4.930260244296348,5.150881878182542
166.40529963821717,11956735484.922989,13361063770.668596,4.40367405079291,4.920889141695479,4.923007895683929,5.147838401409712
167.53220746296083,12041023647.199986,13344517226.210407,4.434717439975206,4.914795037786205,4.916253593981038,5.144754522899004
168.66674678290497,12132863173.950516,13327764541.923939,4.46854200198031,4.908625012433845,4.9100247831158,5.141629773252603
169.8089692790453,12234035791.829422,13310802928.507465,4.505803947982705,4.902378038336618,4.904356120796836,5.13846367561343
170.95892698236528,12347113480.363194,13293629606.04882,4.54745053984281,4.896053091650928,4.899292556143443,5.135255745767428
172.1166722762058,12476010975.834177,13276241836.058224,4.594923577674375,4.8896491637890716,4.894894462807107,5.132005492367921
173.2822578986504,12627110805.7425,13258636984.256277,4.650573750824525,4.883165284544102,4.8912468499622115,5.128712417391349
174.45573694492984,12811832987.687897,13240812663.577274,4.718607059771146,4.876600574758047,4.88847758430854,5.125376017095657
175.63716286983794,13053535103.131664,13222767172.674679,4.80762611812061,4.869954407823788,4.886798785160748,5.121995784404082
176.8265894901688,13411311865.78605,13204504701.521166,4.939395550309229,4.863228326911194,4.886623604217297,5.11857122523227
178.02407098716736,14111029157.623638,13186009054.904373,5.197101918811042,4.856416367312212,4.889064624647983,5.115101822309069
179.2296619089971,21645146248.766922,13167241524.824001,7.9719225186092935,4.849504272843231,4.9118595928852775,5.11158692955255
180.44341717322578,11452715031.84454,13148220233.201271,4.218042965026296,4.842498717820524,4.927637727347641,5.108025859188798
181.66539206932669,11532688948.854538,13128967834.80927,4.24749741465607,4.835408046012882,4.918321760520419,5.104418033382814
182.89564226119637,11618726506.661865,13109469376.154018,4.279185107437053,4.8282267500380005,4.909540640967376,5.1007629007485455
184.13422378969227,11711976275.881914,13089721322.598675,4.313529062731085,4.820953528086658,4.901319985857795,5.097059871739876
185.38119307518298,11813994745.073288,13069720109.016434,4.351102536364098,4.813587067120156,4.893691751211099,5.093308347185279
186.63660692012036,11926972679.263788,13049462154.236305,4.3927123886297315,4.80612604819071,4.886696722020904,5.089507718302105
187.90052251162626,12054142903.459515,13028943887.209284,4.439549271241243,4.798569156078472,4.880388536230783,5.085657366811041
189.1729974240968,12200573646.893267,13008161798.338184,4.493479816573674,4.790915098196341,4.87484062361197,5.081756665240591
190.45408962182708,12374874261.366177,12987112553.5465,4.557674854923354,4.783162646601604,4.870159229513369,5.077804977636352
191.74385746164896,12593398477.053036,12965793307.181892,4.63815747656398,4.775310753238515,4.8665108743420635,5.073801661316699
193.04235969559147,12892899773.658665,12944203075.960804,4.748464013804361,4.767359055963049,4.864191140054769,5.069746072778618
194.34965547355628,13383808887.605703,12922330414.97919,4.929266184188766,4.759303339609035,4.863855664278606,5.065637546374097
195.66580434601153,14738253481.341091,12900152396.43608,5.4281090763971225,4.75113515985132,4.868088148290926,5.06147534041645
196.99086626670575,11097251369.487381,12877670915.899849,4.087125449296699,4.742855214829065,4.866576641557216,5.05725867144061
198.32490159539827,11185539597.037064,12854895638.13213,4.119642065319634,4.7344670640807465,4.85634465258103,5.052986795093772
199.66797110060799,11280913000.342821,12831820872.179329,4.1547681565343275,4.725968611624171,4.846703380298116,5.048658986686841
201.02013596238356,11384802501.122683,12808442118.855576,4.193030732411413,4.717358200406031,4.837683436721254,5.0442745060971745
202.3814577750877,11499185804.346714,12784754833.17694,4.235158183076087,4.708634156505566,4.829323444042533,5.0398326007946705
203.75199855020514,11626917864.927843,12760754444.531155,4.282201990421721,4.699794796563075,4.821673445994296,5.035332505831926
205.1318207191664,11772354153.768047,12736436396.34894,4.335766277431065,4.690838442390902,4.814800630722767,5.030773443982452
206.52098713619108,11942638071.545528,12711796232.749949,4.398481963575466,4.681763452885197,4.808799700024475,5.026154626189316
207.91956108115323,12150704256.615477,12686829823.892113,4.475112885217529,4.6725683070222335,4.8038137078486525,5.02147525277925
209.3276062624609,12423610317.773262,12661534183.888348,4.575624378621398,4.663251905097708,4.800082650557124,5.01673451724128
210.7451868199607,12832931306.928614,12635899926.887218,4.7263775855198205,4.653810790295966,4.798087206382405,5.011931593278215
212.17236732785844,13684827684.882631,12609908314.954403,5.040131617988887,4.644238061422675,4.799236210397585,5.007065596154787
213.60921279766026,10725346623.515223,12583553805.062918,3.950152670960216,4.634531676977118,4.79513432454963,5.0021355931571465
215.0557886811351,10822110409.56493,12556840821.290125,3.9857908411130047,4.624693266350084,4.7840447145454625,4.997140661397374
216.51216087329578,10927103886.931593,12529766100.034782,4.024460012339976,4.6147216275549505,4.773602008551669,4.992079893162647
217.97839571539956,11042100218.75218,12502323931.406706,4.066813241865982,4.604614657635166,4.763842564823301,4.986952370734202
219.45455999797278,11169602060.552465,12474508532.936691,4.11377225947344,4.594370226903272,4.754812817411238,4.981757160322052
220.94072096385003,11313322376.090078,12446314072.967741,4.166704552313975,4.583986187555914,4.746573934535031,4.976493311980022
222.4369463112399,11479137476.254904,12417734719.707232,4.227774369802722,4.573460391739786,4.739209958687963,4.971159859700993
223.94330419680767,11677191176.790646,12388764757.9194,4.300717686380438,4.562790734529555,4.732843395557567,4.965755821920663
225.4598632387795,11927287917.20241,12359398943.342836,4.392828490983244,4.551975284460071,4.727669132472535,4.960280203179733
226.98669252006943,12276191179.942383,12329634660.938736,4.521329806940464,4.541013078410712,4.72404402776953,4.954732001982722
228.52386159142537,12879882541.551159,12299455882.602747,4.7436697581049465,4.529898213219423,4.72282165238835,4.949110184119411
230.0714404745976,15194019008.437023,12268834507.59317,5.595967839137932,4.51862033936336,4.7288341746770195,4.943413620189222
231.62949966552858,10425098280.250175,12237777355.907227,3.839570995912115,4.507181968652276,4.72864608585031,4.937641143682117
233.1981101375633,10538506952.015888,12206293312.438526,3.881339489128286,4.495586373398707,4.717006516325727,4.931791642521707
234.7773433446837,10663253990.28479,12174368559.170525,3.927283910666317,4.483828464417486,4.706111119960705,4.9258640071728
236.36727122476287,10802326861.020674,12141995785.865574,3.9785045463323936,4.471905549342967,4.6960133100723045,4.919857090864162
237.96796620284107,10960250131.193933,12109167612.424026,4.036667797309658,4.459814910079285,4.68678434420008,4.9137697259284945
239.57950119442742,11144392130.52075,12075876667.931465,4.104487424591632,4.447553831913498,4.678523912304411,4.907600723933438
241.20194960881804,11368009357.363022,12042115805.662378,4.1868458058067475,4.435119682701597,4.671381340474174,4.901348876537998
242.83538535244276,11658693243.89935,12007878914.402588,4.293904884744956,4.4225102116791195,4.665604927604748,4.895012958876494
244.4798828322306,12089255084.199284,11973152850.300297,4.452481111992044,4.409720577956247,4.661687919372912,4.888591714905701
246.13551695899866,12972371805.499695,11937916477.338139,4.777733618775001,4.396742997122986,4.661070735598811,4.882083820717918
247.80236315086572,9976218307.009468,11902164369.695126,3.674248187477213,4.383575470845666,4.6552123154561915,4.875487904704554
249.480497336687,10095029405.309387,11865897082.28114,3.718006398168526,4.370218203497985,4.642354101510493,4.868802601670573
251.16999595951285,10225897932.062294,11829105389.397568,3.766205368201272,4.356667797248685,4.630284859134231,4.862026543235086
252.8709359800715,10372020122.643599,11791780053.580553,3.8200222733021088,4.34292084993336,4.61906146899512,4.855158333777632
254.58339488027343,10538254937.251934,11753911707.585497,3.88124667191427,4.328973911589264,4.608759951635183,4.848196550452923
256.30745066674274,10732564843.869602,11715490935.165684,3.952811146570684,4.314823514206141,4.599486990908955,4.841139743115129
258.0431818743695,10969426690.605051,11676508502.24626,4.040047530565885,4.300466256867756,4.591403298302373,4.8339864350146335
259.79066756988635,11279533416.87403,11636956298.160313,4.1542600549768345,4.285899152409805,4.584779092000947,4.82673512638613
261.54998735547287,11746857266.376429,11596817838.619892,4.326375755952687,4.271116129657497,4.580164524924029,4.819384276776933
263.3212213723782,12768964272.46147,11556068799.210756,4.702818481938049,4.256108229912034,4.579293927634358,4.811932265564461
265.10445030457436,9578259844.59454,11514704626.135155,3.527679807132939,4.240873776006516,4.573045530707127,4.804377422718117
266.89975538243056,9709651722.688635,11472724101.976917,3.5760715278310777,4.225412319565715,4.559355001513414,4.7967180863771155
268.70721838641293,9855785385.950373,11430113252.862478,3.6298926583281506,4.2097187140022125,4.546533378659869,4.788952579348225
270.52692165081095,10021061480.530586,11386860183.04152,3.6907639596826916,4.193788578102839,4.534652710460137,4.7810791830696315
272.3589480674873,10212505641.68457,11342952779.735111,3.7612729782783343,4.177617450722632,4.523812313127842,4.773096142741606
274.2033810896539,10442448778.84161,11298378807.245611,3.845961196691564,4.161200825445584,4.514158007707001,4.765001666973814
276.0603047356735,10735722865.319975,11253126257.406008,3.9539742480819946,4.1445342796553755,4.505925521203434,4.756793928537128
277.9298035928863,11154626985.049747,11207189720.659027,4.108256928680755,4.127615821008276,4.4995628629821125,4.748471081751294
279.8119628214642,11939116873.164648,11160544194.721869,4.397185103746366,4.110436241146025,4.496259797480467,4.740031230430999
281.7068681582896,24741808083.60465,11113142545.571829,9.112425240556352,4.092978180575058,4.526648556691735,4.731472325522171
283.61460592085956,9242639216.3162,11064995320.422323,3.404070494747983,4.07524552384146,4.549736324440081,4.722792255590035
285.5352630112213,9397672648.148748,11016111587.388485,3.461169416240998,4.0572416107383855,4.534759562298486,4.713988985928324
287.4689269199261,9574060360.59874,10966460514.293123,3.5261331342369515,4.038955085753386,4.520802077952384,4.705060455042722
289.41568573001854,9780064349.59505,10916026611.360733,3.602004547621215,4.0203802439912995,4.507976122734814,4.6960045148356855
291.37562812104744,10030619191.546206,10864794334.098476,3.6942840713417255,4.001511360404528,4.49644977198279,4.686818969385343
293.3488433731045,10357252536.086515,10812749039.938074,3.8145833608333777,3.9823430421249237,4.486503703233679,4.67750157768649
295.33542137089313,10846160468.435448,10759866784.96676,3.994648494634042,3.9628664705926493,4.478705951807171,4.66805003343145
297.3354526078216,11909822625.971464,10706116441.608181,4.3863960119942895,3.943070181499539,4.474850909809531,4.658461925201029
299.34902819012564,8671287478.102245,10651489039.87713,3.193641249522908,3.9229508711937617,4.465641843512832,4.648734775089625
301.3762398410188,8825367149.343424,10595975683.995693,3.250388900322331,3.9025052633540818,4.448968849435386,4.638866094304061
303.4171799048695,8999941987.25348,10539552485.29486,3.3146849353559142,3.8817245597669783,4.433331037750226,4.628853346349059
305.4719413514092,9202442028.797745,10482199460.311012,3.389265842440245,3.8606014005088074,4.418834143079467,4.618693920448259
307.54061777996685,9445879302.05838,10423896314.907944,3.47892396062856,3.839128311234996,4.405633001326426,4.60838514138011
309.6233034237307,9756475653.06998,10364623163.126383,3.593316814175036,3.817297967932821,4.393977352769312,4.597924270588678
311.720093154045,10200505781.266945,10304351776.455305,3.7568534212846325,3.7950999740219067,4.384342301350765,4.587308487369535
313.8310824847267,11040374378.8205,10243047511.135021,4.06617761381077,3.772521570181304,4.378009740265131,4.576534853549557
315.95636757642,8130264346.045318,10180694367.873482,2.9943820511805153,3.7495568638605485,4.366619314366833,4.565600345465223
318.0960452409755,8290484276.441801,10117276236.895817,3.053391163726036,3.7261999218182758,4.348617580532732,4.55450190071389
320.2502129458591,8472945536.345584,10052763869.829271,3.12059177350171,3.7024399718583223,4.331703491642591,4.543236385852043
322.41896881859384,8686013332.358175,9987130839.217205,3.1990647919559048,3.678267280729903,4.3159930184020805,4.5318005720059
324.60241165122864,8944632731.928326,9920350126.143114,3.2943144978940175,3.6536718973471523,4.3016581856147384,4.520191141627135
326.80064090483876,9279916911.634035,9852395034.897995,3.4177998960341043,3.6286439896617524,4.288982566339066,4.508404689027099
329.01375671405685,9775393741.896086,9783228244.344831,3.600284359535487,3.6031698122728097,4.278529422510951,4.496437696030681
331.24185989163306,10816979140.853258,9712805425.585424,3.9839009912537575,3.57723303881608,4.272016062707969,4.484286489977466
333.4850519330291,7615575642.995502,9641106328.287237,2.804821841479905,3.5508262110799103,4.260221985331315,4.4719472882006714
335.74343502104097,7789857426.098379,9568107386.47825,2.8690099442228165,3.5239406497003074,4.2411400581901,4.459416250538509
338.0171120304517,7991360544.466659,9493767381.454212,2.9432236838034207,3.496561173799634,4.223242035133889,4.446689428213704
340.306186532722,8231846042.166655,9418050053.949833,3.0317946609860202,3.4686744290650977,4.206675600772396,4.43376273413781
342.61076280070273,8534038012.776998,9340918147.833315,3.1430921753462546,3.440266694037271,4.191671696395018,4.42063195449985
344.930945813389,8951713137.482368,9262336246.26367,3.2969222162170286,3.4113249246688206,4.178647309692849,4.4072927525689725
347.26684126070074,9670790844.957687,9182251475.58045,3.561759039353717,3.381829647553583,4.168606759684478,4.393740631621338
349.61855554829594,13046620947.941746,9100598092.164753,4.805079629923108,3.3517566492706856,4.168833491115681,4.379970862245231
351.9861958024199,7129874558.75286,9017353198.699314,2.6259377920821123,3.3210974967221474,4.162706112100236,4.3659785599381316
354.3698698747842,7330435576.070827,8932485519.39064,2.699804555186259,3.289840671011327,4.1425983217570765,4.351758771862057
356.7696863474776,7569773405.229012,8845931697.334187,2.7879528452413513,3.2579628377459198,4.123846586734866,4.337306377665632
359.18575453791703,7869894710.57732,8757639852.427025,2.89848773213577,3.225444889447693,4.106678727822954,4.322616041219963
361.6181845038214,8281935975.563227,8667558544.368996,3.05024281852723,3.192267880618081,4.091500347888842,4.307682242842465
364.06708704822944,8976800356.73155,8575617655.323162,3.3061618566317117,3.1584059868086456,4.079260835983957,4.292499236568759
366.5325737245455,11746121313.270166,8481734370.956263,4.326104703908362,3.1238287074424633,4.075755952974343,4.277060975772459
369.0147568416195,6479022294.032204,8385867511.932746,2.386228447281079,3.088520876141418,4.066063968915995,4.261361189099644
371.51374946886705,6687566614.117502,8287964463.725175,2.4630354663840692,3.0524631149382158,4.044057742249962,4.245393457604501
374.02966544141475,6939914207.319637,8187939037.69952,2.5559752616455387,3.015623680498597,4.023484899496322,4.229151105413665
376.56261936528995,7263163565.641565,8085716022.693773,2.67502822664361,2.9779748724989346,4.004609660179167,4.212627147750058
379.11272662263946,7724798782.907753,7981204473.438752,2.8450488003838803,2.939483195732911,3.987926566658584,4.195814283107681
381.68010337698473,8588542925.039114,7874304626.349873,3.1631663726948607,2.9001119072024726,3.974742932009015,4.178704836934777
384.26486657851547,5636527999.460265,7764941487.520134,2.0759372087046475,2.859833386599164,3.9565482268426,4.161290806300066
386.8671339694158,5826882667.583265,7653024612.759776,2.1460449662541534,2.81861432326457,3.9318049832023134,4.1435638869705045
389.48702408922645,6054369150.562211,7538437329.262289,2.229828397213526,2.776411746522363,3.908425470821505,4.1255153744540864
392.1246562802483,6338758483.944768,7421067750.217207,2.334569187817971,2.7331844483819085,3.886623745917291,4.107136116681955
394.7801506929738,6723764581.466778,7300797533.218636,2.4763672031033814,2.688888843252257,3.866767941564268,4.088416515793462
397.453628291564,7342452037.281943,7177483482.161636,2.704230226263827,2.643472191907698,3.8496584740748556,4.06934645665578
400.14521085935735,9131997665.178583,7050965750.937442,3.3633211339965823,2.596875622914455,3.838734205211185,4.049915211393103
402.8550210044156,4951894725.404437,6921115921.471227,1.8237862945131675,2.5490518398056543,3.8220042664646074,4.030111484490447
405.58318216511356,5164731122.579031,6787781990.610724,1.9021740886133103,2.4999448597138896,3.7957398700911735,4.009923439310648
408.32981861575576,5430211588.41539,6650769312.012785,1.9999507300611508,2.449482994254694,3.771009046943941,3.9893385416701013
411.09505547224256,5786000073.215773,6509883130.475071,2.1309878781240164,2.3975945149506854,3.748144504581579,3.9683434639888158
413.8790186977674,6338372995.869058,6364892430.790435,2.3344272122897816,2.3441943387393227,3.7278304570474092,3.9469240058304274
416.6818351085537,7670846990.726072,6215539909.765412,2.825178317548174,2.289187700674298,3.7124490531043226,3.9250649512543774
419.50363237963415,4027192662.4002113,6061593365.299848,1.483217877264067,2.2324890805595445,3.6915260032197925,3.9027500799292367
422.3445390506653,4229833705.1117024,5902776513.134938,1.5578507151770118,2.1739967227091,3.662419505878132,3.8799621331577634
425.2046845317809,4486535737.247117,5738747298.34007,1.6523942533464364,2.113584648052524,3.6348378526491336,3.8566825563865006
428.08419910949226,4837537856.058174,5569145356.740452,1.7816685794641842,2.051120134211927,3.609127244637644,3.832891309378386
430.9832139526162,5399507254.637884,5393538954.236366,1.9886423024327748,1.9864441732160967,3.586017287115871,3.8085666642682696
433.9018611182555,6872241273.768051,5211437529.83475,2.531051272836224,1.9193760911078148,3.568248551719844,3.783684906832536
436.8402735578125,3003959654.944038,5022359246.840637,1.106360444185329,1.8497384270949593,3.5447588321144883,3.7582202399789244
439.7985851230435,3195760540.2462234,4825715515.156694,1.1770008445345201,1.777314403032572,3.512540479274525,3.732144568672459
442.77693057216084,3448482246.397967,4620772992.769968,1.2700784258572713,1.701833928543821,3.4818521583031425,3.705426909450441
445.7754455759656,3815226409.785083,4406714677.184074,1.4051505580144208,1.6229961010372516,3.4531057406514467,3.6780328656977623
448.7942667240323,4473753333.03545,4182524585.916834,1.6476864849254789,1.5404267334533202,3.4272786233462758,3.6499239745959535
451.8335315309291,7383359968.694942,3947005820.4418583,2.719296646045564,1.4536850072267313,3.410626439378361,3.6210568238109793
454.89337844248087,1779348909.0183282,3698912379.9801135,0.6553354490304804,1.3623120193981595,3.3874739745653137,3.591382551027347
457.973946842078,1945296119.583752,3436713893.5453463,0.7164539228722666,1.2657441332618544,3.3512531683172555,3.56084609170051
461.07537705702475,2184838743.643691,3158739595.4681807,0.8046776390330653,1.1633660046519723,3.3165197898224275,3.5293852146497455
464.1978103649292,2587897633.4558806,2853042260.91333,0.9531245103588945,1.0507774622966402,3.2838400853015295,3.496904813981
467.3413890001443,3597796854.7843614,2507477450.9328027,1.325071100670944,0.9235057008281935,3.255092260713159,3.463251573843391
470.5062561602402,0.0,2136758056.9558513,0.0,0.7869694884614875,3.220301845774108,3.428280799421085
473.69255601253246,0.0,1737691220.736114,0.0,0.6399928932688574,3.1771247373454243,3.391878030257217
476.90043370064734,0.0,1280733652.9410582,0.0,0.4716951011039344,3.134526538218268,3.353849293884665
480.13003535113154,0.0,732521491.7106553,0.0,0.26978817828343915,3.092499486502349,3.3138478659718715
483.38150808011386,0.0,0.0,0.0,0.0,3.05103592437708,3.27121904006254
486.65500000000014,0.0,0.0,0.0,0.0,3.010128296696305,3.2273592449405077
