R_kpc,Sigma_bar,Sigma_eff,kappa_bar,kappa_eff,kappa_bar_mean,kappa_eff_mean
1.0,39625486921.47069,39628520764.065315,18.487604408033263,18.489019872828354,0.0,0.0
1.0120606264911474,39625531510.19401,39628564226.5507,18.487625211277383,18.489040150616685,0.4380046865531794,0.4380382151858536
1.0242667116936537,39625580610.813156,39628608751.703995,18.487648119584474,18.489060924201677,0.8656327760669257,0.8656990073524989
1.0366200099307066,39625619176.34126,39628654365.619225,18.487666112656175,18.48908220575771,1.2831300749102639,1.2832282481167838
1.0491222966837304,39625666283.925674,39628701095.18413,18.487688091096135,18.48910400782949,1.6907365892637605,1.6908659842497227
1.0617753688475675,39625714621.109604,39628748967.90795,18.4877106432161,18.48912634325168,2.0886867032788468,2.088846575685332
1.0745810449887383,39625764316.81134,39628798012.039375,18.48773382916398,18.48914922520395,2.4772092086714275,2.477398830259516
1.0875411656068144,39625814844.46308,39628848256.54672,18.487757403265135,18.489172667201704,2.856527474452703,2.8567461352572567
1.1006575933989453,39625865843.24486,39628899731.00471,18.487781197175977,18.489196683043282,3.226859572723275,3.2271065858425043
1.113932213527575,39625920606.20778,39628952465.71035,18.487806747297206,18.48922128686401,3.5884184253922626,3.588693110445327
1.127366933891388,39625973255.2474,39629006491.77874,18.48783131114973,18.489246493180897,3.9414118952767647,3.9417135931796223
1.1409636853995222,39626027282.43896,39629061841.11517,18.487856517990643,18.489272316879624,4.28604290767501,4.286370993360882
1.1547244222490889,39626084649.88922,39629118546.4634,18.48788328325736,18.489298773237067,4.622509610315191,4.6228634621924565
1.1686511222060412,39626144358.48786,39629176641.35836,18.48791114080656,18.489325877899233,4.951005461675357,4.9513844566873715
1.1827457868894284,39626200933.043915,39629236160.12023,18.487937536141814,18.489353646878488,5.271719300925481,5.2721228508908
1.19701044205908,39626262394.61887,39629297138.00965,18.487966211556866,18.489382096625985,5.584835507815237,5.585263044468313
1.2114471379067577,39626325515.32093,39629359611.22745,18.48799566105163,18.489411244031515,5.890534119926261,5.890985068722349
1.2260579493508208,39626390953.60426,39629423616.864235,18.48802619183344,18.489441106400026,6.188990895355606,6.189464690096655
1.2408449763344431,39626455118.3587,39629489192.90419,18.48805612843963,18.489471701453347,6.48037741182743,6.480873511228269
1.2558103441274293,39626524037.568794,39629556378.24615,18.48808828327712,18.489503047340065,6.7648611958693,6.765379069605569
1.2709562036316695,39626590396.16889,39629625212.82269,18.48811924344046,18.48953516269106,7.042605797450021,7.043144933889695
1.2862847316902777,39626661616.37685,39629695737.62639,18.488152471827867,18.489568066631755,7.313770892827331,7.314330797954714
1.3017981314004599,39626735561.947235,39629767994.68764,18.48818697175605,18.48960177877179,7.578512404140498,7.579092572699889
1.3174986324301545,39626807994.480606,39629842027.06901,18.48822076576408,18.48963631920237,7.83698252415318,7.837582475686533
1.3333884913384921,39626885641.40006,39629917878.894356,18.48825699258782,18.489671708509846,8.089329854029696,8.089949118651388
1.34946999190012,39626960691.85407,39629995595.434204,18.48829200800876,18.48970796781557,8.335699467837262,8.336337592947258
1.3657454454334392,39627041074.41095,39630075223.16121,18.488329511167166,18.489745118801743,8.576233003750822,8.576889552960198
1.3822171911327976,39627124745.246574,39630156809.74068,18.488368548499693,18.48978318370702,8.811068776476874,8.811743297550631
1.3988875964046932,39627206134.83496,39630240404.03537,18.488406521497122,18.48982218532873,9.040341781604683,9.041033849564977
1.415759057208029,39627293127.89099,39630326056.12951,18.488447108839537,18.489862147034092,9.264183829677682,9.26489303346365
1.4328339983984741,39627378428.231606,39630413817.362495,18.488486906431334,18.489903092775933,9.482723611161397,9.483449551110239
1.4501148740769754,39627468998.273766,39630503740.46049,18.48852916264673,18.489945047154087,9.696086766241589,9.696829055766026
1.467604167942475,39627562086.29485,39630595879.56269,18.488572593646392,18.489988035427654,9.904395981412994,9.905154224332293
1.4853043936488803,39627656374.9362,39630690290.14905,18.488616584805538,18.49003208348127,10.10777101406622,10.108544827880861
1.5032180951663396,39627755929.476234,39630787029.06256,18.488663032814035,18.490077217835516,10.306328799690464,10.3071178005133
1.5213478471468749,39627851661.58541,39630886154.659164,18.488707697435242,18.490123465716845,10.500183475166708,10.500987306589758
1.5396962552944244,39627954624.783104,39630987726.860405,18.488755735781655,18.49017085508216,10.689446484797433,10.690264806366102
1.5582659567393489,39628058569.27669,39631091807.09875,18.488804231959925,18.490219414593287,10.874226658546135,10.875059120075987
1.5770596204174525,39628164557.97738,39631198458.389915,18.488853681880226,18.49026917365075,11.054630219575074,11.055476490494812
1.5960799474535783,39628273473.048805,39631307745.400986,18.48890449712342,18.490320162425515,11.230760885173723,11.2316206440222
1.615329671549826,39628385738.02868,39631419734.48691,18.488956875294594,18.490372411876045,11.402719922584495,11.4035928503179
1.6348115593784562,39628500453.72279,39631534493.737236,18.48901039686712,18.49042595377009,11.570606197174897,11.571491980525273
1.65452841097953,39628618999.733,39631652093.002594,18.489065705505855,18.490480820697048,11.734516234745525,11.735414564115748
1.6744830601633456,39628745472.14637,39631772603.94159,18.489124712274695,18.490537046089845,11.894544304581043,11.895454844386958
1.6946783749177292,39628861434.63432,39631896100.159515,18.48917881554938,18.490594664289652,12.050782362555891,12.05170483264704
1.7151172578202367,39628989459.09052,39632022657.23641,18.489238546436862,18.490653710558973,12.203320210160244,12.204254361116142
1.7358026464553273,39629118705.26616,39632152352.676056,18.48929884732783,18.490714221057843,12.352245585057823,12.353191134574452
1.7567375138365704,39629251834.39522,39632285266.00181,18.4893609598434,18.49077623288856,12.497644101493554,12.498600780786868
1.7779248688339402,39629387660.62478,39632421478.8681,18.489424330713902,18.49083978414769,12.639599353384346,12.64056689973413
1.7993677566062685,39629526965.02088,39632561075.10865,18.489489324352277,18.490904913948544,12.778192951985584,12.779171111678513
1.8210692590389104,39629669769.66889,39632704140.78681,18.489555951062638,18.49097166244472,12.91350457944965,12.914493104091234
1.8430324951866892,39629816847.99441,39632850764.25987,18.489624571693206,18.49104007086005,13.045612034537648,13.046610677468772
1.8652606217221832,39629967296.389404,39633001036.2339,18.489694764658054,18.49111018151421,13.174591272043719,13.175599790064293
1.88775683338942,39630122561.024536,39633155049.834465,18.48976720468027,18.491182037855715,13.300516450333477,13.301534601560093
1.9105243634630407,39630278519.04608,39633312900.690285,18.48983996820775,18.49125568450096,13.423459955850124,13.424487515706137
1.9335664842130058,39630439860.82207,39633474687.01447,18.489915243571176,18.49133116727209,13.543492463500964,13.544529221949379
1.9568865073748998,39630607691.16384,39633640509.67604,18.489993546229577,18.491408533230395,13.660683005688286,13.661728736077624
1.9804877846259143,39630776005.83589,39633810472.26439,18.490072074856343,18.49148783070638,13.775098951999542,13.776153439901224
2.0043737080665673,39630952979.26084,39633984681.17637,18.49015464329715,18.49156910934039,13.886806088379988,13.887869119995486
2.0285477107082346,39631129077.51206,39634163245.68029,18.490236803418284,18.49165242011248,13.995868634087733,13.996940005526035
2.0530132669665586,39631310659.71762,39634346278.016975,18.490321522124468,18.491737815389545,14.102349269891748,14.103428805178941
2.0777738931608125,39631499638.47295,39634533893.544,18.4904096917532,18.491825348992634,14.20630923711026,14.207396743217243
2.102833148019282,39631691289.74232,39634726210.78596,18.49049910826584,18.491915076220398,14.307808310386921,14.308903594684343
2.1281946331907466,39631892247.059494,39634923351.50215,18.49059286659341,18.492007053880656,14.406904859126778,14.408007719773979
2.153861993762124,39632091571.548065,39635125440.8133,18.49068586311105,18.49210134034954,14.503655845482252,14.504766097387005
2.1798389187823672,39632305787.389046,39635332607.263725,18.490785807314484,18.49219799560048,14.598116913849124,14.599234357894224
2.206129141792668,39632508547.855156,39635544982.9514,18.490880406916364,18.4922970812649,14.69034233460031,14.69146681512399
2.232736441363065,39632727402.42487,39635762703.76028,18.490982515357725,18.492398660740605,14.780385100779323,14.78151649759407
2.2596646416355184,39632952654.174255,39635985909.41027,18.4910876084571,18.49250279921509,14.86829704736326,14.869435179005073
2.2869176128735367,39633182350.29024,39636214743.42883,18.491194775113115,18.492609563652298,14.954128717136577,14.955273408011546
2.314499272018431,39633414787.61272,39636449353.311676,18.491303220702093,18.492719022867593,15.037929435237132,15.03908053728849
2.3424135832522777,39633652118.13849,39636689890.73781,18.491413949256245,18.4928312476281,15.119747360810342,15.120904751911322
2.3706645585676736,39633899645.79426,39636936511.802765,18.491529435367216,18.492946310761496,15.199629553337088,15.200793097065933
2.399256258344359,39634153684.87834,39637189377.13361,18.491647959439867,18.493064287209698,15.277621966020728,15.278791505104168
2.4281927919327986,39634414983.272064,39637448651.94639,18.491769870404525,18.493185254055636,15.353769447261106,15.354944821959272
2.4574783182447963,39634681829.32024,39637714506.07628,18.491894369674053,18.49330929053734,15.428115777511124,15.42929683293597
2.4871170463512398,39634952838.69346,39637987114.18092,18.492020811377923,18.49343647814281,15.500703682886353,15.50189028789086
2.5171132360870474,39635231260.98266,39638266656.05161,18.49215071164013,18.493566900755184,15.571574887706657,15.572766925819051
2.547471198663417,39635519006.95907,39638553316.73578,18.492284961947068,18.493700644709893,15.64077015624403,15.641967498860726
2.578195297287452,39635815079.310135,39638847286.67522,18.492423096994177,18.493837798859165,15.708329291944061,15.709531795740356
2.6092899477892684,39636117998.366684,39639148761.89284,18.492564426429354,18.493978454659135,15.774291141531705,15.775498664652407
2.6407596192566607,39636423375.02881,39639457944.20755,18.492706902481093,18.49412270627012,15.83869359885156,15.839906035607074
2.6726088346774195,39636741130.71492,39639775041.41617,18.492855154070654,18.49427065064146,15.90157369102534,15.902790942248789
2.7048421715894047,39637064538.70736,39640100267.50461,18.4930060427913,18.4944223876101,15.962967585040921,15.96418954315997
2.7374642627384485,39637399832.088394,39640433842.88194,18.493162476740025,18.494578020009737,16.02291058872662,16.02413714266253
2.770479796744201,39637741013.59155,39640775994.572426,18.493321657841676,18.494737653760453,16.081437174303232,16.082668211128897
2.803893518774003,39638091361.54256,39641126956.47723,18.49348511562672,18.494901397990805,16.138580982563187,16.13981640481436
2.837710231224885,39638453778.97059,39641486969.64138,18.493654204527843,18.49506936516238,16.194374891439015,16.195614585222437
2.8719347944137956,39638823772.899345,39641856282.46888,18.493826828309142,18.495241671170156,16.248850990893846,16.250094838014153
2.9065721272761507,39639201031.84764,39642235150.99221,18.49400284164645,18.495418435468242,16.302040584207372,16.30328849147196
2.941627208072808,39639589954.02555,39642623839.13766,18.494184296561688,18.49559978119367,16.353974255771146,16.355226134529204
2.977105075105571,39639985174.20882,39643022619.10459,18.49436868986433,18.49578583534334,16.40468185970978,16.405937634375974
3.013010827441318,39640396328.58952,39643431771.72226,18.494560517400892,18.49597672894051,16.454192566952017,16.45545215365194
3.0493496256448713,39640815383.44215,39643851586.662094,18.494756030969114,18.496172597133818,16.50253486558624,16.503798167234983
3.086126692520694,39641247907.74064,39644282362.729416,18.494957828820663,18.4963735793334,16.54973655559544,16.551003478634843
3.123347313863546,39641688776.13066,39644724408.2657,18.495163519678343,18.496579819398573,16.595824780428792,16.597095236002275
3.161016839218183,39642143258.57272,39645178041.57629,18.495375562286572,18.49679146583737,16.640826041602153,16.64209994776339
3.1991406826482205,39642607441.47215,39645643591.335365,18.495592130724827,18.497008671995495,16.68476621995515,16.686043497888345
3.237724323514275,39643086306.13349,39646121396.9675,18.49581554906266,18.49723159623434,16.72767058935972,16.72895116080252
3.2767733072614837,39643578139.77419,39646611809.05496,18.49604501818696,18.497460402121014,16.769563842747242,16.770847615948803
3.3162932462165258,39644080400.69566,39647115189.82608,18.49627935224686,18.49769525865619,16.81047006448819,16.81175696200986
3.356289820394258,39644595674.61192,39647631913.64401,18.49651975762899,18.49793634050215,16.850412768764365,16.851702730798834
3.396768778314074,39645126954.44373,39648162367.49983,18.49676763070573,18.498183828212838,16.889414943509966,16.89070790082637
3.4377359378261105,39645672504.60487,39648706951.5506,18.497022161724715,18.4984379084849,16.92749903882631,16.92879491055191
3.4791971869474256,39646229194.30586,39649266079.71602,18.497281889989765,18.49869877443605,16.964686945989914,16.965985671327335
3.521158484708249,39646804211.04529,39649840180.26709,18.49755016888884,18.498966625879735,17.001000060396212,17.00230158004047
3.56362586200845,39647391710.22447,39650429696.4241,18.49782427157523,18.49924166960411,17.03645927753565,17.037763531465625
3.606605422484327,39648001387.57131,39651035087.07979,18.498108721672395,18.499524119709438,17.071085019646347,17.072391930328834
3.6501033433858567,39648620922.13049,39651656827.4921,18.498397770734933,18.499814197931318,17.104897209888566,17.106206703095047
3.6941258764645224,39649260374.00844,39652295410.00334,18.49869611239016,18.500112133976195,17.137915287653435,17.13922730948392
3.7386793488718437,39649918939.88577,39652951344.85241,18.499003371842665,18.50041816590032,17.170158282578644,17.171472753721144
3.7837701640687524,39650591851.43653,39653625161.030426,18.499317324389843,18.500732540508956,17.201644742530966,17.202961595532557
3.8294048027459335,39651280882.07729,39654317407.1905,18.499638797434113,18.501055513780823,17.232392759609464,17.23371196088743
3.875589823755259,39651993797.14111,39655028652.59176,18.499971413956974,18.501387351308566,17.26242005019629,17.26374155249756
3.922331865052462,39652722216.2312,39655759488.11619,18.500311264013767,18.501728328773137,17.29174390700655,17.293067660078393
3.9696376446511854,39653472210.17197,39656510527.35945,18.50066117999872,18.502078732452766,17.320381200774182,17.321707170378733
4.017513961588521,39654250175.55142,39657282407.79971,18.501024146293798,18.50243885976825,17.348348471450965,17.3496765769853
4.06596769690221,39655041534.60701,39658075792.03936,18.501393361521192,18.502809019862315,17.37566182121703,17.37699198990836
4.115005814619619,39655852638.41521,39658891369.10846,18.50177178882909,18.503189534207735,17.402336925989104,17.403669144954275
4.164635362758645,39656692538.94329,39659729855.87592,18.502163651489003,18.50358073726573,17.428389175512457,17.429723412891025
4.214863474340702,39657553267.05443,39660591998.57903,18.50256523143307,18.503982977199588,17.45383360034244,17.45516980841288
4.265697368415905,39658440553.43357,39661478574.45563,18.502979202360585,18.50439661663616,17.478684863016017,17.48002299891008
4.317144351100639,39659354493.14043,39662390393.4877,18.50340560862246,18.504822033479368,17.502957310699458,17.504297313049477
4.369211816627631,39660289431.580666,39663328300.29607,18.50384181202012,18.505259621794156,17.52666491973206,17.528006749171976
4.421907248408684,39661255341.33723,39664293176.170906,18.504292465346058,18.50570979275388,17.54982135971099,17.551164983512695
4.4752382201102385,39662249379.942986,39665285941.201,18.504756242423323,18.506172975633696,17.572440015358385,17.573785378249447
4.529212396741896,39663264730.212616,39666307556.68473,18.505229962636722,18.506649618935462,17.5945339007697,17.59588098938553
4.583837535758073,39664318978.19888,39667359027.815796,18.50572183090718,18.507140191640758,17.616115782039024,17.617464574474024
4.639121488172954,39665403989.10479,39668441406.333046,18.506228051876693,18.50764518444719,17.637198174191933,17.638548600188546
4.695072199688863,39666514737.11148,39669555793.43319,18.506746280707176,18.50816511112735,17.65779322311755,17.659145249745404
4.75169771183828,39667663266.65591,39670703343.16754,18.50728213683206,18.508700510113595,17.677912826303142,17.679266430184725
4.8090061631396015,39668853134.914116,39671885266.02044,18.50783727988176,18.50925194616758,17.697568685309086,17.69892377951778
4.867005790266854,39670062321.181335,39673102832.780945,18.508401435911143,18.509820012186633,17.716772121573214,17.718128673746
4.925704929233514,39671316923.31029,39674357378.800316,18.508986781093032,18.510405331190128,17.73553421243593,17.736892233758756
4.9851120165906035,39672608317.40429,39675650308.64531,18.509589291875855,18.5110085584905,17.75386586822041,17.755225332116908
5.0452355906392325,39673943103.93355,39676983101.25929,18.510212047764533,18.511630384101228,17.77177773008604,17.773138599729947
5.106084292657776,39675316458.74617,39678357315.609566,18.510852798010404,18.51227153537162,17.789280196522988,17.79064243243467
5.1676668681438365,39676733698.3898,39679774596.8664,18.51151402309351,18.51293277986972,17.806383422719875,17.807746997483388
5.229992168071196,39678255423.91279,39681236683.288605,18.51222399694298,18.513614928594798,17.823097689415732,17.82446223995064
5.293069150161929,39679709179.14012,39682745413.87068,18.512902258678974,18.514318839545215,17.839432407858503,17.840797889068437
5.356906880173848,39681261219.24564,39684302736.82215,18.513626376052045,18.515045421674525,17.85539674327612,17.856763464500634
5.4215145332034815,39682870241.47655,39685910719.01752,18.51437707891527,18.515795639300418,17.871000327467073,17.8723682825677
5.486901395004776,39684526672.69734,39687571556.54995,18.51514990084172,18.516570517028647,17.886252283905492,17.887621462434677
5.5530768633236836,39686244214.700554,39689287586.57711,18.515951234518013,18.517371145279785,17.901161543503413,17.90253193227629
5.620050449248863,39688018709.06271,39691061300.60949,18.516779139796675,18.518198686489022,17.9157368777362,17.917108435435054
5.687831778578659,39689848953.19957,39692895359.537506,18.51763305560191,18.519054382117176,17.929986820735966,17.931359536589945
5.756430593204574,39691750636.93175,39694792610.68096,18.51852030215157,18.519939560605266,17.943919785073682,17.945293627956342
5.825856752511429,39693708703.30973,39696756107.14553,18.51943385449914,18.520855646405433,17.95754398649059,17.958918935540318
5.896120234794399,39695742005.93167,39698789129.90334,18.520382508949513,18.52180417028284,17.97086746818906,17.97224352547387
5.967231138693149,39697846464.02486,39700895213.100945,18.521364361583835,18.522786781123305,17.983898163700285,17.985275310462104
6.039199684643272,39700031413.473816,39703078173.236626,18.5223837681376,18.52380525954622,17.996643848084375,17.99802205637889
6.11203621634521,39702295362.336395,39705342142.92118,18.523440032532644,18.52486153365593,18.009112155189527,18.01049138905425
6.1857512022509145,39704640225.07167,39707691610.14348,18.52453404797596,18.525957697361413,18.02131054045243,18.022690801304787
6.2603552370684294,39707083113.9451,39710131464.21008,18.525673798339007,18.527096031809798,18.033246388337563,18.034627660268622
6.335859043284609,39709612852.97834,39712667049.80088,18.52685406937504,18.528279030606463,18.04492694022976,18.04630921511946
6.412273472706223,39712247696.09034,39715304231.02298,18.528083377603565,18.529509429699935,18.05635930604582,18.05774260525109
6.489609508019627,39714996409.2317,39718049467.78659,18.529365812852607,18.530790243015684,18.06755057627505,18.068934869044412
6.567878264369249,39717852605.08584,39720909907.52767,18.530698395065865,18.532124805250106,18.07850768606459,18.079892953356367
6.647090990955133,39720835637.29847,39723893496.42515,18.532090153849623,18.533516823759864,18.089237478770638,18.090623723906308
6.727259072649714,39723946631.44021,39727009115.3964,18.53354161434832,18.53497044201169,18.099746748198733,18.101133976783398
6.808394031634124,39727208934.32136,39730266747.923706,18.53506366921279,18.536490317883274,18.110042263187168,18.11143045136162
6.89050752905422,39730614716.223114,39733677689.48186,18.536652665421833,18.53808172137343,18.120130716935396,18.121519844995166
6.973611366696582,39734190786.00538,39737254812.10912,18.53832111087466,18.53975065803995,18.130018750110466,18.13140882998721
7.057717488684729,39737942065.820435,39741012903.059135,18.540071302042833,18.54150402700046,18.139713020696107,18.141104073492993
7.142837983195795,39741896956.29783,39744969104.72201,18.541916489479092,18.543349826181338,18.1492202138827,18.15061226125776
7.228985084197899,39746061386.90204,39749143495.99586,18.54385943962499,18.545297423561486,18.158547045467706,18.15994012644146
7.3161711732084855,39750477969.074165,39753559875.28061,18.545920033206986,18.547357922484668,18.167700341630514,18.169094485307788
7.404408781073854,39755161381.03793,39758246838.3502,18.548105118473888,18.549544664549877,18.176687082529348,18.178082282362094
7.493710589770156,39760144778.03623,39763239301.06167,18.550430164283302,18.551873940044068,18.185514347928212,18.18691064880757
7.58408943422613,39765476731.22835,39768580715.85158,18.55291783191836,18.554366022067207,18.194189502055167,18.195586980305265
7.67555830416779,39771213079.46797,39774326415.946945,18.55559417346619,18.55704672680204,18.20272031196077,18.204119043662185
7.768130345985381,39777414514.00687,39780548887.11887,18.55848750494107,18.559949873095103,18.21111500487983,18.212515128674315
7.861818864622859,39784191378.01094,39787346544.03798,18.5616493078757,18.56312137713923,18.21938256004747,18.2207842741294
7.956637325490131,39791674276.5794,39794859404.498436,18.565140517178268,18.56662656541467,18.227533076309268,18.22893662381742
8.052599356398389,39800062860.10517,39803299854.415,18.569054281419845,18.57056452835737,18.235578240795153,18.23698403126676
8.149718749518765,39809689660.85419,39813021766.22964,18.573545746327657,18.575100368133295,18.24353240941639,18.244941203459554
8.24800946336461,39821168453.006836,39824712898.07979,18.578901273411038,18.580554964089583,18.25141483733248,18.25282826689031
8.3474856247977,39835956831.546234,39836423693.55519,18.585800915876366,18.58601873427572,18.25925579951548,18.260657810141215
8.448161531058608,39860722529.756424,39842657758.7771,18.5973555608024,18.588927289870377,18.26712993335394,18.268400853753988
8.550051651821585,39865901785.02644,39843375385.500725,18.599771985936812,18.58926210465777,18.274982365825288,18.275998688677653
8.653170631274223,39855759950.75486,39842847543.41263,18.595040227804564,18.589015835489295,18.282620825359402,18.28341752493441
8.757533290222188,39875805897.03685,39842330605.75352,18.604392832747454,18.58877465387393,18.290134054259244,18.290654821752057
8.863154628219347,39878686478.3201,39841827811.951584,18.605736792187887,18.588540071194167,18.297595423032593,18.297715018669056
8.970049825723585,39866610635.80052,39841308272.37602,18.600102706231088,18.588297675632788,18.304828702751994,18.304602296095442
9.078234246278617,39872023243.11687,39840781770.15456,18.602628003726583,18.588052031590365,18.31185436611418,18.311320620095803
9.187723438722127,39872182894.97994,39840255865.70522,18.602702490646916,18.58780666644356,18.318744201686478,18.317873958552276
9.298533139420517,39858614241.7628,39839720791.85454,18.5963719212958,18.587557023235384,18.32539624102795,18.32426617257043
9.410679274530622,39859357166.37548,39839173289.51957,18.596718539026234,18.58730158141327,18.33182027051117,18.330500960001388
9.524177962288718,39878412186.08538,39838620210.655846,18.605608818837357,18.587043537814733,18.33820212920913,18.336581951279626
9.639045515327101,39854682801.833115,39838063652.04263,18.59453767490993,18.586783870709787,18.34440553857854,18.342512740128495
9.755298443018628,39866800874.12139,39837500241.894104,18.60019146352072,18.58652100696338,18.3503989922299,18.348296827901702
9.872953453849549,39857779555.92093,39836930008.05238,18.595982491591624,18.586254959565483,18.35626686506562,18.35393761463096
9.992027457820912,39868815473.81012,39836351725.23304,18.601131391960198,18.58598515684934,18.362007516252312,18.359438413135585
10.112537568878977,39865205263.65068,39835764362.26376,18.59944701802708,18.585711117712826,18.367652716348264,18.364802445283722
10.234501107374921,39885125601.32629,39835169492.115456,18.60874101921755,18.585433576038753,18.373255093928204,18.370032859692373
10.357935602554209,39878536259.60843,39834568764.90762,18.60566670638373,18.58515330170427,18.378797540702767,18.37513274819811
10.48285879507597,39868803557.58152,39833960978.60676,18.60112583234346,18.58486973389052,18.38411836415443,18.38010513176836
10.60928863956282,39871744232.85919,39833345872.94573,18.602497829142738,18.58458275116769,18.389276009439026,18.384952951747774
10.737243307181362,39867408035.48091,39832721838.14878,18.60047473976282,18.584291602481347,18.39430350702868,18.389679069415216
10.866741188253847,39878577869.35098,39832089386.09782,18.6056861197593,18.583996526654307,18.399250176050238,18.394286272263194
10.997800894901342,39852170421.274025,39831450051.00876,18.5933655026161,18.583698239487916,18.40399418947089,18.39877729308576
11.130441263718758,39874600203.7813,39830803264.62898,18.603830306412064,18.58339647585913,18.408605442860242,18.403154805201215
11.264681358482123,39862008556.84738,39830146315.09903,18.59795556756478,18.583089970527098,18.413160660620484,18.407421400392636
11.400540472888565,39859382929.817825,39829480712.210175,18.596730559177082,18.582779427897645,18.41752418441902,18.411579602535365
11.538038133329287,39892429886.232635,39828809559.625824,18.612148894812865,18.58246629601105,18.421953642973687,18.415631901260102
11.677194101695985,39857550744.48654,39828130718.59925,18.59587573769125,18.58214957701703,18.426265783306974,18.41958073237294
11.818028378221166,39860647089.58217,39827440485.83075,18.597320363554203,18.581827543109945,18.43030136216802,18.42342844163171
11.960561204352672,39850004103.939575,39826740311.06134,18.592354789032164,18.581500870678664,18.434199166990464,18.427177306934805
12.104813065662881,39832978422.604904,39826032994.37646,18.584411314118746,18.581170866126616,18.43785149514729,18.43082957574577
12.250804694792999,39861944589.49135,39825317273.85007,18.59792572305648,18.580836940691583,18.441484809456266,18.434387450648277
12.39855707443289,39844828544.82382,39824590460.94255,18.58994008836963,18.580497840012782,18.445096010687177,18.437853060162148
12.548091440336803,39854805514.2425,39823853643.38154,18.594594927417265,18.580154071578697,18.448583097395062,18.44122847365648
12.699429284375467,39888985532.30334,39823108905.58656,18.610541902499754,18.5798066078928,18.45223241751541,18.444515729038155
12.852592357625056,39872721175.45537,39822354688.7191,18.602953629932852,18.579454721665858,18.45589262387201,18.447716818716504
13.007602673493352,39877776429.32037,39821590828.61808,18.605312201168168,18.579098336307144,18.459404869184525,18.45083367842062
13.164482510883603,39869639734.418335,39820817379.86078,18.60151595768387,18.578737477280143,18.46281643557434,18.453868197420313
13.32325441739661,39866483184.88,39820033891.5249,18.6000432429315,18.57837193420327,18.466084925309588,18.456822218017944
13.483941212571365,39868890369.46178,39819240261.03197,18.601166335156794,18.57800165921766,18.46927202139972,18.459697535820887
13.646565991164776,39852539598.05329,39818436618.69741,18.593537745149426,18.577626713123085,18.472305924611547,18.462495904056368
13.811152126471006,39854347468.80974,39817623024.7998,18.59438122246574,18.577247124043016,18.475188175063867,18.465219035465584
13.977723273680795,39855076061.73188,39816798720.570404,18.59472115362534,18.576862537967514,18.478016122621685,18.46786859832427
14.146303373281274,39862509802.501465,39815963370.63685,18.598189427943137,18.57647279842578,18.48082240477415,18.470446215350655
14.316916654496875,39870816926.83703,39815117791.533646,18.602065186713965,18.576078286378856,18.483649226657857,18.47295347351532
14.489587638771654,39859029618.884964,39814261407.710045,18.59656571898792,18.575678733298698,18.486389176086004,18.475391923476423
14.664341143293623,39859953578.57678,39813393963.31877,18.596996800158106,18.57527401981761,18.489004592739615,18.477763074569857
14.84120228456165,39848628004.95426,39812516016.551834,18.59171275846943,18.574864406364767,18.491500152021523,18.480068402070636
15.020196481995317,39849150524.889275,39811625301.3671,18.591956544542594,18.574448835699148,18.49387727320932,18.482309336769337
15.201349461588306,39859244410.81706,39810722575.37019,18.59666593197151,18.57402766128802,18.496257068000016,18.484487267321907
15.384687259605924,39872027482.9499,39809809368.27017,18.602629981856364,18.57360159683003,18.49870700669849,18.486603562151654
15.570236226327143,39851754284.9012,39808884312.22485,18.593171350689186,18.573170004146892,18.50105641041444,18.48865955806009
15.758023029831811,39860964959.4012,39807947370.60031,18.597468668393436,18.57273286614674,18.503289988932856,18.490656552459367
15.948074659833509,39835271982.78794,39806997986.789825,18.585481393924553,18.572289923140023,18.50537839925043,18.49259580872765
16.14041843155869,39871307779.62776,39806036204.15897,18.60229419821446,18.571841195359315,18.507476539094935,18.49447855749473
16.335081989672556,39857729045.15773,39805062453.483055,18.59595892536996,18.57138688378646,18.509647442329232,18.496306002867875
16.532093312252265,39863284447.754944,39804076100.391495,18.598550845205498,18.570926692450527,18.5117232035005,18.498079319266395
16.731480714808132,39846013875.97382,39803076621.99888,18.59049311459331,18.570460377394923,18.513684282562206,18.499799646893255
16.933272854353273,39848926993.96667,39802064327.91155,18.591852254309433,18.5699880830691,18.515520218003754,18.50146809778681
17.13749873352231,39851677378.85681,39801039186.690575,18.593135469526942,18.569509794804947,18.517343952516434,18.503085759165316
17.34418770473983,39855311757.726166,39799999956.23481,18.594831119575073,18.569024933089732,18.51915979610467,18.50465368541016
17.553369474439055,39866649646.23982,39798947002.71664,18.60012090687985,18.56853366876426,18.5210156230714,18.50617290113476
17.765074107331372,39852206262.609825,39797880840.041595,18.593382224692952,18.568036241595482,18.522809464622352,18.507644411546504
17.979332030727445,39867388555.2033,39796800802.92595,18.600465651075357,18.567532341189676,18.52456587211609,18.50906919716191
18.196174038910378,39856126353.31,39795706550.4028,18.595211176000277,18.56702180846586,18.526301456669277,18.510448209716724
18.415631297561585,39866593850.16515,39794597961.313446,18.60009487475164,18.56650458689643,18.52799224981445,18.511782375851553
18.637735348240156,39857880373.05295,39793474918.44223,18.596029528673036,18.565980621793425,18.529652043725235,18.513072598935914
18.862518112916142,39861425197.304955,39792337116.503494,18.59768339626076,18.565449770723262,18.531244354126663,18.51431975859559
19.090011898558522,39844486985.22858,39791184540.4615,18.589780730865932,18.564912026670886,18.532724238668678,18.5155247118557
19.320249401778593,39865860416.03998,39790016901.5529,18.599752684888017,18.564367254911325,18.534194843882762,18.516688293748796
19.553263713529255,39857375657.31663,39788833745.06535,18.59579404929861,18.563815243294712,18.535700851806318,18.51781131540949
19.789088323861044,39874064791.38223,39787634989.54014,18.60358050525129,18.563255953815798,18.537217357639562,18.518894565804203
20.027757126735455,39869453601.96936,39786420633.19597,18.601429116023326,18.562689385643502,18.538763981494334,18.519938814749924
20.269304424896426,39935050348.53391,39785190392.828995,18.632033830189812,18.56211540664669,18.540613344048,18.52094481224092
20.513764934800466,39848784331.24461,39783943792.80494,18.591785693815822,18.561533794914183,18.54229962593001,18.52191328630243
20.76117379160629,39844580542.95644,39782680709.70012,18.58982438101124,18.560944492861626,18.543448666680437,18.522844944412256
21.011566554224647,39855546624.92234,39781400956.59332,18.59494069884207,18.560347413279352,18.544608361013033,18.523740475569475
21.264979210429043,39866389304.59516,39780104246.2713,18.59999944229452,18.55974242216561,18.545861108729923,18.524600549825777
21.52144818202804,39858088603.0234,39778790491.17357,18.596126680118196,18.559129478668307,18.54709759142787,18.525425819293428
21.78101033010006,39879882959.694855,39777459399.74905,18.60629502064277,18.55850844676184,18.5483803534035,18.526216918532967
22.043702960291224,39855361990.2489,39776110628.56341,18.594854555981307,18.557879166214033,18.549616120642504,18.526974463559895
22.309563828177094,39856051091.94504,39774743948.917076,18.595176062177064,18.557241530323175,18.550691731503697,18.527699052636944
22.578631144689147,39876433741.122574,39773359250.430214,18.60468575868953,18.55659548759062,18.551858971031812,18.528391267982805
22.85094358160664,39837197822.42174,39771956004.76429,18.58637991061341,18.555940791515585,18.552892383201108,18.52905167447847
23.126540277114675,39844595280.40513,39770533965.73213,18.589831256891955,18.55527732723737,18.553726892016073,18.52968081935057
23.405460841429427,39862374569.806915,39769093146.05568,18.598126333991388,18.5546051006915,18.55468112065595,18.53027923557924
23.687745362491093,39828102619.49336,39767633072.0151,18.5821364671427,18.553923890860005,18.555519865857313,18.53084744095337
23.9734344117255,39862077609.912544,39766153478.94826,18.59798778485348,18.55323357426254,18.556339359368742,18.53138593692058
24.26256904987534,39867952764.44152,39764654199.72026,18.60072888764379,18.552534072920906,18.557358750564433,18.531895210665038
24.555190832901552,39874235222.41792,39763134893.94744,18.603660021285325,18.551825228026246,18.5584211967683,18.532375735017975
24.851341817956033,39859485839.5908,39761595250.854195,18.596778572597742,18.551106894583583,18.55941097994815,18.532827968010537
25.15106456942623,39834848505.798965,39760034913.72102,18.5852838171714,18.550378906162432,18.560159303236066,18.533252353131676
25.454402165052805,39865776942.81042,39758453624.90672,18.59971373975026,18.549641142558126,18.5609265079022,18.533649319971126
25.76139820212097,39837589471.7745,39756851298.58185,18.58656263791503,18.54889356372621,18.561688726467178,18.53401928604825
26.072096803726463,39876269718.03401,39755227580.41786,18.604609232337157,18.548136004351722,18.56249309343286,18.534362656549096
26.38654262511724,39804463946.47286,39753581556.31035,18.57110764530387,18.54736803795156,18.56309166504287,18.53467982003119
26.70478086011153,39872471324.148254,39751913269.25485,18.60283705970279,18.54658968458565,18.563659694259155,18.53497115106369
27.02685724759327,39839916571.52307,39750222911.241196,18.587648365887404,18.545801033828468,18.564406874004995,18.53523701664522
27.35281807808605,39825500511.95639,39748509633.07431,18.580922431972205,18.545001689480898,18.56487735425677,18.535477771412786
27.68271020040616,39840148566.58591,39746772866.182465,18.58775660513642,18.544191386271024,18.565338933032642,18.535693753775
28.016581028395926,39847680501.05989,39745012629.80275,18.591270692553397,18.54337013317406,18.56591192484181,18.53588529110639
28.354478547738374,39826056467.886894,39743228705.43065,18.58118181789046,18.5425378282449,18.566392491314986,18.536052701916184
28.696451322853907,39841312586.95528,39741420576.103226,18.58829968863605,18.541694230290123,18.566827699894784,18.536196293092896
29.042548503880234,39861358783.21644,39739587912.53458,18.597652410208823,18.540839185678625,18.56744786519882,18.53631635958348
29.39281983373656,39842500932.737946,39737730333.6658,18.588854121361972,18.539972516624168,18.56805861659311,18.53641318541941
29.747315655272857,39870350075.657196,39735847452.34055,18.601847373367033,18.539094042495698,18.568706138622485,18.536487043656955
30.10608691850536,39850198319.81648,39733938900.20364,18.59244540208404,18.53820359143401,18.569379271428907,18.53653819670829
30.469185187939466,40030155437.55142,39732004335.48303,18.676405909867498,18.53730100398247,18.57092629842496,18.536566896844686
30.8366626499808,39884543969.31947,39730043370.21686,18.608469653909804,18.536386099134216,18.5726157095638,18.536573386326044
31.208572120435743,39818285345.9209,39728055500.39984,18.577556135536106,18.535458641741336,18.573096760334774,18.536557896739133
31.58496705210235,39836455722.45355,39726040493.95007,18.5860336776278,18.53451852352407,18.57330343694645,18.536520650124814
31.965901542452947,39876759727.07015,39723997996.20773,18.604837850176846,18.53356557901289,18.573829126599893,18.536461860016534
32.35143034140928,39807629198.51152,39721927138.3124,18.572584420281004,18.532599402833654,18.57417941782536,18.536381728109554
32.74160885921138,39850119005.39106,39719827714.59132,18.592408397271353,18.531619899028005,18.57437786985384,18.53628044540386
33.13649317438156,39846949438.48467,39717699583.51124,18.590929609156365,18.53062700156242,18.57478742274862,18.5361581964575
33.53614004178425,39828189394.95057,39715542119.796875,18.582176952962556,18.529620418709445,18.575065555497794,18.536015157201966
33.94060690078302,39844552135.68994,39713354874.859566,18.589811127361983,18.52859994117627,18.575325012934172,18.53585149347146
34.34995188349621,39844054841.28139,39711137409.11919,18.58957911047048,18.52756536387309,18.575665449990705,18.535667362262817
34.764233823151955,39852299224.45701,39708889262.1558,18.593425596825117,18.526516471987104,18.576040927708814,18.535462911878557
35.1835122625439,39812853146.20799,39706609955.39891,18.575021697043105,18.52545304223722,18.57623348418096,18.5352382819174
35.60784746258914,39866421944.9879,39704299019.63938,18.60001467094445,18.52437485570997,18.576502613575332,18.534993603432852
36.03730041098919,39836636871.533714,39701955973.24683,18.586118194255686,18.523281687696638,18.576894053358004,18.534728999118023
36.4719328309954,39840138912.359055,39699580321.553314,18.587752100875633,18.52217330740574,18.57713206086954,18.53444458336295
36.91180719028024,39831381344.880486,39697171563.46306,18.583666184065546,18.521049481046823,18.57733497715874,18.53414046234398
37.356986709915475,39838445446.522125,39694729213.91506,18.586962000137348,18.51990998231059,18.577524250696825,18.53381673427218
37.807535373458514,39826927397.69813,39692252752.71355,18.581588157523566,18.518754568495332,18.577683808321844,18.5334734894748
38.26351793614863,39836099898.33343,39689741661.25263,18.58586766488997,18.517582997641103,18.577827307809123,18.53311081039788
38.724999934213855,41174476584.46768,39687195417.58294,19.21029857147342,18.516395026228032,18.585459079677513,18.532728771783113
39.19204769429011,39771019213.58895,39684613402.530754,18.555503723708775,18.51519036537541,18.592459520108093,18.532327440291443
39.66472834295417,39799893917.68033,39681995065.93634,18.568975459909726,18.51396875840158,18.591744512494973,18.53190687454412
40.143109816371364,39865859455.06746,39679339912.70036,18.5997522365382,18.51272997431379,18.59157183669205,18.531467125998415
40.62726087005974,39814309672.64189,39676647356.14863,18.575701251708846,18.511473739394244,18.591479031796275,18.531008238910715
41.11725108877194,39817963303.58975,39673916817.023,18.577405883976226,18.51019978338519,18.591125541880302,18.530530250045274
41.61315089649633,39812298375.344986,39671147717.39763,18.574762864028063,18.508907836650458,18.590769002020707,18.53003318889982
42.11503156657874,39818035538.34157,39668339416.25783,18.57743958570761,18.507597600119254,18.590421686190716,18.52951707753433
42.62296523196612,39815203907.72414,39665491310.22504,18.576118464612275,18.50626879228023,18.59009837332457,18.528981930609852
43.13702489557402,39843031256.69608,39662602793.81883,18.589101548467806,18.504921130641403,18.589921882392638,18.528427755758898
43.65728444077888,39834432231.343544,39659673213.86253,18.585089600820893,18.503554310457687,18.589854637229962,18.52785455347522
44.18381864203688,39807927243.91077,39656701925.102875,18.572723475870347,18.50216803068075,18.58959437909946,18.52726231706498
44.71670317563108,39815141083.00012,39653688274.77426,18.57608915320856,18.5007619867573,18.58923478564971,18.52665103281877
45.25601463054789,39753553420.647156,39650631583.174065,18.54735491102111,18.499335861566365,18.588580918963235,18.526020679986825
45.80183051948482,39833068466.96459,39647531173.72542,18.584453325072563,18.49788933944531,18.58804629918113,18.525371230815168
46.35422928999115,39816312631.170715,39644386383.17584,18.576635748867204,18.49642211094811,18.587868013910338,18.52470265080286
46.91329033574276,39792721486.65671,39641196486.45085,18.56562910185307,18.494933837785158,18.587470736322317,18.524014898591265
47.479094007952895,39768787559.04202,39637960700.54564,18.554462526498483,18.493424154638973,18.58682019793307,18.523307925464863
48.05172162692088,39827471053.91929,39634678341.45654,18.581841804908912,18.491892742381893,18.586379862936752,18.522581675757685
48.631255493719785,39839960297.08766,39631348710.90528,18.587668766417554,18.490339275226308,18.58634178754416,18.521836087482523
49.21777890202509,39832381757.05413,39627971009.90434,18.584132934784545,18.488763380397867,18.58633108989256,18.521071091842334
49.811376150086275,39790587810.52816,39624544465.73333,18.564633617298455,18.487164697377366,18.586046640223774,18.520286612984346
50.41213255284251,39793853176.24247,39621068302.86602,18.566157101153514,18.485542864336526,18.585557482590943,18.519482568295935
51.02013445418457,39806263946.307106,39617541714.236885,18.571947450375184,18.483897504732123,18.585166855850304,18.518658868373986
51.6354692393646,39838032636.78677,39613963876.070015,18.586769400281145,18.482228234224582,18.58503029618629,18.517815416919643
52.2582253475557,39849707588.999,39610333977.16989,18.592216447491193,18.4805346743438,18.585136410598462,18.516952110879757
52.8884922845628,39910826146.1405,39606651177.22191,18.620731824694282,18.478816433033927,18.58564396427745,18.516068840514205
53.526360635686835,39769732739.4374,39602914585.98788,18.554903508366507,18.47707309494685,18.58569078895143,18.51516548911668
54.171922078744295,39786968700.89533,39599123325.52031,18.562945091241133,18.47530425046877,18.58505721391805,18.514241932973878
54.825269397243595,39862305945.549866,39595276494.68633,18.598094316766726,18.473509479168566,18.584952208001976,18.513298041470094
55.48649649372027,39856250736.354324,39591373190.9392,18.595269207956406,18.47168835995546,18.58522990153858,18.5123336771155
56.15569840323338,39816725966.50796,39587412531.63712,18.57682859394739,18.469840481025496,18.58524799570141,18.51134869581193
56.83297130702432,39814385522.045425,39583393568.99579,18.575736639886408,18.467965400181924,18.58503551229565,18.510342946756612
57.51841254634043,39848630119.949684,39579315329.81163,18.591713745238344,18.466062663368433,18.585005602950492,18.509316272101792
58.21212063642555,39815856641.89234,39575176828.789444,18.57642300323181,18.46413181088725,18.58498231258621,18.508268506914764
58.91419528067912,39788546021.86758,39570977052.21977,18.563681003615336,18.462172369783694,18.584627682077155,18.50719947912135
59.6247373849859,39806462120.425804,39566714999.62092,18.57203991017808,18.46018387327462,18.584231030036406,18.506109009592507
60.34384907221895,39765556700.868835,39562389649.20596,18.552955142427148,18.458165844636728,18.58371476929491,18.504996912265696
61.07163369691718,39772877809.038666,39557999941.109505,18.556370867057623,18.456117789380905,18.58302672353194,18.503862993980405
61.808195860139854,39847628964.73204,39553544795.37722,18.591246647845914,18.454039203645372,18.58281080981564,18.502707054325388
62.553641424500675,39976245335.36076,39549023122.449036,18.65125369798748,18.451929579086702,18.58372576800519,18.501528885646724
63.308077529382736,39793781349.87462,39544433816.31911,18.566123589957108,18.44978839968856,18.584311138445713,18.500328273075194
64.07161260633724,39771184889.087524,39539775735.510414,18.555581021006944,18.447615132885243,18.58375460811632,18.49910499440961
64.84435639466776,39799057553.18412,39535047713.48152,18.568585247015246,18.44540923441702,18.583242095487417,18.49785881995638
65.62641995720267,39759638520.79989,39530248563.89463,18.550193965709067,18.44317015078801,18.582675681431198,18.496589512459177
66.41791569625771,39791017894.12823,39525377115.74992,18.564834276421614,18.440897335658395,18.58208059858428,18.49529682725469
67.21895736979077,39797375451.98022,39520432150.095184,18.56780044854214,18.438590220315753,18.581707349923846,18.493980512265736
68.02966010775216,39731968499.686386,39515412393.17553,18.537284284489953,18.43624821047903,18.581014212426794,18.492640307608767
68.85014042863149,39791228470.05449,39510316576.16699,18.5649325223922,18.43387071416772,18.580307653482883,18.49127594550519
69.68051625620426,39804355536.77002,39505143395.392624,18.57105706584464,18.431457123140376,18.580016374687222,18.489887150301698
70.52090693648064,39785824780.6891,39499891521.315956,18.562411385641777,18.42900681709057,18.579701082908077,18.488473638321597
71.37143325485853,39788151280.36893,39494559640.01332,18.56349683364703,18.426519182996152,18.57930439421034,18.487035117999657
72.23221745348323,39775299322.01892,39489146397.802574,18.557500644317816,18.42399358928533,18.57885842881149,18.48557128993368
73.10338324881701,39849001002.95088,39483650373.738655,18.591886783823874,18.421429373004226,18.578762200896435,18.48408184647781
73.98505584942022,39899704690.541046,39478070140.936,18.615543015987107,18.41882586842737,18.579355054738524,18.482566471535275
74.87736197394675,39873760245.53362,39472404257.63825,18.603438416822588,18.4161824028912,18.5800681629996,18.48102484064331
75.78042986935695,39775789654.37912,39466651232.30148,18.557729413007063,18.413498280503344,18.580077136459863,18.479456620812805
76.69438932934987,39669833091.990204,39460809539.59734,18.508294487102845,18.410772789609027,18.578958567764307,18.477861470269005
77.61937171301778,39749612685.89993,39454877659.233604,18.545516328059897,18.408005220903107,18.577727978215698,18.476239038502026
78.55550996372601,39745609391.04919,39448854028.34505,18.54364855715588,18.40519484521767,18.576942568527862,18.474588966264783
79.50293862822011,39844628434.25959,39442737026.822525,18.589846725101776,18.40234090667716,18.57670431280974,18.47291088522783
80.4617938759637,39754290047.515335,39436525036.67651,18.54769859048585,18.399442650394946,18.576513404924153,18.471204417891848
81.43221351870939,39806788257.20573,39430216399.05569,18.572192072037492,18.396499302419976,18.57612261679526,18.469469177589353
82.41433703030589,39742013082.384,39423809399.2792,18.541970669081902,18.393510062753474,18.57566934968177,18.467704768167
83.40830556674398,39700519002.61769,39417302315.463066,18.522611256956186,18.39047412803598,18.57464026342092,18.465910783863574
84.41426198644395,39750747628.24529,39410693396.89761,18.546045844962705,18.387390681459152,18.57368687080302,18.464086809337793
85.4323508707883,39768667256.42301,39403980841.38369,18.55440639829913,18.38425888219182,18.573131637315374,18.46223241945061
86.46271854490156,39743449805.89522,39397162809.2928,18.542640984527406,18.381077871939823,18.572547795614067,18.460347179006384
87.50551309868081,39716594597.69237,39390237432.418655,18.530111461129156,18.37784677907579,18.57168993663805,18.458430642626627
88.56088440808018,39718514221.397896,39383202800.962524,18.531007077724365,18.374564712567057,18.570715541108083,18.456482354603
89.62898415665175,39694903828.6806,39376056934.84674,18.519991450299,18.371230748591717,18.569643504394293,18.454501848522792
90.70996585734608,39714516804.21944,39368797833.234955,18.52914204909782,18.36784395364274,18.568576205144353,18.45248864702107
91.80398487457624,39606164511.10402,39361423525.17975,18.478589374860885,18.36440340815802,18.567039508181885,18.45044226209221
92.91119844654749,39701025315.95795,39353931981.108475,18.522847481706176,18.36090816522335,18.565471385696625,18.448362195180326
94.03176570785615,39765753855.880974,39346321067.81129,18.553047126757303,18.35735722957173,18.56482143530655,18.446247936530895
95.16584771236167,39663440799.34704,39338588610.651794,18.505312109173172,18.35374958660825,18.563973627374473,18.444098964656398
96.31360745633391,39661919644.130135,39330732415.67035,18.504602401404806,18.350084212722567,18.562575373495047,18.441914746279284
97.47520990187972,39745304624.593994,39322750253.50954,18.54350636580132,18.346360067789224,18.561665504722626,18.439694736308354
98.65082200065248,39732701435.79853,39314639845.50068,18.537626242001405,18.342576088676168,18.561165209364923,18.437438377649958
99.84061271784705,39762129612.47046,39306398852.91675,18.551356205492795,18.338731184230625,18.56077114771499,18.435145100887596
101.04475305648423,39765665684.85339,39298024897.45293,18.553005989822346,18.33482424483446,18.560567751199176,18.432814324023852
102.26341608198875,39618921393.755264,39289515560.997444,18.484541205822694,18.330854142297284,18.55957271147128,18.43044545233969
103.49677694706244,39765440584.63117,39280868368.6376,18.55290096741924,18.326819721927745,18.558609717331386,18.428037878161387
104.74501291685849,39703164623.0085,39272080796.84021,18.52384559341484,18.322719806350193,18.55812821680686,18.42559098058507
106.00830339445916,39769150424.37172,39263150268.693535,18.5546318243719,18.318553193284774,18.557682876570162,18.423104125226264
107.28682994666,39674961537.24287,39254074145.56779,18.510687206396046,18.314318651656556,18.55708690801207,18.420576663902878
108.58077633006585,39619583386.14679,39244849734.48076,18.484850063944233,18.31001492503202,18.555679717358025,18.418007934320876
109.89032851750162,39665529330.86025,39235474309.123405,18.506286531127568,18.305640741428743,18.554257092354955,18.41539725992467
111.21567472474072,39710711944.34343,39225945077.44719,18.527366859701285,18.30119479819298,18.55337179609172,18.412743949686483
112.5570054375567,39744510643.66467,39216259176.18863,18.54313592731667,18.296675759445055,18.552943611024183,18.41004729769201
113.91451343910114,39661633105.82688,39206413694.627365,18.504468714547944,18.292082267163888,18.55225045608865,18.407306582838135
115.28839383761098,39646250652.62565,39196405661.12204,18.497291901549453,18.287412934905195,18.551032895737535,18.404521068593283
116.67884409445062,39605763841.26918,39186232028.2988,18.478402438977437,18.28266634089106,18.549534571537247,18.401690002607204
118.08606405249265,39662874390.013435,39175889692.80043,18.505047846131724,18.277841037224057,18.54816685468478,18.398812616358455
119.51025596483952,39807228409.70273,39165375514.0197,18.572397428889257,18.27293555862745,18.547947886518557,18.39588812502286
120.95162452389278,39716834413.949425,39154686252.82796,18.530223349422158,18.2679483938585,18.548024555600488,18.39291572710731
122.410376890773,39854032251.09448,39143818586.74049,18.594234154987838,18.262877992784016,18.548365623609918,18.389894603840027
123.88672272509324,39607457135.77774,39132769179.188,18.479192459781032,18.2577227986995,18.548081390701196,18.386823919043657
125.38087421509283,39691756538.41304,39121534600.09755,18.518523055537333,18.252481211275562,18.546917987449824,18.383702818950376
126.89304610813464,39691198378.52855,39110111317.134,18.518262641345796,18.247151582471513,18.546242157359682,18.380530431536425
128.42345574156886,39582505561.38428,39098495754.12065,18.467551092757375,18.24173224379202,18.544974948031843,18.37730586614907
129.97232307397022,39625684961.43366,39086684249.135056,18.487696805244674,18.236221486736337,18.54338071278781,18.374028213230318
131.53987071675215,39638513799.46713,39074673052.69209,18.493682207595633,18.230617561950638,18.542132788800174,18.370696543807
133.12632396616075,39618404768.16237,39062458345.64659,18.48430016980445,18.224918687580594,18.540873102994315,18.36730990908231
134.731910835656,39481198689.793846,39050036236.73424,18.420285519226606,18.219123048124096,18.538769932683348,18.363867340121857
136.3568620886835,39567184668.747986,39037402750.11377,18.460403001358547,18.213228788618938,18.536440900928923,18.360367847464317
138.00141127184006,39648052402.74076,39024553813.12642,18.49813252322904,18.2072340089319,18.535089045975273,18.356810420604777
139.66579474844085,39571263707.052475,39011485266.977875,18.462306111008356,18.20113676874249,18.533786539989755,18.35319402748256
141.35025173249107,39542470173.15831,38998192863.70943,18.448872245446033,18.19493508612983,18.53193295063865,18.349517614022908
143.05502432306622,39597825379.772385,38984672268.708374,18.47469868295667,18.18862693874388,18.530272864969717,18.345780103686966
144.78035753910876,39524235564.25339,38970919063.05521,18.440364735200482,18.18221026490055,18.528547058864735,18.34198039705916
146.5264993546428,39613350364.14935,38956928718.580826,18.48194199507473,18.17568295194445,18.526953333881107,18.338117371318628
148.2937007344144,39449814020.848816,38942696605.932526,18.405642737799525,18.1690428400121,18.52497768399046,18.334189879631012
150.0822156699622,39535644862.461464,38928218009.80493,18.44568783929917,18.162287729138104,18.52262763904039,18.330196750683562
151.8923012161215,39571833443.53314,38913488106.34674,18.462571926358265,18.155415368714035,18.521006003470365,18.32613678818941
153.72421752796987,39536483022.6209,38898501961.529366,18.446078889975443,18.148423456727333,18.51942504970977,18.32200877027034
155.57822789821867,39403573049.981476,38883254541.78197,18.38406862368118,18.14130964472316,18.51694837768971,18.317811448904372
157.45459879505376,39428608154.72636,38867740703.255226,18.395748962493276,18.13407153279533,18.513939411924714,18.313543549385177
159.35359990043426,39455713099.182724,38851955183.023766,18.408395002442365,18.126706665481706,18.51128997024198,18.30920376968634
161.2755041488532,39553042859.62323,38835892600.940865,18.453805021295096,18.119212532629568,18.50939335099527,18.30479077980278
163.22058776656405,39523160913.69513,38819547464.79213,18.439863347938356,18.11158657180006,18.507910222425455,18.300303221146496
165.189130311282,39362837636.4833,38802914161.22652,18.365063173687734,18.103826164037017,18.50540668388845,18.295739705934608
167.1814147123639,39506928196.39132,38785986946.94409,18.432289837067056,18.095928629755516,18.5028828284419,18.291098816493026
169.1977273114714,39464924891.63307,38768759959.521,18.41269284173576,18.087891233792373,18.500976818667567,18.286379104588406
171.23835790372596,39286853441.44591,38751227215.965775,18.329612108016335,18.07971118473256,18.497895148343023,18.28157909082739
173.30359977936027,39378220854.70813,38733382590.06238,18.372240343614422,18.071385624338433,18.494416218386483,18.27669726393616
175.3937497658705,39473581134.49643,38715219804.70415,18.41673148469388,18.06291162397305,18.492051849767847,18.271732079889976
177.5091082706783,39331406690.34221,38696732458.18708,18.350398801245365,18.054286196867537,18.48947689547159,18.266681961167407
179.64997932430765,39340134503.8387,38677914016.79609,18.354470836084708,18.045506294662122,18.486230412525956,18.26154529612544
181.81667062408056,39396452838.41023,38658757785.11536,18.380746629049504,18.036568793554213,18.483421918357546,18.256320438183636
184.00949357834142,39393065349.404625,38639256914.19037,18.37916616754511,18.027470498106442,18.480970522775895,18.25100570490986
186.22876335121506,39372451956.03766,38619404407.91481,18.369548815389138,18.01820814422653,18.478443986349554,18.24559937720801
188.4747989079024,39301808709.63756,38599193118.0465,18.33658961425345,18.008778396841926,18.475471293298973,18.240099698532397
190.74792306052458,39348176787.22654,38578615733.720055,18.358223031082495,17.99917784500686,18.472438741034576,18.234504874035036
193.04846251451977,39319499898.973236,38557664765.208786,18.3448435875256,17.98940299432631,18.46957332492878,18.228813069585243
195.37674791559772,39284053157.76687,38536332554.49244,18.328305612098923,17.979450271886474,18.466421172781818,18.223022410781972
197.73311389726268,39368640741.87308,38514611292.79145,18.36777066134579,17.969316034435536,18.463619269034382,18.217130982145193
200.11789912890913,39314535378.10323,38492492982.23553,18.342527348532702,17.958996550499798,18.461047621898015,18.211136826209515
202.53144636449608,39180066834.92926,38469969431.076164,18.279789918038745,17.948487998150053,18.457492028726794,18.20503794240218
204.97410249181,39180175437.686584,38447032278.31131,18.279840587569165,17.93778647649043,18.453282551486545,18.198832286058185
207.44621858232193,39302190854.90748,38423672958.71417,18.336767907345237,17.926887989342283,18.44985179816975,18.19251776739963
209.94814994164432,39293742193.759056,38399882701.27912,18.332826113383206,17.91578844451912,18.447125664422643,18.18609225033845
212.48025616059775,39249152804.20737,38375652548.61061,18.31202255842725,17.904483662872664,18.44416978956942,18.17955355140679
215.04290116689413,39233049034.76608,38350973335.680954,18.304509209266428,17.89296936838212,18.44094944929906,18.172899438701133
217.63645327744084,39222698603.85026,38325835693.95799,18.299680128614277,17.881241190079958,18.437659388126807,18.166127630757696
220.26128525127794,39160379409.582855,38300230032.461426,18.270604584055636,17.869294653213604,18.4340439221137,18.159235795371824
222.91777434315375,39151901558.42638,38274146520.919464,18.266649171249686,17.857125171387025,18.43012461539803,18.15222154824761
225.60630235774448,39107117103.820854,38247575111.00951,18.245754607051214,17.844728056470746,18.42600259107095,18.145082451705104
228.32725570452996,39220406852.209015,38220505520.38948,18.298610892598862,17.83209851115154,18.42236207684344,18.137816013446074
231.08102545333108,39022488046.43031,38192927224.11057,18.20627020809451,17.81923162492595,18.418329774977753,18.130419685213436
233.86800739051486,39221116408.39868,38164829464.889755,18.298941942010718,17.80612237889306,18.41441006417825,18.122890861492543
236.68860207588085,39137165595.8956,38136201223.08417,18.25977398391431,17.79276563174575,18.411207657005654,18.115226878132578
239.54321490022994,39045118653.02751,38107031209.36247,18.216828708059744,17.77915611635147,18.40710814763587,18.107425010795016
242.4322561436301,39162664112.19159,38077307870.09674,18.271670531285608,17.765288442267877,18.403253631727665,18.099482473428523
245.35614103438468,39152366136.67186,38047019367.106125,18.266865924139967,17.751157086292068,18.40007893653427,18.09139641669698
248.31528980870976,39101170358.582634,38016153598.67755,18.242980103013007,17.736756402267964,18.39663823686768,18.083163926450368
251.31012777113347,39100415621.78998,37984698201.71854,18.24262797421059,17.722080622090715,18.39299360436603,18.074782022359287
254.3410853556237,39042224697.777275,37952640496.30161,18.21547850888246,17.707123829833453,18.389107635958414,18.06624765628538
257.408598187451,38952523960.74449,37919967481.45473,18.17362787510583,17.691879959783247,18.384495321298477,18.05755771036225
260.5131071457995,38913985932.935455,37886665851.54848,18.155647633898667,17.676342804086723,18.379285225317084,18.048708995189873
263.6550584271334,38963469366.65793,37852721981.41955,18.178734546350373,17.660506005809264,18.374261974951114,18.03969824807908
266.8349036093247,38944512251.43288,37818121923.2357,18.16988994470061,17.644363057472365,18.369524179956926,18.030522131238467
270.05309971655794,38996652739.153496,37782851384.40659,18.1942165280567,17.627907290747704,18.36508438509676,18.021177229864236
273.31010928501604,38858969148.98862,37746895723.60274,18.129979090331567,17.6111318745998,18.36027070853549,18.011660050131812
276.6064004293574,38846468341.7377,37710239954.93926,18.12414673350289,17.594029817237935,18.3547451842905,18.001967017236403
279.9424469099964,38920532825.02927,37672868720.30181,18.158702141503138,17.576593953204615,18.349693687635437,17.992094473349145
283.3187282011958,38825114293.93238,37634766280.921165,18.114183822785417,17.558816939444593,18.344638235653896,17.98203867542276
286.7357295599775,38928843824.75865,37595916510.69591,18.162579708371567,17.540691252189546,18.339755087118863,17.971795792965803
290.1939420958668,38788557675.622406,37556302883.67017,18.097128024855422,17.52220918111568,18.334777504031653,17.9613619057633
293.69386284147885,38610231487.895676,37515908474.69848,18.013928441193066,17.50336282965393,18.328155681292635,17.95073300158638
297.2359948239523,38687034052.253586,37474715940.015144,18.049761323958283,17.484144105924457,18.321138092475536,17.939904973851675
300.8208471372484,38571637549.80928,37432707492.453415,17.995922114575468,17.46454471117491,18.314067094564308,17.928873619091757
304.44893501532135,38586798178.04437,37389864904.67711,18.002995433269145,17.4445561412882,18.306613962593527,17.917634634367236
308.1207799061689,38461563100.046555,37346169497.94457,17.9445659536612,17.424169681540203,18.29872439786381,17.90618361469553
311.836909546778,38633699674.58823,37301602108.50027,18.024877721200795,17.4033763909195,18.291290817825466,17.894516050291916
315.5978580389755,38587372062.039536,37256143091.97884,18.003263183676847,17.382167104182106,18.284721436416294,17.882627323715834
319.4041659261899,38360108691.319885,37209772325.437584,17.89723154543786,17.360532432799744,18.276789618081494,17.870512707120252
323.2563802711419,38365342968.796074,37162469174.51415,17.899673641645624,17.33846274963701,18.26782631020412,17.8581673593948
327.15505473447257,38495850283.62146,37114212453.58755,17.960562927716175,17.31594817036413,18.25982972615042,17.845586322974658
331.100749654316,38312761959.27678,37064980441.709755,17.875141529136968,17.292978560890006,18.25172160168299,17.832764520594733
335.0940321268354,38584773186.283806,37014750868.03417,18.00205065632109,17.269543530563723,18.24431210926855,17.819696752127296
339.13547608772984,38527743865.76482,36963500865.31447,17.97544314687891,17.24563241047906,18.238255422773108,17.806377691155852
343.2256623947215,38150922085.25369,36911206978.54583,17.7996337738805,17.221234257506126,18.229933826632585,17.79280188142292
347.36517891104063,37900984251.35683,36857845170.94787,17.683023174019777,17.19633785708274,18.21834961120915,17.778963733442517
351.5546205899174,38392718860.51982,36803390761.88798,17.91244609432258,17.170931694252044,18.208400780026505,17.764857520880774
355.79458956008955,37940293892.280235,36747818409.481544,17.70136341781928,17.1450039455445,18.19887363240458,17.750477376584474
360.08569521234466,38188770992.52392,36691102120.81531,17.8172925001007,17.11854248374767,18.188468240367,17.735817288664933
364.428554287106,38198434772.64731,36633215196.1633,17.82180121804684,17.091534851879704,18.17972815267391,17.720871096420662
368.82379096307136,37987966487.38652,36574130225.12214,17.723605468274734,17.063968261386222,18.17007803390564,17.70563248602871
373.2720369469261,38218994763.81385,36513819084.44875,17.831393654956774,17.03582959113148,18.1607848008735,17.6900949863048
377.7739315641329,38064406223.35547,36452252883.06299,17.759269070401544,17.007105361738894,18.152121433514807,17.674251964246306
382.3301218508199,38205850249.777336,36389401935.951775,17.825260971309895,16.97778172341578,18.143600476845,17.65809662023351
386.94126264677766,38095712978.78671,36325235763.52737,17.773875500623056,16.947844455653975,18.135446088598712,17.641621983197712
391.60801668957356,38101774298.37943,36259723053.34435,17.776703460290605,16.917278949368537,18.12691353472492,17.62482090568738
396.33105470980524,37786220215.54532,36192831637.33335,17.62947904726728,16.88607019627598,18.11686197245093,17.607686058714325
401.11105552750286,37788706851.41064,36124528470.8608,17.630639208157568,16.85420277912441,18.10532882412901,17.590209926480465
405.94870614969005,37717160988.44637,36054779581.09941,17.597258883667525,16.821660847605344,18.09368478747,17.572384800827457
410.84470186912574,37751840943.85901,35983550042.52046,17.613439108728926,16.78842810691943,18.08211638741964,17.55420277539788
415.7997463642362,37541037261.11206,35910803971.17403,17.515086876436975,16.75448781510783,18.069840529986205,17.535655739768355
420.81455180024926,37704732826.09631,35836504450.017075,17.59146041992872,16.719822748213428,18.057607558974308,17.516735373275054
425.88983893155137,37712880674.794846,35760613498.71991,17.59526186731064,16.684415186193764,18.046609000385228,17.497433138407406
431.02633720527984,37487205654.346924,35683092103.26372,17.48997128725835,16.648246926730025,18.034661041515236,17.477740274356968
436.22478486616023,37467120176.765976,35603900118.69564,17.480600238655242,16.611299239856596,18.021644692458374,17.45764779034111
441.48592906261183,37403604376.04976,35522996218.25072,17.450966407287364,16.57355284422348,18.008473237513666,17.43714645826773
446.81052595413337,37389214767.28878,35440337870.17885,17.44425281421817,16.53498789628473,17.995184897621357,17.416226805165433
452.1993408199794,37152690174.38525,35355881295.49613,17.333900274827613,16.49558397058696,17.9808172701657,17.394879105430796
457.65314816915196,37100897458.211006,35269581466.65283,17.309735947213305,16.455320059147894,17.965202684750864,17.373093373019877
463.17273185171797,37200074090.939285,35181391992.58974,17.356007639875024,16.414174517828435,17.95022491973481,17.350859353178258
468.7588851714661,36902941058.64116,35091265099.8428,17.217377723009303,16.372125057516875,17.934494809787196,17.328166513630528
474.41241099992544,37118488137.05394,34999151599.26782,17.317943026469173,16.329148728604018,17.918703449247676,17.305004035689738
480.1341218917604,36811786599.80902,34905000774.569435,17.174848843092782,16.28522186897543,17.902765120310086,17.28136080477478
485.9248402015522,40663936462.879265,34808760338.94162,18.9721017810829,16.240320083781725,17.90693716652268,17.25722540029912
491.7853982019932,36892323160.96628,34710376432.726585,17.21242385348974,16.19441824434628,17.91120291473529,17.232586085547748
497.7166382035078,36328100434.85672,34609793565.65326,16.94918099217152,16.14749046121613,17.891510548888846,17.207430797460038
503.71941267531,36816560968.86888,34506954457.01775,17.177076365158356,16.099510009596802,17.871900881695694,17.181747135448674
509.79458436792675,36354208319.25517,34401799998.441696,16.961361845359416,16.050449311976912,17.8528685966414,17.155522349398527
515.9430264371982,36070667401.35593,34294269264.933464,16.829073443856604,16.000279943288888,17.83017073822139,17.12874332780663
522.1656225697697,36134386398.17797,34184299391.11338,16.858802078077737,15.948972573160763,17.806807224690992,17.10139658557587
528.4632671101007,36448269739.09034,34071825431.026375,17.005246992396643,15.896496900510623,17.78609245554631,17.073468250638335
534.8368651890073,36212631462.23527,33956780288.942318,16.895307971217658,15.842821621260905,17.76628269646746,17.04494404974078
541.2873328537482,35813305908.67726,33839094683.75888,16.708999273514333,15.78791441173025,17.743427523961145,17.015809293988717
547.8155971996863,36056562109.958755,33718697062.720493,16.822492501446288,15.731741888378368,17.720272554810478,16.98604886405778
554.4225965035367,36169628156.41744,33595513426.590042,16.875244416976084,15.674269526238412,17.699631177811327,16.95564719430935
561.1092803582181,35783128206.00791,33469467294.520203,16.6949196123609,15.615461642527404,17.67795106703062,16.92458825612681
567.8766098093348,35695334133.60675,33340479552.88889,16.653958549014483,15.555281326119147,17.65417316343637,16.89285554061314
574.7255574933044,35429279394.15642,33208468204.160538,16.529828471229244,15.493690320373341,17.628997043104434,16.860432039471608
581.6571077771479,35451213215.56517,33073348463.50856,16.540061880200724,15.430649068215596,17.603077722802887,16.82730022549706
588.6722568999686,34840396332.75029,32935032812.745327,16.255080122939066,15.366116737298931,17.574496875398303,16.793442034360012
595.7720131161401,35317013322.73829,32793430385.17312,16.477449790787144,15.300050933000797,17.545887488322702,16.758838843698403
602.9573968402125,35667944320.47438,32648446877.366287,16.641179601187172,15.232407657264307,17.522525438888113,16.72347144883481
610.229440793577,34466012928.535995,32499984689.767826,16.08040839492312,15.163141374194751,17.494962123448538,16.687320039366014
617.5891901528903,35115785581.016815,32347942497.2113,16.383565294370953,15.092204809682984,17.46506150458504,16.65036417469172
625.0377027002941,34662085922.20511,32192215189.012333,16.171887900253545,15.01954892345461,17.43691638504736,16.612582757430577
632.5760489754474,34681925045.95291,32032693703.71212,16.181144010402505,14.945122831968165,17.4070559001693,16.573954006218028
640.2053124293863,34507790007.01836,31869264713.077873,16.099899842481502,14.868873660982887,17.377043674568593,16.534455426483927
647.9265895802449,33922859983.056934,31701810466.53871,15.826995817079588,14.79074647297895,17.343533680971326,16.494063779321422
655.7409901708554,34188213599.086357,31530208429.64158,15.950798779832205,14.71068409847604,17.309079532260842,16.452755048228756
663.6496373282415,33310733474.374016,31354331143.57263,15.541403042847495,14.628627070491879,17.272020701555864,16.410504403871663
671.6536677250424,33372779327.6196,31174046146.984898,15.570351057851992,14.544513588070249,17.231364242293047,16.36728616847426
679.7542317428836,33751405963.102757,30989215266.11965,15.747002501127113,14.458279185081159,17.194117004768998,16.323073776677248
687.9524936377117,33655510532.45072,30799694341.39024,15.702261680908393,14.369856602656222,17.159299100111884,16.277839731903462
696.249631707129,33301501963.761127,30605333247.180088,15.537096003879423,14.279175798425578,17.122811012704243,16.23155556236516
704.6468384597479,32289548539.682053,30405975328.63539,15.064960617358997,14.186163683748795,17.079616195185196,16.184191775091005
713.145320786579,34144296547.67764,30201456963.763245,15.930308909895194,14.090743919408048,17.042197668698858,16.13571780551342
721.746300134495,32567016421.743805,29991607078.25833,15.194415592881658,13.992836689246447,17.007085465927712,16.0861019631471
730.451012681785,33531762848.5754,29776246611.03236,15.644526157546087,13.892358450806288,16.969503995337412,16.03531137291747
739.2607095158205,32289450874.85265,29555188112.681656,15.0649150510109,13.789221747990725,16.931205730546605,15.983311912710516
748.176656812871,32678529444.203396,29328235220.23062,15.246442931994554,13.68333496600092,16.889153213772232,15.930068147275882
757.2001360200866,32083093074.634956,29095181984.39788,14.968637082629153,13.574602017466393,16.846923882117313,15.875543257069943
766.3324440396711,35565210793.99492,28855812024.040638,16.593248409811316,13.462921947943931,16.821784238637097,15.819698960387752
775.5748934152812,47890866574.82231,28609898278.019672,22.343886846056122,13.3481888201481,16.88489960586886,15.762495431314994
784.9288125206746,32038028532.20841,28357201810.72455,14.947611841100585,13.230291156658986,16.926092105950737,15.703891211619379
794.3955457506266,31064466211.03911,28097470869.37439,14.493388146739061,13.109111500097946,16.87380542838751,15.643843112926195
803.9764537141556,31110324793.278885,27830439902.363014,14.514783854225065,12.984525955128252,16.817664052904632,15.582306110574565
813.6729134300795,29735583536.971886,27555828464.5792,13.873386751386304,12.856403677723062,16.755461233263123,15.519233228509272
823.4863185249237,30849034643.016975,27273340528.988686,14.392876735624073,12.724606553978202,16.693370441093645,15.454575417058345
833.4180794332223,29094307363.342785,26982662490.672264,13.574193955652401,12.588988268879342,16.62911146584977,15.388281418726924
843.4696236002361,30416094344.39784,26683461565.96822,14.190884795713563,12.449393559408431,16.56408404596971,15.320297617304874
853.6423956871075,28788956393.382877,26375384397.905895,13.431729890809093,12.305657563896983,16.498811934042756,15.250567874001108
863.9378577784973,28795083285.610306,26058056282.293854,13.43458844394122,12.157605460951006,16.42618133588748,15.17903335549589
874.3574895927261,28988554577.0745,25731077422.413795,13.52485410321223,12.005050722046919,16.356380832688952,15.105632340991685
884.9027886944416,28900592731.807846,25394020199.946327,13.483814764023455,11.84779383825901,16.288807834681982,15.030299998086406
895.5752707098593,28881316925.7245,25046428116.05184,13.47482147447168,11.685621826211804,16.22224535615122,14.952968143076353
906.3764695445994,27844806029.396477,24687811782.460564,12.991228592599851,11.518306357689386,16.151391038298375,14.873564978831492
917.307937604142,27990525064.34897,24317645462.845257,13.059215034716285,11.34560214598373,16.077331321426037,14.792014797627516
928.3712460169497,26724420895.81181,23935363389.992264,12.46850347945729,11.167245227639853,15.998787293349531,14.708237651541546
939.5679848602816,29403504518.12838,23540354203.87574,13.718452490395306,10.982950367492544,15.93004406995045,14.622148979500476
950.8997633887208,25960878332.470314,23131956261.73011,12.112266270619244,10.792408870541191,15.858506744507459,14.533659186534283
962.368210265473,25854201296.946056,22709451674.83281,12.062495201910291,10.59528579976059,15.769158485528212,14.442673174077404
973.9749737964391,26294253664.60495,22272058320.230885,12.267805337485886,10.39121624910476,15.683787658532722,14.349089804224059
985.7217221671224,25713000730.667778,21818918904.950325,11.996616889380872,10.179800241321768,15.599625197276497,14.252801271989028
997.6101436823909,24514444057.15018,21349091049.43212,11.437420186397388,9.960598101297371,15.507599589724276,14.15369237722761
1009.6419470091245,22901135343.641457,20861545163.682816,10.684717428637171,9.733129465155175,15.402199870214838,14.051639747518383
1021.8188614217956,24461473359.388897,20355140724.843147,11.412706261559848,9.496862212356648,15.299109638536892,13.946510935894356
1034.1426370510137,22262182220.019398,19828600709.183525,10.386608471434648,9.251200536733421,15.194805880436558,13.838163267470893
1046.6150451350566,20492001154.607815,19280499023.2018,9.560715597669413,8.995479082360184,15.071048994043029,13.726442503054646
1059.2378782744452,21101038574.423225,18709233945.221104,9.844867131492855,8.728950552508634,14.943885538913202,13.611181317701602
1072.0129506895892,19341363852.689487,18112997073.83451,9.023876080791036,8.450771222283015,14.813296997079503,13.49219749677314
1084.9420984815295,19554026663.926228,17489723535.971233,9.12309570512617,8.15997770777435,14.677317643781878,13.36929172730404
1098.027179895836,20614483416.56196,16837028932.73733,9.617860727784707,7.855457547611766,14.551624250668233,13.242244817579444
1111.270075589688,20297984369.213043,16152159972.401274,9.470195433614261,7.5359261703664435,14.432974849346163,13.110814361708934
1124.6726889021647,19305194373.124107,15431879573.306667,9.007000905700458,7.19987328834858,14.309877878884889,12.974730573196815
1138.2369461278074,17305789381.270428,14672330908.188526,8.074161679924053,6.845499466338956,14.173126679098619,12.83369083011123
1151.9647967934795,16058803744.488281,13868880836.211987,7.492370036555343,6.470643073488937,14.02169812844578,12.687352732084909
1165.8582139385567,13846867335.545135,13015858974.648972,6.460372489489016,6.0726585450152655,13.854708446564356,12.535325010931446
1179.919194398505,14862952892.3616,12106176987.781002,6.934435757313759,5.648238758233639,13.685172758041613,12.377155106423057
1194.1497590918812,12929616505.863918,11130746302.079252,6.032421395394113,5.1931433626754995,13.51448649959362,12.212311707454742
1208.5519533107824,10447545363.367298,10077614166.469501,4.8743902149568346,4.701795701733806,13.323422842268718,12.040159704512146
1223.1278470148095,16383777059.68943,8930479953.424719,7.643989071710986,4.166590580451087,13.156255172676282,11.859922740094513
1237.879535128577,8991108664.371525,7665972255.022622,4.194877415789537,3.576623871769367,12.98455699974126,11.670623356271147
1252.8091378427982,15755002642.970592,6248246130.574783,7.350629075877317,2.915171816942403,12.81392053884,11.470979562576574
1267.918800919016,10633832661.74643,4614826318.432566,4.961304121794116,2.1530860568613877,12.656012036152571,11.259195462681244
1283.210695998004,7310273192.157194,2642808830.4695697,3.4106694804556033,1.2330247015161486,12.455231873401113,11.032491151933097
1298.6870209118815,0.0,0.0,0.0,0.0,12.200305390601383,10.7856304185121
1314.35,0.0,0.0,0.0,0.0,11.911258319064034,10.530099529133158
