R_kpc,Sigma_bar,Sigma_eff,kappa_bar,kappa_eff,kappa_bar_mean,kappa_eff_mean
1.0,40445504725.87253,40448534367.447464,18.637456076863998,18.638852148248546,0.0,0.0
1.0120606264911474,40445551300.650696,40448578702.44322,18.63747753871466,18.6388725779982,0.44155494864978023,0.4415880117802062
1.0242667116936537,40445605797.04506,40448624121.63609,18.637502650878872,18.63889350735037,0.8726492222147544,0.872714503151836
1.0366200099307066,40445638362.935074,40448670651.571945,18.637517657375856,18.638914948537508,1.2935305753646202,1.2936273382402732
1.0491222966837304,40445686788.26279,40448718319.74044,18.637539971967414,18.638936914226964,1.7044409385604413,1.704568509121121
1.0617753688475675,40445736551.43354,40448767154.21728,18.637562903042582,18.63895941735613,2.1056166357994712,2.105774274947904
1.0745810449887383,40445787880.88386,40448817183.88149,18.637586555865862,18.63898247123259,2.497288314601943,2.4974752977828594
1.0875411656068144,40445839705.03094,40448868438.3591,18.63761043664746,18.639006089508136,2.8796811533905364,2.879896775210495
1.1006575933989453,40445891280.14931,40448920947.780945,18.637634202675596,18.639030286067182,3.2530149858096813,3.2532585698076795
1.113932213527575,40445949104.69797,40448974742.99445,18.63766084846709,18.63905507512435,3.6175044689012585,3.6177753355461832
1.127366933891388,40446001496.84495,40449029855.73494,18.63768499098539,18.63908047130341,3.9733591452086188,3.9736566412026435
1.1409636853995222,40446055348.07927,40449086318.55123,18.637709805857185,18.639106489602987,4.320783567296187,4.321107090845215
1.1547244222490889,40446114516.331856,40449144164.88183,18.637737070833012,18.63913314543169,4.659977500089929,4.660326441465679
1.1686511222060412,40446176988.85768,40449203428.940796,18.637765858431635,18.639160454555494,4.991135985607286,4.991509717824472
1.1827457868894284,40446231879.37102,40449264145.68571,18.6377911522075,18.639188433083,5.314449374269732,5.314847324573988
1.19701044205908,40446295053.748436,40449326351.10369,18.637820263222242,18.63921709759722,5.630103534813659,5.630525155726909
1.2114471379067577,40446360078.7307,40449390082.18912,18.637850227003362,18.63924646514532,5.9382799831720465,5.938724701532448
1.2260579493508208,40446428223.903595,40449455376.821236,18.637881628581244,18.639276553182206,6.239155906905932,6.239623152819708
1.2408449763344431,40446492334.2363,40449522273.74858,18.637911170888056,18.639307379563373,6.532904263283725,6.5333935028682015
1.2558103441274293,40446564321.258575,40449590812.60681,18.637944342806048,18.63933896255309,6.819693938494446,6.820204646864929
1.2709562036316695,40446629646.239296,40449661034.130585,18.637974444827698,18.639371320922056,7.099689802304625,7.1002214790063665
1.2862847316902777,40446702982.50711,40449732980.18025,18.638008238483618,18.639404473959697,7.373052820111461,7.373604987301214
1.3017981314004599,40446780055.090096,40449806693.67208,18.638043753849043,18.639438441442007,7.6399401998946646,7.640512346126915
1.3174986324301545,40446852420.98604,40449882218.54044,18.638077100353584,18.639473243614123,7.900505355536334,7.9010970065927
1.3333884913384921,40446933373.18026,40449959599.7682,18.638114403459934,18.639508901204337,8.15489809345461,8.155508784761764
1.34946999190012,40447007385.025734,40450038883.52778,18.638148508424838,18.63954543548909,8.40326465774973,8.403893947784253
1.3657454454334392,40447090128.2868,40450120117.26204,18.638186636862205,18.639582868330255,8.645747829550402,8.646395297990772
1.3822171911327976,40447177505.77378,40450203349.63566,18.638226900770068,18.639621222152716,8.882487069779394,8.88315225499377
1.3988875964046932,40447258430.288574,40450288630.51414,18.63826419112162,18.639660519934697,9.113618452165818,9.114300935843422
1.415759057208029,40447348483.1478,40450376010.9795,18.638305687852093,18.63970078521501,9.339274852012958,9.339974233284435
1.4328339983984741,40447433152.039696,40450465543.36484,18.638344703628125,18.639742042108956,9.559586001420966,9.560301892159062
1.4501148740769754,40447526187.5452,40450557281.48144,18.638387574774352,18.639784315413007,9.774678555671102,9.775410584001495
1.467604167942475,40447622083.050934,40450651280.63665,18.638431763820535,18.639827630613013,9.984676213725043,9.985423979866221
1.4853043936488803,40447718173.87655,40450747597.45462,18.638476042870924,18.639872013801615,10.189699699383526,10.190462821430147
1.5032180951663396,40447822463.71705,40450846289.88435,18.638524100061325,18.639917491681956,10.389866905777179,10.390644990409191
1.5213478471468749,40447916881.064514,40450947417.45889,18.638567607966053,18.63996409168711,10.585292877127632,10.586085576331774
1.5396962552944244,40448023279.21246,40451051041.361,18.638616636673262,18.640011842010345,10.776089954002732,10.776896942708392
1.5582659567393489,40448129210.40637,40451157224.27452,18.638665450206112,18.640060771536636,10.962367865640294,10.963188791633062
1.5770596204174525,40448236720.9913,40451266030.4868,18.63871499152889,18.64011090988986,11.144233685292813,11.14506822685397
1.5960799474535783,40448347497.44762,40451377525.98092,18.638766037778723,18.64016228747529,11.321791969820152,11.322639815350978
1.615329671549826,40448462315.5216,40451491778.4645,18.638818946422717,18.640214935492885,11.495144812353626,11.496005647454846
1.6348115593784562,40448579327.3031,40451608857.4169,18.638872865936218,18.640268885959017,11.664391881317135,11.665265395542589
1.65452841097953,40448701200.32105,40451728834.09517,18.63892902552761,18.640324171709228,11.82963048843297,11.8305163713425
1.6744830601633456,40448835985.10648,40451851781.578896,18.638991134914928,18.640380826418898,11.990955698616691,11.99185358188179
1.6946783749177292,40448947065.415215,40451977774.99594,18.639042321181215,18.640438884707258,12.14846016713448,12.149369784110235
1.7151172578202367,40449079111.84262,40452106891.5264,18.639103168721814,18.64049838213921,12.30223440070891,12.303155538230891
1.7358026464553273,40449210561.72594,40452239210.24902,18.63916374137243,18.640559355154576,12.452366885766976,12.453299259766556
1.7567375138365704,40449346613.79811,40452374812.27653,18.639226434730727,18.640621841130425,12.598943923884718,12.599887270392525
1.7779248688339402,40449484838.86469,40452513780.92056,18.639290129413844,18.640685878457113,12.742049786867685,12.743003847566705
1.7993677566062685,40449626704.58057,40452656201.72903,18.639355501723237,18.64075150655547,12.881766744850337,12.882731272985003
1.8210692590389104,40449772171.96522,40452802162.52597,18.639422533696514,18.640818765895176,13.018175126589703,13.019149879889122
1.8430324951866892,40449922689.18018,40452951753.47722,18.63949189265252,18.640887698025022,13.151353365451662,13.152338099254143
1.8652606217221832,40450076377.811874,40453105067.134865,18.63956271301048,18.64095834559339,13.281378034117814,13.282372504882431
1.88775683338942,40450236014.9692,40453262198.51156,18.63963627447369,18.64103075238251,13.408323896183884,13.409327857429865
1.9105243634630407,40450393336.138374,40453423245.177826,18.639708768719967,18.641104963353275,13.532263913647144,13.533277147389875
1.9335664842130058,40450557544.37317,40453588307.35263,18.639784436554606,18.641181024687008,13.653269325599254,13.654291637060219
1.9568865073748998,40450730732.697334,40453757487.97186,18.639864242451615,18.641258983816986,13.771409744778834,13.77244090151631
1.9804877846259143,40450900899.57739,40453930892.74075,18.639942656054668,18.64133888945262,13.886753080125995,13.887792868614476
2.0043737080665673,40451084146.47707,40454108630.22829,18.64002709698493,18.64142079162295,13.999365654996073,14.000413858048294
2.0285477107082346,40451261469.637344,40454290811.91323,18.640108808231542,18.64150474169785,14.109312204434184,14.110368619480349
2.0530132669665586,40451445366.50087,40454477552.30078,18.640193548667835,18.641590792441793,14.216655895311458,14.21772036977149
2.0777738931608125,40451639517.40257,40454668969.121765,18.640283014207387,18.641678998105625,14.321458485982903,14.322530829329782
2.102833148019282,40451834444.1491,40454865183.34256,18.64037283725945,18.641769414431163,14.423780239558623,14.424860257599414
2.1281946331907466,40452043178.99719,40455066319.20648,18.640469023141897,18.64186209867023,14.523680011544654,14.524767487709116
2.153861993762124,40452243917.9975,40455272504.38858,18.640561524504566,18.64195710965603,14.621215214033418,14.622309960300722
2.1798389187823672,40452469292.618034,40455483870.01911,18.640665378063066,18.642054507813917,14.716441959806753,14.71754375655731
2.206129141792668,40452666949.87576,40455700550.838066,18.640756459345997,18.642154355232645,14.809414921800945,14.810523630449739
2.232736441363065,40452891369.20106,40455922685.548515,18.640859872700492,18.64225671582716,14.90018749275564,14.901303040222064
2.2596646416355184,40453123194.552444,40456150416.80407,18.640966698782485,18.642361655332834,14.988811989750854,14.989934179132808
2.2869176128735367,40453358416.91365,40456383891.0375,18.641075090220667,18.642469241226497,15.075339363342124,15.076468005466918
2.314499272018431,40453593518.256744,40456623258.65948,18.641183425893203,18.642579542818012,15.15981931590379,15.160954271836859
2.3424135832522777,40453832618.44147,40456868674.36069,18.64129360424852,18.642692631389483,15.242300375807071,15.243441553792236
2.3706645585676736,40454086081.11182,40457120297.44461,18.641410400896696,18.642808580348614,15.322830000963702,15.32397727775506
2.399256258344359,40454346445.91293,40457378291.92166,18.641530378075313,18.642927465272084,15.401454540187363,15.40260774829553
2.4281927919327986,40454615036.56237,40457642826.483536,18.641654145758903,18.64304936389373,15.478219210995103,15.479378174761967
2.4574783182447963,40454888296.79348,40457914074.41807,18.641780065205065,18.643174356065295,15.553168147273722,15.55433269727918
2.4871170463512398,40455163314.47291,40458192213.86179,18.641906794490694,18.643302523872837,15.626344402011654,15.627514412131895
2.5171132360870474,40455446358.20698,40458477428.25972,18.64203722221554,18.64343395184858,15.697790026817161,15.698965396550612
2.547471198663417,40455741037.69239,40458769906.44513,18.642173011742788,18.64356872700767,15.767546130855706,15.768726732913255
2.578195297287452,40456045192.86681,40459069842.743546,18.642313167706774,18.643706938896123,15.835652857067284,15.836838532374383
2.6092899477892684,40456355702.13876,40459377437.16606,18.64245625166522,18.643848679679873,15.902149368471697,15.903339957936224
2.6407596192566607,40456663671.12663,40459692895.6511,18.642598165050238,18.643994044256207,15.967073834466989,15.968269246975535
2.6726088346774195,40456988566.77459,40460016430.23257,18.642747878310324,18.64414313033122,16.030463578789604,16.03166373323892
2.7048421715894047,40457316849.244576,40460348259.25813,18.64289915223203,18.64429603852042,16.092355072183818,16.093559868319208
2.7374642627384485,40457660662.14835,40460688607.64415,18.64305758264194,18.6444528724662,16.15278391455557,16.153993242625592
2.770479796744201,40458007899.063644,40461037707.037994,18.64321759085054,18.64461373891263,16.21178486179484,16.2129986058592
2.803893518774003,40458364833.537674,40461395796.109116,18.643382067734365,18.644778747839574,16.269391815124216,16.270609887006064
2.837710231224885,40458736988.33918,40461763120.839874,18.643553558208122,18.644948012596732,16.325637936952877,16.32686021385958
2.8719347944137956,40459115218.38306,40462139934.70324,18.643727848178724,18.645121649985487,16.38055558376036,16.381781932083022
2.9065721272761507,40459498660.01405,40462526498.93666,18.643904539670256,18.645299780385148,16.434176291080135,16.435406623822885
2.941627208072808,40459895777.75327,40462923082.79586,18.644087533169095,18.645482527869863,16.486530889108053,16.487765125884096
2.977105075105571,40460295674.60628,40463329964.021454,18.644271807295073,18.645670020423655,16.537649463705932,16.538887547478634
3.013010827441318,40460717181.98195,40463747429.24763,18.644466039639394,18.645862390128748,16.587561432231485,16.58880328755835
3.0493496256448713,40461144096.50661,40464175774.110176,18.64466276362036,18.646059773215338,16.636295528291733,16.63754105174002
3.086126692520694,40461587169.95755,40464615303.496414,18.64486693370148,18.646262310176763,16.68387977586677,16.685128868831285
3.123347313863546,40462035946.04541,40465066331.99865,18.645073731581306,18.646470145978462,16.73034153591752,16.731594106969045
3.161016839218183,40462500565.07649,40465529184.40045,18.64528782995498,18.64668343028205,16.775707520123806,16.776963489380453
3.1991406826482205,40462972953.28551,40466004196.09979,18.645505508398024,18.646902317640297,16.82000381800251,16.821263109775657
3.237724323514275,40463462658.52024,40466491713.46648,18.64573116659823,18.647126967661848,16.863255909586226,16.864518447379986
3.2767733072614837,40463965948.495964,40466992094.22962,18.645963084703347,18.64735754518976,16.90548870255048,16.9067543816141
3.3162932462165258,40464477436.61141,40467505708.00429,18.6461987805452,18.647594220544182,16.94672646463256,16.947995206431347
3.356289820394258,40465001888.43827,40468032936.79514,18.646440450118956,18.64783716975445,16.986992885565844,16.988264644321063
3.396768778314074,40465544864.58567,40468574175.48336,18.646690655776336,18.64808657478344,17.0263111502244,17.02758585998553
3.4377359378261105,40466102539.895905,40469129832.37628,18.646947634868823,18.648342623780874,17.06470390335723,17.065981473698493
3.4791971869474256,40466668310.35262,40469700329.844505,18.647208344238337,18.64860551137686,17.102193196198712,17.103473574353785
3.521158484708249,40467256011.616646,40470286104.91206,18.647479159414676,18.648875438953894,17.1388005976937,17.140083732211394
3.56362586200845,40467853632.02872,40470887609.8325,18.647754545375516,18.649152614912275,17.174547174891,17.17583301134799
3.606605422484327,40468479949.75886,40471505312.87744,18.64804315517937,18.649437255033515,17.209453533666682,17.2107419818199
3.6501033433858567,40469110084.601776,40472139699.02761,18.6483335239246,18.64972958279873,17.24353975696944,17.244830731546006
3.6941258764645224,40469763504.8493,40472791270.67464,18.6486346226807,18.650029829712068,17.27682542385638,17.278118877916718
3.7386793488718437,40470438127.51444,40473460548.46383,18.648945491598653,18.650338235689045,17.30932974371661,17.310625579136325
3.7837701640687524,40471123991.9349,40474148072.17581,18.649261540764005,18.650655049462806,17.341071404834747,17.342369545306088
3.8294048027459335,40471824085.950645,40474854401.66449,18.6495841469858,18.65098052901635,17.372068615098087,17.373369049254638
3.875589823755259,40472553255.08939,40475580117.8074,18.64992015114468,18.651314942020452,17.40233924875034,17.403641937122124
3.922331865052462,40473294319.15567,40476325823.54149,18.650261636535433,18.651658566310953,17.43190074277041,17.433205638704425
3.9696376446511854,40474058722.10716,40477092144.98066,18.650613876581144,18.652011690403732,17.460770090648495,17.46207717756404
4.017513961588521,40474858530.70033,40477879732.617874,18.650982431693166,18.65237461404864,17.488964011625445,17.490273180914166
4.06596769690221,40475664211.070946,40478689262.59666,18.651353692544554,18.652747648815414,17.516498732125587,17.51780988928202
4.115005814619619,40476487690.21588,40479521438.02216,18.65173315514486,18.65313111869782,17.543389999387305,17.544703165957337
4.164635362758645,40477346222.21412,40480376990.3956,18.65212877024513,18.653525360774644,17.569653347031924,17.570968506232074
4.214863474340702,40478223292.770195,40481256681.185974,18.652532927989633,18.65393072593396,17.59530394359481,17.596621046437548
4.265697368415905,40479129514.3186,40482161303.49862,18.652950518632124,18.65434757964199,17.620356566913017,17.621675572785172
4.317144351100639,40480064296.58037,40483091683.84749,18.65338127016961,18.654776302759785,17.644825699050976,17.64614653001658
4.369211816627631,40481015618.719635,40484048684.09966,18.65381964335115,18.655217292439264,17.668725409753563,17.670048029869008
4.421907248408684,40482002401.69786,40485033203.5484,18.654274357034133,18.655670963078485,17.69206947410592,17.693393859362164
4.4752382201102385,40483018126.45997,40486046181.028114,18.65474240721099,18.65613774729624,17.714871407701875,17.716197488911547
4.529212396741896,40484048355.44284,40487088597.41867,18.65521714099284,18.65661809708602,17.737144291272966,17.738472080274782
4.583837535758073,40485126982.42602,40488161478.50646,18.655714176773664,18.65711248513446,17.75890100343065,17.760230494339048
4.639121488172954,40486236871.20743,40489265897.56848,18.65622561812058,18.657621406012026,17.78015420747283,17.781485298753665
4.695072199688863,40487367000.74385,40490402978.24901,18.656746386491232,18.658145377498666,17.800916113181145,17.8022487754117
4.75169771183828,40488540136.79965,40491573898.14155,18.65728697244412,18.658684942234345,17.821198706281297,17.822532927789556
4.8090061631396015,40489762167.03696,40492779892.44895,18.657850089038327,18.659240669405648,17.84101384439214,17.842349488152273
4.867005790266854,40490988219.330215,40494022257.911896,18.65841505901258,18.659813156556048,17.86037288974138,17.861709924629512
4.925704929233514,40492268742.71478,40495302357.15035,18.65900512949129,18.660403031586473,17.87928696892647,17.880625448169063
4.9851120165906035,40493585292.398506,40496621623.39688,18.659611801037848,18.661010954936422,17.897767117381182,17.899107019375133
5.0452355906392325,40494949530.71543,40497981565.79681,18.660240447704084,18.661637622026312,17.915824073052256,17.917165355239465
5.106084292657776,40496350396.652565,40499383775.17689,18.660885972529396,18.6622837659157,17.933468322024137,17.93481093577338
5.1676668681438365,40497796847.81635,40500829930.30675,18.661552503215937,18.662950160188583,17.950710091120424,17.95205401054841
5.229992168071196,40499407340.29653,40502321804.9285,18.662294624820426,18.663637622192667,17.967560063960935,17.968904605154474
5.293069150161929,40500838254.89211,40503861275.583244,18.66295399619199,18.664347016645866,17.984027426848524,17.985372527586293
5.356906880173848,40502417279.35721,40505450330.2642,18.66368161720481,18.66507925962369,18.000121083447244,18.001467374568353
5.4215145332034815,40504060555.03392,40507091078.05961,18.664438845442024,18.665835323002735,18.015851043986256,18.017198537830023
5.486901395004776,40505746995.347694,40508785759.91909,18.665215964122762,18.666616239421863,18.0312265107304,18.032575210343367
5.5530768633236836,40507501515.11377,40510536760.747925,18.666024454097055,18.667423107855303,18.046256490328528,18.04760639253807
5.620050449248863,40509313477.47597,40512346622.940475,18.666859413857537,18.668257099848912,18.060949852820826,18.062300898509044
5.687831778578659,40511177942.20159,40514218061.71434,18.667718566924513,18.669119466586203,18.075315173257057,18.076667362234524
5.756430593204574,40513123275.174065,40516153982.53528,18.668614984414543,18.670011546917824,18.08936095249061,18.09071424382589
5.825856752511429,40515116696.914,40518157500.87376,18.66953356140777,18.670934776465476,18.103095463881562,18.10444983583229
5.896120234794399,40517192428.61986,40520231964.72668,18.67049006717417,18.67189069799999,18.116526794841352,18.117882269626893
5.967231138693149,40519338986.854706,40522380980.424416,18.67147921009845,18.672880973333346,18.129662963797905,18.131019521905674
6.039199684643272,40521571212.571884,40524608442.41354,18.672507828953364,18.673907397042647,18.142511818397058,18.14386942133586
6.11203621634521,40523882180.07691,40526918567.71201,18.673572732350216,18.674971912347228,18.155081062854155,18.156439655397634
6.1857512022509145,40526271375.292404,40529315935.973915,18.67467368340002,18.676076629570666,18.167378178456705,18.168737777470717
6.2603552370684294,40528768025.36133,40531805536.369156,18.675824150091294,18.67722384774311,18.179410626954446,18.180771214227907
6.335859043284609,40531344846.55656,40534392822.738815,18.677011559969586,18.678416080017122,18.19118570207428,18.192547273410618
6.412273472706223,40534032395.06578,40537083778.97866,18.678249993452727,18.679656083796647,18.202710544497364,18.204073152078607
6.489609508019627,40536841848.93196,40539884996.979576,18.67954460142921,18.680946896652305,18.213992352907322,18.215355945446962
6.567878264369249,40539753690.3455,40542803770.170876,18.680886390011533,18.682291879426533,18.22503810890994,18.226402656450293
6.647090990955133,40542798662.25277,40545848207.02479,18.682289525676715,18.683694768536906,18.23585469162276,18.23722020621123
6.727259072649714,40545970480.91539,40549027369.87643,18.683751112852075,18.685159739944982,18.24644894948713,18.24781544563904
6.808394031634124,40549305856.78061,40552351446.16665,18.685288067863745,18.686691488065698,18.25682773618776,18.258195168447063
6.89050752905422,40552778447.14855,40555831962.11282,18.686888251886522,18.688295324227745,18.266997797563906,18.268366125964164
6.973611366696582,40556429066.84018,40559482052.6945,18.688570472558933,18.689977301084102,18.276965800829327,18.27833504423736
7.057717488684729,40560253319.15549,40563316807.24373,18.69033270386341,18.691744371861464,18.28673845255352,18.288108644091775
7.142837983195795,40564291104.02692,40567353718.31831,18.692193331854067,18.693604597202913,18.29632249566404,18.29769366505553
7.228985084197899,40568534984.0244,40571613275.00579,18.694148929332318,18.69556741856484,18.305724688988533,18.307096894411327
7.3161711732084855,40573046701.60985,40576119761.95393,18.696227947480317,18.697644026413503,18.314951929921005,18.316325203166787
7.404408781073854,40577828080.413445,40580902359.14026,18.6984312266344,18.699847867003395,18.324011297467518,18.325385591547235
7.493710589770156,40582911593.428894,40585996695.7316,18.70077373048455,18.70219535840214,18.33290989113553,18.334285247910753
7.58408943422613,40588352224.83637,40591447111.945786,18.703280795968702,18.704706932765742,18.34165512036601,18.343031627119284
7.67555830416779,40594208212.541916,40597310071.54276,18.705979259355136,18.707408608828626,18.350254837201792,18.351632558064786
7.768130345985381,40600531402.985794,40603659541.32201,18.70889301169825,18.71033447079831,18.358717308358173,18.360096396704577
7.861818864622859,40607448055.45037,40610595946.872665,18.71208023379824,18.713530795202168,18.36705157934651,18.36843225383896
7.956637325490131,40615086517.95701,40618262167.19699,18.71560006895488,18.717063421276155,18.37526787125112,18.376650353917693
8.052599356398389,40623646973.13314,40626874928.61053,18.719544762151923,18.721032217404012,18.383377958680658,18.384762644526344
8.149718749518765,40633469783.675026,40636795336.419754,18.724071153929366,18.725603582406432,18.391396292509874,18.39278394908822
8.24800946336461,40645179387.52553,40648725209.269035,18.729466987877302,18.731100917221216,18.399342257038235,18.40073455309778
8.3474856247977,40660271680.50504,40660675001.10134,18.7364215789848,18.73660743078587,18.407246379963834,18.40862714415137
8.448161531058608,40685542008.80106,40667035983.7303,18.748066250917,18.73953859792438,18.415183898010923,18.416432514609596
8.550051651821585,40690828156.63758,40667768132.993454,18.75050212973188,18.73987597533693,18.423099504891113,18.42409149653115
8.653170631274223,40680476462.155334,40667229606.48292,18.745732026044422,18.739627820090647,18.430799414223987,18.431570038802395
8.757533290222188,40700937209.78362,40666702032.138435,18.755160423286753,18.739384711647837,18.438373088761562,18.438865581922006
8.863154628219347,40703877397.58171,40666188820.00815,18.75651527400047,18.739148221372805,18.445894493343417,18.44598259976102
8.970049825723585,40691551675.32763,40665658533.35214,18.750835530140602,18.738903863085614,18.453185970658375,18.45292530606875
9.078234246278617,40697076283.18364,40665121141.157,18.753381292320014,18.73865623053656,18.4602681590698,18.459697698933333
9.187723438722127,40697239238.647705,40664584348.593544,18.75345638287271,18.73840887430027,18.467213428674558,18.4663037781238
9.298533139420517,40683389815.6658,40664038199.776184,18.747074511407277,18.738157206663434,18.47391898446251,18.472747435783784
9.410679274530622,40684148113.268364,40663479370.309814,18.747423938082918,18.73789969573102,18.480394691889053,18.479032399569814
9.524177962288718,40703597429.54667,40662914847.28096,18.756386263570477,18.737639561181435,18.48682789582358,18.485162329154267
9.639045515327101,40679377024.297134,40662346769.257904,18.745225400526202,18.737377788475797,18.49308121312497,18.491140847160327
9.755298443018628,40691745850.160675,40661771698.0311,18.750925006707817,18.73711279327291,18.499122881870935,18.496971483108
9.872953453849549,40682537858.062035,40661189661.70112,18.746681925815203,18.736844588521638,18.505037960523012,18.50265766439552
9.992027457820912,40693802137.014046,40660599410.511505,18.751872552205665,18.736572598329026,18.510824794751404,18.508202730509534
10.112537568878977,40690117222.47231,40659999892.370964,18.750174528324294,18.736296337887048,18.516515412384315,18.513609929259797
10.234501107374921,40710449762.33434,40659392711.52216,18.759543846896978,18.73601654643737,18.522162868301667,18.518882434610525
10.357935602554209,40703724070.464836,40658779551.12547,18.756444620230035,18.735733999587257,18.527749915385236,18.52402336327638
10.48285879507597,40693789974.20853,40658159185.403854,18.75186694753451,18.73544813249358,18.533113550601204,18.529035760533
10.60928863956282,40696791499.49782,40657531348.790375,18.753250062818196,18.735158822781997,18.53831269256061,18.533922591398667
10.737243307181362,40692365575.224884,40656894398.74193,18.751210578583905,18.734865313561837,18.54338063923762,18.538686740184364
10.866741188253847,40703766541.21823,40656248857.26926,18.756464190929083,18.734567845377814,18.548367109266387,18.543331016820826
10.997800894901342,40676812656.227776,40655596290.01233,18.744043729099882,18.734267139683308,18.55314928817911,18.547858176096373
11.130441263718758,40699706567.684135,40654936116.92998,18.754593338310784,18.73396292919295,18.557797637809408,18.552270912843266
11.264681358482123,40686854367.71735,40654265571.24278,18.748670991340568,18.73365393896332,18.562389504167264,18.556571839707757
11.400540472888565,40684174409.821526,40653586193.66057,18.74743605564352,18.733340878959893,18.566788129409428,18.56076350088609
11.538038133329287,40717905191.3758,40652901149.75346,18.76297933947486,18.733025207890492,18.571253229894033,18.564848406040998
11.677194101695985,40682304311.94017,40652208257.71198,18.74657430679505,18.732705920368264,18.575600067439247,18.56882901057182
11.818028378221166,40685464728.2498,40651503739.31816,18.748030639718934,18.73238127537473,18.579668108165038,18.572707679119244
11.960561204352672,40674601512.306725,40650789073.57767,18.743024824823934,18.73205195444183,18.583597264081334,18.576486707922843
12.104813065662881,40657223526.549,40650067117.8833,18.735016977018372,18.731719274267988,18.587278959617187,18.58016836253607
12.250804694792999,40686789076.71487,40649336584.02604,18.74864090497623,18.73138264124116,18.590941492683115,18.583754863267337
12.39855707443289,40669318857.778305,40648594729.10542,18.74059055573989,18.731040791421457,18.594581738803704,18.58724835577001
12.548091440336803,40679502275.93675,40647842663.31616,18.74528311700045,18.730694236391194,18.59809686980111,18.590650926076815
12.699429284375467,40714389565.049225,40647082512.37339,18.761359324304117,18.73034395568871,18.60177555401404,18.593964628495502
12.852592357625056,40697788657.50806,40646312685.87239,18.7537095573589,18.729989216448928,18.605465217647897,18.59719147146409
13.007602673493352,40702948517.36568,40645533016.59529,18.7560872421501,18.72962994161715,18.60900572602694,18.60033340628943
13.164482510883603,40694643453.6597,40644743560.128105,18.752260234400172,18.729266156807654,18.61244474432593,18.603392337446362
13.32325441739661,40691421587.12509,40643943856.38178,18.75077558495813,18.72889765000949,18.61573953111517,18.60637012206439
13.483941212571365,40693878582.446236,40643133800.375145,18.751907778577404,18.728524372846902,18.618952269165792,18.609268570201422
13.646565991164776,40677189472.20865,40642313525.33605,18.744217367464397,18.72814638671184,18.622010577286055,18.612089449193814
13.811152126471006,40679034752.385086,40641483092.925514,18.745067680211662,18.727763720017947,18.624916007971372,18.614834485568057
13.977723273680795,40679778421.738174,40640641728.800316,18.745410366129363,18.72737601594467,18.627766699895595,18.61750536102852
14.146303373281274,40687365985.4122,40639789090.53022,18.748906746893148,18.726983116698733,18.630595554938427,18.620103711355036
14.316916654496875,40695845005.1679,40638926010.914,18.7528139143112,18.72658540603726,18.633445120164343,18.622631136288103
14.489587638771654,40683813787.991554,40638051902.81116,18.747269879610805,18.726182613403477,18.63620711283731,18.625089198961994
14.664341143293623,40684756866.74708,40637166505.180664,18.74770445420697,18.7257746185086,18.638843567351465,18.627479420858283
14.84120228456165,40673196938.351776,40636270387.72173,18.742377591328655,18.725361683872386,18.64135919690817,18.62980328912397
15.020196481995317,40673730270.54626,40635361238.49725,18.742623353012586,18.724942744144634,18.64375543219844,18.63206224606833
15.201349461588306,40684033024.51216,40634439830.05896,18.747370904707434,18.72451815532039,18.6461543663067,18.634257691527736
15.384687259605924,40697080610.74955,40633507722.78783,18.753383286480307,18.724088636429666,18.648624016224357,18.636391004934367
15.570236226327143,40676387908.94054,40632563521.19486,18.743848003790895,18.723653544425353,18.650992319819412,18.63846353384251
15.758023029831811,40685789175.599625,40631607188.10204,18.74818014640138,18.723212862175668,18.653243862886796,18.64047658610455
15.948074659833509,40659564546.295105,40630638155.97595,18.73609572861237,18.72276632815886,18.655349064553064,18.642431435269234
16.14041843155869,40696346014.94478,40629656468.45412,18.753044781691248,18.72231396248328,18.65746407774074,18.644329321872906
16.335081989672556,40682486302.103355,40628662564.565155,18.74665816861593,18.721855967455138,18.65965244705637,18.646171459709027
16.532093312252265,40688156660.03589,40627655797.283264,18.749271093034206,18.721392044922265,18.661744906290274,18.647959032643193
16.731480714808132,40670528716.42879,40626635633.237564,18.741148063616485,18.720921949105144,18.663721756974837,18.649693190053462
16.933272854353273,40673502114.20331,40625602388.516495,18.74251821762488,18.720445825658643,18.665572452751334,18.651375052928802
17.13749873352231,40676309411.5155,40624556030.81081,18.743811831852355,18.71996365969452,18.667410851516248,18.653005717237605
17.34418770473983,40680018994.878914,40623495292.50643,18.745521223228913,18.719474867090973,18.669241298135578,18.654586245846563
17.553369474439055,40691591492.991615,40622420546.94704,18.750853878285067,18.7189796198863,18.671112054814824,18.656117671613362
17.765074107331372,40676849239.21149,40621332318.81083,18.74406058669028,18.7184781598544,18.672920326354763,18.657601007832355
17.979332030727445,40692345691.85104,40620229929.10007,18.751201416242896,18.71797017411029,18.674690863013435,18.659037242909392
18.196174038910378,40680850446.50637,40619113029.78278,18.745904359582184,18.71745550227941,18.676440410461737,18.660427336237863
18.415631297561585,40691534542.355,40617981497.18941,18.75082763519586,18.716934087374305,18.67814480593617,18.661772221913893
18.637735348240156,40682640761.3556,40616835211.42393,18.746729344079036,18.716405874146396,18.679817953323077,18.663072810573794
18.862518112916142,40686258936.99004,40615673861.11827,18.748396614395535,18.715870719115987,18.68142307262771,18.664329988918904
19.090011898558522,40668970230.45089,40614497431.27876,18.74042990682363,18.715328615373927,18.68291485723843,18.665544620871213
19.320249401778593,40690785931.62213,40613305626.92846,18.750482672269893,18.714779426993623,18.684397289519545,18.666717548183676
19.553263713529255,40682125601.77373,40612097983.86232,18.74649195641025,18.71422294006747,18.68591541355385,18.667849588516987
19.789088323861044,40699160076.247894,40610874419.71698,18.754341512793747,18.71365911664208,18.687444122665493,18.668941537188953
20.027757126735455,40694453469.65941,40609634932.16857,18.752172688986047,18.713087955646618,18.68900319591554,18.669994170215237
20.269304424896426,40761407578.87501,40608379229.57253,18.78302541979331,18.712509322690053,18.69086746321559,18.671008243612157
20.513764934800466,40673356499.42859,40607106828.25762,18.742451117733648,18.711922994894678,18.69256733020794,18.671984491246214
20.76117379160629,40669065724.12484,40605817604.56049,18.740473910704058,18.711328915275907,18.693725604238587,18.672923626293844
21.011566554224647,40680258722.07162,40604511365.99517,18.745631690512106,18.71072699513541,18.69489462004403,18.673826343307063
21.264979210429043,40691325764.21964,40603187819.135765,18.750731429366464,18.710117099261318,18.69615744513971,18.67469331772699
21.52144818202804,40682853300.130974,40601846874.83401,18.746827282826928,18.709499186573744,18.697403875177237,18.675525206910688
21.78101033010006,40705098637.1833,40600488234.84146,18.75707802626647,18.708873119638568,18.698696961262183,18.676322650519747
22.043702960291224,40680070266.83963,40599111549.31305,18.745544849560748,18.708238737245733,18.699942673458757,18.67708626952165
22.309563828177094,40680773627.793335,40597716585.163666,18.745868961201083,18.707595931988656,18.701026933038502,18.677816666993838
22.578631144689147,40701578045.55198,40596303228.215126,18.755455723062738,18.706944651253554,18.702203565440513,18.678514429834102
22.85094358160664,40661530236.42345,40594870940.59572,18.73700152676413,18.706284647186923,18.70324528753451,18.67918012746238
23.126540277114675,40669080766.52863,40593419471.308846,18.74048084230602,18.70561580412848,18.704086495920336,18.679814311511294
23.405460841429427,40687227954.41105,40591948831.94264,18.74884314163618,18.704938127418096,18.70504839582188,18.680417519246042
23.687745362491093,40652246830.73495,40590458540.56514,18.73272369497699,18.704251394979515,18.70589387788348,18.68099027261947
23.9734344117255,40686924849.66513,40588948326.88356,18.748703469714,18.703555482260715,18.70671995366872,18.681533077119212
24.26256904987534,40692921576.00589,40587418018.977036,18.75146678604639,18.70285031003984,18.707747548476142,18.682046423846344
24.555190832901552,40699334033.932915,40585867269.21127,18.754421673215425,18.70213571812557,18.70881854856392,18.682530789425066
24.851341817956033,40684279449.05807,40584295761.019554,18.74748445815872,18.701411560642654,18.709816298103693,18.682986635562877
25.15106456942623,40659132306.4958,40582703131.40027,18.73589655072279,18.700677670318445,18.71057063228812,18.68341440931756
25.454402165052805,40690700731.120255,40581089116.61576,18.750443411525783,18.699933925621536,18.711344002128595,18.68381454373742
25.76139820212097,40661929989.9922,40579453628.50951,18.73718573486413,18.699180285929035,18.712112346696788,18.684187459695924
26.072096803726463,40701410628.41072,40577796305.101944,18.755378576550715,18.69841658443927,18.712923182437194,18.68453356562925
26.38654262511724,40628119013.76206,40576116215.41765,18.721605496994037,18.697642392154897,18.71352655626075,18.684853253220556
26.70478086011153,40697533636.145256,40574413401.89419,18.753592042458788,18.696857728631333,18.71409914132882,18.68514690005499
27.02685724759327,40664305243.32231,40572688059.19242,18.738280261435413,18.6960626835691,18.71485232986174,18.685414876071253
27.35281807808605,40649590879.00951,40570939323.268265,18.73149982142267,18.695256858813114,18.71532657765972,18.685657538754953
27.68271020040616,40664542038.94997,40569166612.63042,18.73838937784129,18.69443998640977,18.715791852915427,18.685875229240846
28.016581028395926,40672229828.204575,40567369945.96131,18.741931942967675,18.693612074968012,18.716369445125913,18.686068277529042
28.354478547738374,40650158339.07483,40565549101.69736,18.731761309370825,18.69277302239042,18.716853864017384,18.686237004686042
28.696451322853907,40665730145.84584,40563703552.0693,18.73893686241928,18.691922585478736,18.717292558436764,18.68638172007136
29.042548503880234,40686191148.626,40561832959.726814,18.74836537723665,18.691060608780532,18.717917709417886,18.686502720999087
29.39281983373656,40666943081.50935,40559936936.38547,18.739495788196226,18.690186913372735,18.718533371149306,18.686600293776753
29.747315655272857,40695368493.656,40558015089.380356,18.752594335833113,18.689301318313728,18.719186102426946,18.68667471366571
30.10608691850536,40674799747.001495,40556067043.31336,18.74311617219224,18.688403650618508,18.71986465293275,18.686726245213844
30.469185187939466,40858480632.8072,40554092440.20802,18.827757085059215,18.687493745330038,18.721424180436813,18.68675514269878
30.8366626499808,40709856094.88975,40552090885.75287,18.75927028247992,18.686571420747953,18.723127246808662,18.686761650266195
31.208572120435743,40642226412.93384,40550061874.93106,18.728106244956134,18.685636444158412,18.723612161258608,18.68674600136478
31.58496705210235,40660772780.52935,40548005167.29255,18.736652487951236,18.68468870476103,18.72382047887856,18.686708419851858
31.965901542452947,40701910776.97358,40545920397.15158,18.755609047079773,18.683728034046297,18.724350395583155,18.686649120968358
32.35143034140928,40631349762.87371,40543806680.9577,18.723094239564364,18.682754024870512,18.724703493237108,18.686568308019723
32.74160885921138,40674718791.359955,40541663808.56804,18.743078867497356,18.68176658039896,18.724903521973797,18.68646617354668
33.13649317438156,40671483638.09502,40539491633.34798,18.741588095474953,18.680765633061807,18.725316363057672,18.686342903582887
33.53614004178425,40652335401.79591,40537289519.15088,18.73276450888869,18.679750889720047,18.7255967197132,18.686198675465562
33.94060690078302,40669036729.04013,40535057007.831764,18.740460549648944,18.67872213925858,18.725858250425453,18.68603365636302
34.34995188349621,40668529144.352066,40532793649.405556,18.740226652522598,18.67767917432241,18.726201417701176,18.68584800452612
34.764233823151955,40676944124.674484,40530498974.277016,18.744104310304586,18.676621778520115,18.72657991028196,18.68564186943624
35.1835122625439,40636681807.265,40528172495.80992,18.725551267701757,18.675549727607706,18.726773999909113,18.68541539181294
35.60784746258914,40691359080.0247,40525813733.17175,18.750746781427406,18.674462800015565,18.727045283642276,18.685168703761036
36.03730041098919,40660957678.042305,40523422194.01465,18.73673768949093,18.67336076886776,18.727439869582696,18.684901928942942
36.4719328309954,40664532184.95274,40520997374.796364,18.738384837078563,18.672243402129936,18.72767978047317,18.68461518265469
36.91180719028024,40655593401.24574,40518538763.009636,18.734265808527702,18.67111046363663,18.727884316368435,18.68430857191422
37.356986709915475,40662803677.02305,40516045861.93223,18.737588333466192,18.669961724496172,18.72807509954108,18.683982195695524
37.807535373458514,40651047290.62737,40513518167.70981,18.7321709419277,18.668796952530403,18.728235926560416,18.683636145165703
38.26351793614863,40660409593.50792,40510955149.31715,18.736485129867674,18.667615903040698,18.728380565869006,18.68327050368202
38.724999934213855,42026480679.47025,40508356193.70653,19.36597634366406,18.666418293532125,18.73607416209528,18.682885346379102
39.19204769429011,40593982224.73714,40505720709.113205,18.705875123238798,18.665203851317045,18.74313131118938,18.682480740035558
39.66472834295417,40623454419.51129,40503048187.17024,18.719456032645542,18.663972342137868,18.742410487769053,18.682056743845404
40.143109816371364,40690784950.764656,40500338083.52899,18.750482220286706,18.66272351515648,18.742236391654558,18.68161340985266
40.62726087005974,40638168472.91594,40497589801.29221,18.72623632939052,18.66145709532016,18.74214281420749,18.681150782636983
41.11725108877194,40641897706.73207,40494802751.62315,18.72795477577707,18.660172811290497,18.741786439667603,18.680668899249625
41.61315089649633,40636115556.78924,40491976343.48392,18.72529033713748,18.658870390714778,18.741426990941285,18.680167789423432
42.11503156657874,40641971436.20366,40489109923.08459,18.72798875062292,18.657549532323902,18.741076841457225,18.679647475389732
42.62296523196612,40639081211.98452,40486202874.885735,18.726656923333298,18.656209952474754,18.74075088990529,18.67910797192558
43.13702489557402,40667484379.211945,40483254579.08023,18.739745220419284,18.65485136555764,18.74057295055419,18.67854928671449
43.65728444077888,40658707418.26869,40480264368.51595,18.735700760468127,18.653473464146096,18.740505142716138,18.67797142023135
44.18381864203688,40631653975.58636,40477231585.45032,18.723234422042204,18.652075945149623,18.74024275817821,18.677374365707987
44.71670317563108,40639017087.25801,40474155563.93396,18.726627374393757,18.650658501695986,18.739880233730553,18.676758109310747
45.25601463054789,40576155020.349625,40471035613.63782,18.697660273628255,18.649220815678703,18.739221051694326,18.6761226301295
45.80183051948482,40657315434.15431,40467871040.581085,18.73505932842352,18.647762567308543,18.73868208331483,18.67546790019294
46.35422928999115,40640212877.72437,40464661164.269745,18.72717839959285,18.64628344301104,18.738502337517012,18.674793884690143
46.91329033574276,40616133572.74302,40461405249.11134,18.7160825561365,18.64478310382215,18.738101825089167,18.674100541903208
47.479094007952895,40591704391.611374,40458102498.61921,18.704825488301132,18.643261182717513,18.73744599983112,18.673387822737535
48.05172162692088,40651602196.47124,40454752211.64625,18.732426644838615,18.641717356605646,18.737002081782215,18.67265567108976
48.631255493719785,40664349873.679474,40451353671.92359,18.738300827288825,18.640151295426886,18.736963683543504,18.67190402444806
49.21777890202509,40656614514.47838,40447906064.90545,18.73473634173409,18.638562623835163,18.736952885249956,18.671132813422226
49.811376150086275,40613955745.457016,40444408604.77749,18.715079004303952,18.636950979723977,18.736666116818817,18.6703419615312
50.41213255284251,40617288679.84957,40440860501.31509,18.716614834274907,18.635315998954546,18.736172981819458,18.66953138550273
51.02013445418457,40629956260.147,40437260929.7354,18.722452107736906,18.633657301463522,18.73577917650889,18.668700995220547
51.6354692393646,40662382325.20983,40433609049.40532,18.737394172805697,18.63197449988369,18.735641497509203,18.667850693611992
52.2582253475557,40674298861.721825,40429904029.5198,18.742885362181028,18.63026721137664,18.735748459485254,18.666980376780764
52.8884922845628,40736682116.44505,40426145006.90934,18.771631824308677,18.628535038190297,18.736260114233104,18.66608993404421
53.526360635686835,40592669130.18051,40422331081.82232,18.705270043829117,18.62677756571538,18.736307306573963,18.665179247717596
54.171922078744295,40610261747.28927,40418461363.59924,18.7133767946501,18.62499438353231,18.73566858561576,18.664248193131453
54.825269397243595,40687157910.1445,40414534922.50047,18.748810864948076,18.623185063213214,18.735562717503356,18.66329663863177
55.48649649372027,40680977403.35058,40410550835.65144,18.745962861821766,18.621349179493663,18.73584265045678,18.662324445571112
56.15569840323338,40640634766.015495,40406508207.73111,18.72737280746459,18.619486319806015,18.73586088053675,18.661331468662922
56.83297130702432,40638245891.83553,40402406072.15513,18.726272004349287,18.617596038744207,18.735646664731252,18.660317555896913
57.51841254634043,40673199097.1118,40398243430.93726,18.742378586094212,18.61567787643204,18.73561650279075,18.659282548139295
58.21212063642555,40639747452.87413,40394019279.28263,18.72696392989437,18.613731369855874,18.73559301371247,18.658226279093764
58.91419528067912,40611871707.02317,40389732585.1553,18.714118670762897,18.61175604344928,18.735235499588054,18.65714857528465
59.6247373849859,40630158534.98962,40385382324.74551,18.722545316822075,18.609751425436475,18.734835623625532,18.65604925612442
60.34384907221895,40588406678.80827,40380967458.11531,18.703305888584467,18.607717036609753,18.734315169894046,18.65492813403816
61.07163369691718,40595879279.229095,40376486910.19102,18.706749293805068,18.6056523815707,18.733621539237355,18.65378501434874
61.808195860139854,40672177225.4597,40371939571.3913,18.74190770340499,18.603556949019644,18.73340386693896,18.652619695064892
62.553641424500675,40803454994.205666,40367324315.51044,18.80240104291094,18.601430219996335,18.734326231195478,18.65143196677601
63.308077529382736,40617215367.21243,40362640024.42361,18.7165810515081,18.599271679264213,18.73491633697111,18.650221612782058
64.07161260633724,40594151328.48095,40357885542.36531,18.705953046944266,18.59708079424175,18.734355288360597,18.648988409103445
64.84435639466776,40622600748.51761,40353059670.92699,18.7190626575163,18.594857012697325,18.733838614359335,18.647732124215082
65.62641995720267,40582366036.62026,40348161201.2995,18.700522335647786,18.59259977760668,18.73326760231097,18.64645251893665
66.41791569625771,40614394728.57491,40343188936.42948,18.715281289542666,18.590308537362663,18.73266768932962,18.645149346622087
67.21895736979077,40620883840.38394,40338141629.463104,18.71827149913798,18.58798271740987,18.73229140843176,18.6438223531268
68.02966010775216,40554123452.762726,40333017987.316284,18.687508036043678,18.585621721889794,18.73159264653675,18.642471276461215
68.85014042863149,40614609661.84986,40327816712.751625,18.715380331685875,18.583224953030076,18.730880354602203,18.641095846703003
69.68051625620426,40628008360.78818,40322536470.0432,18.72155450764542,18.580791795322675,18.730586708361333,18.639695785951123
70.52090693648064,40609094156.47978,40317175904.678986,18.71283876396968,18.578321624602843,18.73026885470376,18.63827080820285
71.37143325485853,40611468797.32418,40311733677.98331,18.71393300830501,18.575813824003284,18.729868944658488,18.636820619530774
72.23221745348323,40598350899.4395,40306208412.048775,18.70788822663388,18.573267758578563,18.729419358737253,18.635344918141023
73.10338324881701,40673577654.62064,40300598653.25295,18.742553026962028,18.570682758493447,18.729322344680536,18.63384339393098
73.98505584942022,40725330529.79114,40294902936.39103,18.766400966167605,18.56805814857549,18.729919996760106,18.63231572821172
74.87736197394675,40698849228.57514,40289119787.03874,18.75419827289881,18.565393249403883,18.73063887793117,18.63076159379796
75.78042986935695,40598851378.01682,40283247690.97236,18.70811884923497,18.56268736321806,18.73064791822695,18.629180654940775
76.69438932934987,40490702306.27415,40277285101.67533,18.658283309092276,18.559939777376794,18.729520279050693,18.627572567137214
77.61937171301778,40572132741.83014,40271230463.89299,18.695806791028794,18.557149775212288,18.728279711355,18.625936977114453
78.55550996372601,40568046608.68029,40265082176.6886,18.693923883951218,18.554316619006265,18.727487931332895,18.624273522739372
79.50293862822011,40669114606.42023,40258838582.18561,18.74049643586821,18.55143954480235,18.72724773947517,18.622581832667873
80.4617938759637,40576906889.891426,40252498032.11326,18.698006738226876,18.54851779307054,18.727055279277355,18.62086152630692
81.43221351870939,40630491420.36467,40246058832.57411,18.722698711781497,18.545550583255896,18.726661319156264,18.61911221383523
82.41433703030589,40564375883.28991,40239519233.17923,18.692232398489555,18.54253710877193,18.726204373849708,18.617333495864127
83.40830556674398,40522023186.03012,40232877485.27221,18.6727161001947,18.539476563830544,18.72516694314985,18.615524963367204
84.41426198644395,40573291169.004105,40226131796.68259,18.696340599068016,18.536368122592155,18.724205819619495,18.613686197679108
85.4323508707883,40591581599.62681,40219280322.07573,18.70476890524612,18.53321093471893,18.723646081961785,18.611816770195855
86.46271854490156,40565842336.24559,40212321186.48648,18.692908146084633,18.530004136219155,18.723057504362842,18.609916242159112
87.50551309868081,40538431425.83934,40205252485.69249,18.68027708505113,18.526746849619286,18.722192688995765,18.607984164575363
88.56088440808018,40540390771.41612,40198072269.98486,18.681179959607256,18.523438176485392,18.72121039278215,18.606020078049838
89.62898415665175,40516291819.937485,40190778515.60217,18.670075062963594,18.520077184259822,18.72012966421527,18.604023512379484
90.70996585734608,40536310637.56249,40183369179.09212,18.679299817030223,18.5166629313113,18.71905371160369,18.601993986299142
91.80398487457624,40425716261.363205,40175842260.566154,18.62833747046705,18.513194496082896,18.7175045574386,18.59993100787594
92.91119844654749,40522539976.2744,40168195683.84903,18.672954239279477,18.50967092186446,18.715923723177333,18.597834074579563
94.03176570785615,40588607913.45643,40160427255.86417,18.70339861834372,18.50609119807722,18.71526850185176,18.59570267247739
95.16584771236167,40484177740.92321,40152534769.73689,18.655276762358024,18.502454307784184,18.714413819662838,18.593536275794605
96.31360745633391,40482625109.156235,40144515994.12267,18.654561303209803,18.49875922277256,18.713004230872276,18.591334346985505
97.47520990187972,40567735535.83605,40136368643.4388,18.69378054029633,18.49500488983636,18.712086985084692,18.58909633658176
98.65082200065248,40554871555.17741,40128090391.89223,18.68785276473452,18.491190237240524,18.711582631926003,18.5868216829598
99.84061271784705,40584908675.28014,40119678848.938354,18.70169399407223,18.487314163412197,18.711185373461564,18.584509812055
101.04475305648423,40588517917.94721,40111131585.665955,18.703357148040368,18.483375549099026,18.71098032533711,18.58216013709446
102.26341608198875,40438737116.19236,40102446149.21199,18.634337534296304,18.479373264011564,18.709977218704896,18.57977205855835
103.49677694706244,40588288159.831856,40093620006.93271,18.703251274549302,18.475306141097086,18.709006417430537,18.57734496391386
104.74501291685849,40524723551.00045,40084650576.11151,18.673960439556197,18.471172990229082,18.708521011808198,18.574878227215635
106.00830339445916,40592074765.542816,40075535224.53111,18.704996158142592,18.46697259847093,18.708072059584946,18.572371208880043
107.28682994666,40495936872.034424,40066271261.13501,18.660695418672805,18.46270372577265,18.707471258439135,18.569823255416566
108.58077633006585,40439412806.881355,40056855950.5975,18.634648895364066,18.458365111684824,18.70605266122809,18.567233699194958
109.89032851750162,40486309489.43758,40047286506.79488,18.656259080901773,18.453955472350117,18.70461850465795,18.564601858261092
111.21567472474072,40532427045.50906,40037560070.59195,18.677510241728672,18.44947349026718,18.703726031336483,18.561927035999716
112.5570054375567,40566925125.43248,40027673714.16144,18.693407099826167,18.444917816281095,18.703294373645377,18.559208520708474
113.91451343910114,40482332641.65052,40017624472.04606,18.654426532971957,18.440287083896852,18.702595598867966,18.556445585375975
115.28839383761098,40466631886.57382,40007409316.63541,18.64719156001022,18.43557989797904,18.70136816902308,18.553637487499028
116.67884409445062,40425307300.65576,39997025144.83145,18.62814901967941,18.430794828607237,18.699857700115377,18.550783468697862
118.08606405249265,40483599611.14744,39986468786.52167,18.655010357763107,18.425930414980467,18.69847889703934,18.54788275431472
119.51025596483952,40630940680.730446,39975737023.11603,18.722905732818592,18.420985173959107,18.698258152017562,18.54493455316968
120.95162452389278,40538676204.50151,39964826550.05548,18.680389880072376,18.415957582788668,18.69833544010597,18.54193805721696
122.410376890773,40678713012.01778,39953733968.906845,18.744919420917963,18.410846075457062,18.698679269831278,18.538892440962545
123.88672272509324,40427035633.71187,39942455889.51596,18.628945442709302,18.405649089767216,18.698392731334177,18.535796861413715
125.38087421509283,40513079404.27141,39930988813.83261,18.668594768520915,18.4003650138031,18.697219897863974,18.532650457945987
126.89304610813464,40512509694.64671,39919329119.23823,18.668332243966486,18.39499217824708,18.696538588835697,18.529452351451397
128.42345574156886,40401567748.11487,39907473171.41578,18.617209735554656,18.38952890839081,18.69526110815867,18.526201644036266
129.97232307397022,40445640639.19835,39895417232.44202,18.6375187062874,18.38397348178378,18.69365395143831,18.522897418833832
131.53987071675215,40458734938.34864,39883157460.85463,18.64355261356399,18.378324128264246,18.692395912483327,18.519538739323053
133.12632396616075,40438209800.308846,39870689959.95733,18.634094544953378,18.372579052218427,18.691126016440133,18.516124648929132
134.731910835656,40298164581.03735,39858010777.964226,18.569561127936144,18.366736432647016,18.689005800447788,18.512654170896422
136.3568620886835,40385929827.446945,39845115852.75424,18.6100037169487,18.360794397707796,18.686657892704204,18.50912630786175
138.00141127184006,40468470919.457375,39832001006.23417,18.648038993979046,18.354751022118116,18.68529508071871,18.505540041107107
139.66579474844085,40390093271.37422,39818662003.53528,18.611922249152688,18.348604354432926,18.68398201766103,18.50189433012459
141.35025173249107,40360703926.41402,39805094517.16139,18.598379517283323,18.342352400524064,18.682113405370572,18.49818811231589
143.05502432306622,40417204572.3057,39791294115.99116,18.624415248899428,18.335993118512462,18.680439864931138,18.494420302444084
144.78035753910876,40342091997.31595,39777256289.58935,18.58980306327633,18.329524429970892,18.678700071504874,18.490589792172102
146.5264993546428,40433050807.888794,39762976410.470146,18.631717259881,18.322944202534718,18.677093429606455,18.486695449536953
148.2937007344144,40266130483.88632,39748449766.53662,18.55479968330439,18.316250264850165,18.675101767768318,18.482736118409715
150.0822156699622,40353737382.77031,39733671547.783485,18.595169305121374,18.309440400446874,18.672732676858075,18.478710618071325
151.8923012161215,40390674797.144135,39718636808.72584,18.612190218635767,18.30251233042492,18.67109789829871,18.47461774251994
153.72421752796987,40354592886.584045,39703340515.436966,18.59556352482169,18.29546373513003,18.669504131263604,18.47045625984917
155.57822789821867,40218932670.33865,39687777547.34613,18.533050735358735,18.288292254982004,18.667007387218117,18.466224911906163
157.45459879505376,40244485814.74138,39671942659.73877,18.544825730124145,18.280995473194647,18.663974035821184,18.46192241376154
159.35359990043426,40272151629.076065,39655830473.37863,18.55757425194352,18.273570910993616,18.661303122075406,18.4575474529315
161.2755041488532,40371495388.51158,39639435480.10872,18.603352267709155,18.266016030197356,18.659391131572736,18.45309868859281
163.22058776656405,40340995109.51869,39622752074.888535,18.589297612836756,18.258328247979996,18.65789598265264,18.448574751022612
165.189130311282,40177354338.07161,39605774554.2433,18.51389126765946,18.250504936156737,18.655372154525153,18.443974241216967
167.1814147123639,40324426496.223885,39588497036.88139,18.581662727214002,18.242543384604044,18.65282784487186,18.439295730073965
169.1977273114714,40281554036.818726,39570913525.507126,18.561906920370046,18.23444082974322,18.65090638786075,18.43453775750499
171.23835790372596,40099797837.79325,39553017947.85963,18.478152911142214,18.22619447345132,18.64779974292653,18.429698832127734
173.30359977936027,40193055874.00218,39534804043.97829,18.521126600441896,18.217801431112562,18.644292619047,18.424777430570163
175.3937497658705,40290389399.24786,39516265379.03078,18.56597829196776,18.209258737529563,18.64190908879279,18.419771996249644
177.5091082706783,40145273006.13223,39497395437.02151,18.499108057041617,18.200563390104566,18.6393132663279,18.414680938765244
179.64997932430765,40154181420.17198,39478187560.87348,18.50321309112404,18.191712321228927,18.63604047325784,18.409502633483843
181.81667062408056,40211665123.57535,39458634902.189804,18.529701819712717,18.182702375132994,18.633209218394143,18.404235420535024
184.00949357834142,40208207538.85161,39438730465.22217,18.528108550352933,18.173530328146974,18.630737956022124,18.398877603798688
186.22876335121506,40187167602.22248,39418467113.59412,18.518413260420388,18.16419289179904,18.62819094389739,18.393427450192117
188.4747989079024,40115062568.32172,39397837559.28819,18.485186962186393,18.15468670774057,18.62519415957599,18.387883188949925
190.74792306052458,40162390118.75069,39376834334.1318,18.506995693424237,18.145008334606697,18.622137030971984,18.382243010704723
193.04846251451977,40133119833.12478,39355449793.0442,18.493507824589184,18.13515424951256,18.61924839299839,18.376505066452747
195.37674791559772,40096939609.15997,39333676128.40702,18.47683582755106,18.12512085467528,18.616070695333345,18.370667466640406
197.73311389726268,40183277524.39418,39311505353.17343,18.516620696446914,18.1149044696306,18.613246084456478,18.364728280257815
200.11789912890913,40128052583.75737,39288929298.09383,18.491172815095403,18.104501329954463,18.610653596180914,18.358685533846845
202.53144636449608,39990801546.20977,39265939627.106606,18.42792696858824,18.09390759435517,18.60706918811923,18.352537210602154
204.97410249181,39990912396.23291,39242527812.866684,18.42797804873797,18.083119333396787,18.602825597016214,18.346281249442626
207.44621858232193,40115452621.144135,39218685091.149506,18.48536670014231,18.07213250848834,18.599367040533544,18.339915543721713
209.94814994164432,40106829135.82081,39194402503.59872,18.48139296239241,18.06094299158213,18.59661881378492,18.333437939955576
212.48025616059775,40061317078.98484,39169670918.40236,18.460420818120824,18.04954657470138,18.593638984156165,18.326846236926936
215.04290116689413,40044880081.81009,39144480980.545074,18.452846581751263,18.037938947016276,18.590392545934513,18.320138184649096
217.63645327744084,40034315474.29127,39118823123.76981,18.4479783668548,18.02611570035595,18.58707582181912,18.31331148315027
220.26128525127794,39970706738.222305,39092687561.61931,18.418667197847885,18.014072325080363,18.58343105584108,18.306363781302505
222.91777434315375,39962053458.8758,39066064266.42653,18.414679730888718,18.00180420039902,18.57947998689126,18.299292675514227
225.60630235774448,39916342300.59652,39038942978.61598,18.393615839847502,17.98930659865705,18.575324557548875,18.292095708390974
228.32725570452996,40031976300.51027,39011313193.73011,18.446900465889172,17.976574679356897,18.57165454041729,18.284770367407035
231.08102545333108,39829962053.89079,38983164186.81888,18.353811464434262,17.96360350039718,18.56758956066658,18.27731408367204
233.86800739051486,40032700539.21272,38954484964.36989,18.44723419808259,17.95038799592185,18.563638084420482,18.269724230595248
236.68860207588085,39947012571.9972,38925264269.596695,18.40774882792541,17.936922978757103,18.560409724751636,18.26199812234964
239.54321490022994,39853060944.9956,38895490607.958046,18.364455529116057,17.923203152170718,18.55627699289985,18.25413301254119
242.4322561436301,39973038717.108475,38865152171.29817,18.419741783376185,17.90922307491562,18.552391239918887,18.24612609263164
245.35614103438468,39962527650.42061,38834236866.23877,18.41489824031636,17.894977174313002,18.549190816845393,18.237974490142904
248.31528980870976,39910272502.15361,38802732350.80853,18.390818851587824,17.880459763131377,18.545722233646202,18.22967526725916
251.31012777113347,39909502147.947174,38770626001.28656,18.390463869179186,17.86566502430787,18.54204806497964,18.22122541947885
254.3410853556237,39850107106.4893,38737904872.5493,18.363094388099466,17.85058699267594,18.538130604664854,18.212621873900854
257.408598187451,39758550234.25781,38704555705.95362,18.320904602205708,17.83521955859792,18.533480911894152,18.203861487379463
260.5131071457995,39719214757.14935,38670564925.39501,18.302778651451966,17.819556466148637,18.528228593471646,18.194941044744166
263.6550584271334,39769722128.31229,38635918617.15149,18.326052657252788,17.803591303827368,18.523164634849035,18.185857256929562
266.8349036093247,39750372742.410324,38600602539.03658,18.317136380096493,17.78731750877561,18.518388444903092,18.176606759090447
270.05309971655794,39803592148.74117,38564602094.89609,18.341660102934185,17.770728355025064,18.513912670056914,18.167186108671192
273.31010928501604,39663059536.746124,38527902353.83422,18.276902093331472,17.75381696235711,18.509059983631722,18.157591783488062
276.6064004293574,39650300056.16522,38490488027.92105,18.271022471838258,17.736576286030324,18.503489680812063,18.14782017983887
279.9424469099964,39725897121.0047,38452343427.97861,18.30585791239055,17.718999096406527,18.498397247051017,18.13786761029364
283.3187282011958,39628504139.08349,38413452494.61949,18.26097882298237,17.701077993253495,18.493300825920244,18.127730301468205
286.7357295599775,39734380096.34593,38373798752.499825,18.3097669025588,17.68280538466454,18.488378104570778,18.117404391767685
290.1939420958668,39591191071.84973,38333365334.48081,18.24378480707441,17.664173498192255,18.483360183393483,18.106885929067996
293.69386284147885,39409174864.1205,38292134991.470024,18.159910984759097,17.645174385383406,18.476684697868656,18.096170868637273
297.2359948239523,39487566667.851135,38250090007.98755,18.19603425256644,17.62579988287149,18.469610239037976,18.08525507069642
300.8208471372484,39369782319.809586,38207212221.90286,18.141758737202128,17.606041621471547,18.46248193830185,18.074134297687635
304.44893501532135,39385256659.80037,38163483038.195335,18.14888937715461,17.585891032521058,18.45496840675007,18.062804211790308
308.1207799061689,39257430151.18477,38118883402.418274,18.089986392609628,17.565339335652073,18.447014905653436,18.05126037242476
311.836909546778,39433128666.97197,38073393731.90571,18.170948996314248,17.544377507091024,18.439521084497496,18.03949823329331
315.5978580389755,39385842418.907364,38026993957.921394,18.14915929737695,17.52299629908113,18.432898465332755,18.027513139349654
319.4041659261899,39153876394.05439,37979663579.81495,18.042268392471108,17.50118626483779,18.424902368237994,18.01530032436619
323.2563802711419,39159218981.97466,37931381537.96383,18.044730279110322,17.478937699999737,18.41586642255081,18.002854908155015
327.15505473447257,39292426823.33694,37882126187.83012,18.10611300407098,17.456240630674245,18.40780503489966,17.990171893022953
331.100749654316,39105549938.33458,37831875382.03165,18.019999361538424,17.433084851255895,18.399631202933175,17.97724616062044
335.0940321268354,39383189765.83689,37780606360.68088,18.1479369438565,17.40945987389426,18.392161664650686,17.964072468708242
339.13547608772984,39324980364.38797,37728295743.216675,18.12111381060306,17.38535492472993,18.38605589525833,17.95064544736086
343.2256623947215,38940361187.851105,37674919651.59496,17.943879701210427,17.360759000661318,18.377666861693356,17.936959595892073
347.36517891104063,38685251507.80971,37620453584.49632,17.826324104147673,17.33566081137896,18.365988769008055,17.92300927983098
351.5546205899174,39187161350.16121,37564872286.05572,18.057606238089942,17.310048718875656,18.355959313512315,17.90878872656624
355.79458956008955,38725374564.660126,37508149911.37337,17.84481297490816,17.283910813714556,18.34635495885274,17.894292021290187
360.08569521234466,38978993284.77328,37450259940.31407,17.96168153146138,17.257234875307528,18.335865242604807,17.87951310346371
364.428554287106,38988857032.957504,37391175088.71497,17.966226787473953,17.230008330999333,18.327054326118322,17.86444576240956
368.82379096307136,38774033626.374344,37330867413.27379,17.867235272060505,17.20221830440056,18.317326003788686,17.849083633104275
373.2720369469261,39009842462.35958,37269308195.99855,17.975896960250537,17.173851562141575,18.30795745935686,17.833420192004372
377.7739315641329,38852055093.87868,37206467944.545265,17.903187887401074,17.144894514028127,18.299223884954092,17.81744875234634
382.3301218508199,38996425955.07105,37142316361.96842,17.96971457812947,17.11533319910226,18.290633875323586,17.801162459393687
386.94126264677766,38884009665.2882,37076822323.74179,17.9179126862418,17.085153275053383,18.282413404745128,17.784554285506257
391.60801668957356,38890196408.918884,37009953868.73787,17.920763563328318,17.054340014061584,18.273811703939224,17.76761702515221
396.33105470980524,38568112713.73577,36941678181.78839,17.772346062725106,17.022878294761426,18.26367868489097,17.750343289893365
401.11105552750286,38570650804.38852,36871961543.50258,17.773515625409026,16.990752579117995,18.252052073218383,17.73272550311927
405.94870614969005,38497624476.5032,36800769261.22374,17.73986479109154,16.957946880611413,18.24031367458896,17.714755894254502
410.84470186912574,38533022047.93617,36728065684.895744,17.756176138601756,16.924444771548174,18.228651525522327,17.696426492815803
415.7997463642362,38317856303.64428,36653814207.76863,17.657026872554383,16.890229383386295,18.21627618593433,17.677729122699922
420.81455180024926,38484939144.02995,36577977136.09025,17.73401933735341,16.85528334668868,18.203944080318504,17.658655395895053
425.88983893155137,38493255592.3327,36500515679.72715,17.737851591172678,16.819588786801194,18.192856390648462,17.639196705582712
431.02633720527984,38262910784.737236,36421390040.80199,17.63170774989313,16.783127364697144,18.18081160688498,17.619344219838947
436.22478486616023,38242409687.8074,36340559250.35308,17.62226075952555,16.745880201709312,18.167689774843197,17.59908887506866
441.48592906261183,38177579584.4747,36257981112.78321,17.592386779425386,16.707827853931754,18.15441157995974,17.57842136840425
446.81052595413337,38162892218.30165,36173612208.41344,17.585618780267254,16.668950313396603,18.141015552912314,17.557332149996878
452.1993408199794,37921473333.14625,36087407870.248566,17.474371958186403,16.62922699736749,18.12653149189889,17.535811415376706
457.65314816915196,37868608894.634964,35999322141.026665,17.450011805990012,16.588636728547787,18.11079036774436,17.513849097632143
463.17273185171797,37969837742.81861,35909307648.688065,17.496658478457604,16.547157677696216,18.09569122470249,17.491434858857534
468.7588851714661,37666556276.31369,35817315639.00931,17.356905122696002,16.5047673786647,18.079833639826877,17.468558081306956
474.41241099992544,37886563569.128876,35723296010.69553,17.45828539435348,16.461442744569084,18.06391430799614,17.445207859127393
480.1341218917604,37573515601.1008,35627197004.17365,17.314031594243463,16.417159924383725,18.047846816758025,17.42137298876918
485.9248402015522,41505376191.06192,35528964900.74273,19.125849237326964,16.37189416430877,18.052052672549802,17.39704195628305
491.7853982019932,37655718667.471855,35428544862.856316,17.351911107659305,16.325620194975713,18.056352989693863,17.37220292790002
497.7166382035078,37079820745.63387,35325880528.695435,17.086534960278783,16.278312044624954,18.03650103932804,17.346843743167323
503.71941267531,37578388763.93601,35220913245.6077,17.316277167859425,16.22994268587137,18.016732457797925,17.320951901837887
509.79458436792675,37106468868.21541,35113582670.5221,17.098814525523682,16.180484312377946,17.997545937439913,17.29451455020802
515.9430264371982,36817060771.34534,35003826682.98382,16.965454075944365,16.129908298781828,17.97466413838734,17.267518470559125
522.1656225697697,36882098275.425415,34891581102.926186,16.995423627167842,16.07818507064251,17.95111128984457,17.239950068827884
528.4632671101007,37202476656.80931,34776779586.2241,17.14305531211006,16.02528405631238,17.930228650771983,17.211795360463626
534.8368651890073,36961962427.82384,34659353655.56462,17.032225359338817,15.971173701162062,17.910258355852477,17.183039956223556
541.2873328537482,36554373818.23955,34539232652.99089,16.844406840073365,15.915821445712407,17.887217967872232,17.15366904821145
547.8155971996863,36802663605.78173,34416343521.88525,16.958819802428888,15.859193625171441,17.86387535373717,17.12366739479242
554.4225965035367,36918069274.80711,34290610690.6629,17.011999212651595,15.80125541583993,17.843066701581623,17.09301930404343
561.1092803582181,36523571662.550156,34161956118.45361,16.83021307916904,15.74197085616167,17.821210897883056,17.061708617215672
567.8766098093348,36433960908.66551,34030299067.99124,16.78892007266908,15.681302742070063,17.797240301132156,17.02971869158954
574.7255574933044,36162400823.5178,33895555831.765434,16.66378406080637,15.619212500797673,17.771860156678663,16.997032380999624
581.6571077771479,36184788511.185684,33757639868.478146,16.674100399999087,15.555660253755965,17.745730789461657,16.96363201608463
588.6722568999686,35561332281.65349,33616461900.234417,16.386809187477255,15.49060486132121,17.71691832647297,16.92949938627929
595.7720131161401,36047811683.040565,33471929141.67701,16.610980910320183,15.424003567616534,17.68807709253377,16.89461571852716
602.9573968402125,36406004331.00119,33323945272.4459,16.776037565903252,15.355811987821143,17.66452571998264,16.858961652163895
610.229440793577,35179201937.58831,33172410759.571407,16.210721942394716,15.285984256730407,17.636739034913017,16.822517216016507
617.5891901528903,35842420030.2218,33017222170.775223,16.516335586101608,15.21447271232213,17.606596105217317,16.785261804023566
625.0377027002941,35379332177.575615,32858272187.828644,16.302942785791178,15.141227901912085,17.578222901188756,16.74717414778035
632.5760489754474,35399581822.988205,32695449505.233673,16.312273906258266,15.066198535465837,17.548120430723266,16.70823228925058
640.2053124293863,35221843489.523575,32528638437.922028,16.23037134612028,14.98933130482483,17.517864989849958,16.66841355142068
647.9265895802449,34624809783.45018,32357718820.02192,15.9552557418333,14.910570837057692,17.484083435523104,16.627694506964698
655.7409901708554,34895654237.15952,32182565553.23568,16.08006198776552,14.829859486350786,17.449350074774163,16.58605094462244
663.6496373282415,34000016828.577293,32003048574.951145,15.66734856073862,14.747137319313786,17.411990924026963,16.543457833748427
671.6536677250424,34063346567.507122,31819032711.805546,15.696531166708398,14.662342047501332,17.371004990007748,16.49988928872376
679.7542317428836,34449807946.031815,31630376871.925323,15.87461417040623,14.57540865519377,17.333455905620607,16.455318528980747
687.9524936377117,34351928196.29705,31436933879.646378,15.829510776373688,14.486269323235584,17.298355841101127,16.40971783468425
696.249631707129,33990594294.65342,31238550553.16824,15.663006618084443,14.394853464818732,17.261572058888063,16.363058502992626
704.6468384597479,32957700993.913166,31035067054.68446,15.187045107525789,14.30108742602006,17.218027196092834,16.315310802207573
713.145320786579,34850828430.843765,30826316284.95589,16.059406070575655,14.20489420681815,17.180305434646527,16.266443920159556
721.746300134495,33240910388.46903,30612123631.983013,15.317549169407693,14.106193345280493,17.144908687065737,16.216425909150914
730.451012681785,34225619859.75156,30392306346.722015,15.7713073718059,14.004900629890873,17.107022661040652,16.1652236274115
739.2607095158205,32957601308.151344,30166673085.877014,15.186999171913907,13.900927888866127,17.068414032009173,16.112802676043366
748.176656812871,33354730897.4995,29935023491.35618,15.369998131340036,13.794182796367783,17.02602072702364,16.059127332669206
757.2001360200866,32746973442.94665,29697147516.26922,15.089940979342881,13.684568561918919,16.983449174274078,16.004160480669746
766.3324440396711,36301144987.935455,29452824138.608994,16.727717946358826,13.571983337663314,16.958105802320752,15.947863529376937
775.5748934152812,48881849771.68857,29201821117.68608,22.52495881187341,13.45632010612949,17.021732648259942,15.890196327840918
784.9288125206746,32700976401.120678,28943894918.168766,15.068745351979405,13.337466645228028,17.063258966973848,15.831117078901324
794.3955457506266,31707268612.341736,28678788871.516636,14.610840687613626,13.21530468103255,17.010548564892407,15.770582244786043
803.9764537141556,31754076124.673653,28406231718.606552,14.632409783142686,13.08970921621573,16.953952226919768,15.708546436967588
813.6729134300795,30350887993.576637,28125937229.30026,13.98581488123339,12.960548354744484,16.89124532363114,15.644962298632313
823.4863185249237,31487379220.119427,27837603221.577717,14.509514745037613,12.827682849892533,16.828651355671866,15.579780382483694
833.4180794332223,29696342193.439026,27540909613.864864,13.684197465823638,12.690965206744977,16.763871633964495,15.512949015423102
843.4696236002361,31045480291.35089,27235516709.28174,14.305885888600859,12.550238891572725,16.698317240246265,15.444414146446924
853.6423956871075,29384672739.350113,26921063841.93486,13.540578890645703,12.405337708038417,16.632516171529595,15.374119181404033
863.9378577784973,29390926412.479225,26597168605.15077,13.543460609122278,12.25608544156324,16.55929698436612,15.302004810084918
874.3574895927261,29588401114.460484,26263422882.5544,13.63445776960803,12.102294030431409,16.48893082688354,15.228008811425157
884.9027886944416,29498619116.065292,25919390190.364872,13.593085852928423,11.94376234110906,16.420810226007212,15.152065827194507
895.5752707098593,29478944444.78486,25564604575.675266,13.584019682922607,11.78027566056701,16.353708333727106,15.074107120577251
906.3764695445994,28420985515.56261,25198566534.955555,13.096507826953788,11.61160381551,16.282279821615774,14.994060312081425
917.307937604142,28569719846.028206,24820739475.77969,13.165045222393957,11.437499541925884,16.207619934347317,14.911849080129075
928.3712460169497,27277416778.90686,24430545927.294853,12.569546617179032,11.257696738854179,16.128439395598292,14.827392828731965
939.5679848602816,30011937419.648796,24027361771.567543,13.829625053052881,11.071907810166428,16.05913908597968,14.74060631080121
950.8997633887208,26498074588.110687,23610511720.7258,12.210422508127694,10.879821580414626,15.987022031276885,14.651399204244628
962.368210265473,26389190134.820652,23179263106.0896,12.160248101122502,10.681100432836779,15.896949705539587,14.55967563946017
973.9749737964391,26838348299.33143,22732817516.78961,12.367222043452353,10.475376456397795,15.810887044380689,14.465333658409046
985.7217221671224,26245067771.578194,22270299940.807507,12.093835919278547,10.262246441935895,15.726042541401382,14.368264581505677
997.6101436823909,25021709928.048523,21790748583.0517,11.530107558621294,10.04126719028974,15.633271170207482,14.268352274674758
1009.6419470091245,23375017775.466976,21293112456.896366,10.771304995175399,9.811954402469642,15.527017304985602,14.16547236530112
1021.8188614217956,24967643132.53078,20776227310.284874,11.50519335533694,9.573771586306323,15.423091643386341,14.059491331488614
1034.1426370510137,22722843095.118534,20238789749.751263,10.470780201584144,9.326118132692857,15.317942621104468,13.950265340178806
1046.6150451350566,20916032504.774624,19679344218.225708,9.638194398910104,9.06832331490349,15.193182824897336,13.837638900886418
1059.2378782744452,21537672449.715717,19096255787.142532,9.92464865997048,8.799633751084334,15.064988853562692,13.721443331264423
1072.0129506895892,19741585605.88216,18487678628.48098,9.097004404099247,8.519198876039201,14.93334203906574,13.60149493826364
1084.9420984815295,19958648948.736023,17851505131.93863,9.197028091422606,8.226047494212374,14.796260726667482,13.477592791900065
1098.027179895836,21041049234.617775,17185301468.738888,9.695802625760452,7.919058087224247,14.669548730543342,13.349515921837394
1111.270075589688,20718001021.21322,16486257312.092163,9.546940671166388,7.5969356448516185,14.549937809808828,13.217019954659136
1124.6726889021647,19704667688.273117,15751068548.294958,9.079992474774807,7.2581576178164084,14.425843277411351,13.079832913921955
1138.2369461278074,17663889948.49553,14975798477.790031,8.139593640700767,6.900909958659372,14.287983863583072,12.937649721118676
1151.9647967934795,16391101023.9225,14155718012.288284,7.553087233187094,6.5230134839120595,14.135328155537895,12.79012519627704
1165.8582139385567,14133394054.315672,13285039339.701426,6.512726511626851,6.121801145794803,13.966985210872192,12.636864894768582
1179.919194398505,15170504992.074253,12356527227.759884,6.990631526790283,5.693938919314123,13.796075627057608,12.477412581627009
1194.1497590918812,13197162984.255934,11360904854.001038,6.081307357278361,5.235152006260629,13.624006149248649,12.311232630787917
1208.5519533107824,10663731509.997562,10285971973.632227,4.913891642101708,4.739818483308322,13.431394136761398,12.137684774949328
1223.1278470148095,16722798859.22168,9115090287.939554,7.705934969371352,4.200271353504742,13.26287176199759,11.955986351521258
1237.879535128577,9177157450.807037,7824404717.520006,4.228872159196216,3.605518097468634,13.089782169279273,11.76515196578841
1252.8091378427982,16081013508.975166,6377329726.601899,7.410197622116969,2.938699948802725,12.917762892572089,11.563889228854764
1267.918800919016,10853873563.900797,4710017437.556151,5.001509887986011,2.170395541078825,12.758574719804537,11.350387249216334
1283.210695998004,7461541240.034578,2697058088.3111615,3.438309104296973,1.2428155365680298,12.556167460591503,11.12184293548809
1298.6870209118815,0.0,0.0,0.0,0.0,12.299175086564114,10.872980584380176
1314.35,0.0,0.0,0.0,0.0,12.007785614966533,10.615380213227283
