R_kpc,Sigma_bar,Sigma_eff,kappa_bar,kappa_eff,kappa_bar_mean,kappa_eff_mean
1.0,39625486921.47069,39628796716.94458,15.860788902524911,15.862113705610007,0.0,0.0
1.0120606264911474,39625531510.19401,39628840179.4402,15.860806749935328,15.862131102228238,0.3757706903722965,0.37580207195654797
1.0242667116936537,39625580610.813156,39628884704.60383,15.860826403310359,15.862148924197784,0.7426391448714854,0.742701137421383
1.0366200099307066,39625619176.34126,39628930318.52953,15.860841839832348,15.862167181963247,1.1008162444123657,1.1009081347552276
1.0491222966837304,39625666283.925674,39628977048.10504,15.860860695460635,15.862185886286909,1.4505078938423825,1.4506290050627262
1.0617753688475675,39625714621.109604,39629024920.83959,15.86088004325747,15.86220504817982,1.7919151747871431,1.7920648105930863
1.0745810449887383,39625764316.81134,39629073964.98185,15.860899934824637,15.862224678948996,2.12523437103921,2.125411850335363
1.0875411656068144,39625814844.46308,39629124209.50018,15.860920159394233,15.86224479018953,2.4506571141726816,2.450861772875527
1.1006575933989453,39625865843.24486,39629175683.96928,15.860940572541802,15.862265393739206,2.768370491463813,2.768601686579123
1.113932213527575,39625920606.20778,39629228418.68616,15.860962492368209,15.862286501724931,3.078557171763512,3.0788142671635192
1.127366933891388,39625973255.2474,39629282444.76592,15.860983566060122,15.862308126601063,3.3813954836529145,3.3816778627225905
1.1409636853995222,39626027282.43896,39629337794.11388,15.86100519138127,15.862330281138256,3.677059519742786,3.6773665962634903
1.1547244222490889,39626084649.88922,39629394499.47378,15.861028153698939,15.862352978442766,3.9657192738959877,3.9660504658142246
1.1686511222060412,39626144358.48786,39629452594.38053,15.861052053101881,15.862376231937523,4.247540716998419,4.247895442159533
1.1827457868894284,39626200933.043915,39629512113.15435,15.861074698049881,15.862400055359785,4.522685856963347,4.5230635642609585
1.19701044205908,39626262394.61887,39629573091.055855,15.86109929911202,15.86242446282323,4.791312875901494,4.79171303241696
1.2114471379067577,39626325515.32093,39629635564.285904,15.861124564268577,15.862449468817877,5.053576230713487,5.053998299216646
1.2260579493508208,39626390953.60426,39629699569.93507,15.861150757077265,15.862475088189871,5.309626706866915,5.310070158338369
1.2408449763344431,39626455118.3587,39629765145.98759,15.861176440133908,15.862501336143069,5.559611503425711,5.560075831244332
1.2558103441274293,39626524037.568794,39629832331.34224,15.861204026243948,15.862528228247374,5.803674343872414,5.804159051821368
1.2709562036316695,39626590396.16889,39629901165.93164,15.861230587425394,15.862555780486515,6.041955540141062,6.04246014901708
1.2862847316902777,39626661616.37685,39629971690.74836,15.861259094549766,15.862584009268474,6.274592080851752,6.275116127518867
1.3017981314004599,39626735561.947235,39630043947.82281,15.861288692547754,15.862612931416656,6.50171773391089,6.502260746521552
1.3174986324301545,39626807994.480606,39630117980.21752,15.861317684926417,15.862642564167588,6.723463067738463,6.724024596628722
1.3333884913384921,39626885641.40006,39630193832.05639,15.861348764453613,15.862672925182622,6.939955569468329,6.94053517493225
1.34946999190012,39626960691.85407,39630271548.60994,15.861378804700449,15.862704032582073,7.151319700285649,7.151916958313601
1.3657454454334392,39627041074.41095,39630351176.350815,15.861410979214003,15.862735904967423,7.357676973672845,7.358291475009163
1.3822171911327976,39627124745.246574,39630432762.94433,15.8614444699182,15.862768561417539,7.559146051859675,7.55977737448027
1.3988875964046932,39627206134.83496,39630516357.25326,15.861477047513596,15.862802021490598,7.75584274955619,7.756490495627881
1.415759057208029,39627293127.89099,39630602009.36182,15.861511867994171,15.862836305233674,7.947880148974581,7.948543933391242
1.4328339983984741,39627378428.231606,39630689770.609406,15.861546010936022,15.862871433196256,8.13536865556611,8.136048103769014
1.4501148740769754,39627468998.273766,39630779693.722176,15.861582263167382,15.862907426482897,8.318416057901976,8.319110807300682
1.467604167942475,39627562086.29485,39630871832.83938,15.86161952326351,15.862944306763776,8.497127610538222,8.497837291044751
1.4853043936488803,39627656374.9362,39630966243.44092,15.861657263928738,15.862982096245686,8.671606055109184,8.672330309088329
1.5032180951663396,39627755929.476234,39631062982.36981,15.861697112361309,15.863020817681031,8.841951712298306,8.842690181622908
1.5213478471468749,39627851661.58541,39631162107.981995,15.861735430799587,15.863060494427787,9.008262501821699,9.009014852621345
1.5396962552944244,39627954624.783104,39631263680.199036,15.86177664360655,15.863101150470602,9.17063403339261,9.171399946149338
1.5582659567393489,39628058569.27669,39631367760.453384,15.861818249194227,15.86314281039888,9.32915967384425,9.329938821342758
1.5770596204174525,39628164557.97738,39631474411.76077,15.861860673011277,15.863185499435762,9.483930553596547,9.484722626082563
1.5960799474535783,39628273473.048805,39631583698.78827,15.861904268159007,15.863229243465366,9.635035653244152,9.63584034939874
1.615329671549826,39628385738.02868,39631695687.890854,15.861949204165736,15.86327406904742,9.782561851450154,9.78337887263315
1.6348115593784562,39628500453.72279,39631810447.15807,15.861995121113376,15.863320003435952,9.926593966273673,9.9274230193907
1.65452841097953,39628618999.733,39631928046.44055,15.862042571211513,15.863367074589883,10.067214808624836,10.068055604307364
1.6744830601633456,39628745472.14637,39632048557.39687,15.86209319399009,15.863415311191806,10.204505253515402,10.205357480663181
1.6946783749177292,39628861434.63432,39632172053.6324,15.862139609988603,15.863464742703545,10.338544191248335,10.339407586868107
1.7151172578202367,39628989459.09052,39632298610.72711,15.86219085399926,15.8635153993773,10.469408663848522,10.470282991847286
1.7358026464553273,39629118705.26616,39632428306.18484,15.862242587024328,15.863567312235322,10.597173942753642,10.598058939350999
1.7567375138365704,39629251834.39522,39632561219.52891,15.862295874268899,15.863620513108204,10.721913477689025,10.72280889121501
1.7779248688339402,39629387660.62478,39632697432.41379,15.862350241074756,15.863675034679565,10.84369898511076,10.844604569596994
1.7993677566062685,39629526965.02088,39632837028.67317,15.862406000077142,15.863730910505295,10.962600480520319,10.963515998213069
1.8210692590389104,39629669769.66889,39632980094.37043,15.862463160116105,15.86378817503375,11.078686324413217,11.079611542597817
1.8430324951866892,39629816847.99441,39633126717.86288,15.862522030768668,15.863846863631482,11.192023261495779,11.192957949411033
1.8652606217221832,39629967296.389404,39633276989.85654,15.862582250350032,15.86390701260515,11.302676454507822,11.303620384813764
1.88775683338942,39630122561.024536,39633431003.477036,15.862644397715103,15.8639686592299,11.410709525006606,11.411662471935788
1.9105243634630407,39630278519.04608,39633588854.35306,15.862706822620122,15.864031841782777,11.516184574390971,11.517146327456102
1.9335664842130058,39630439860.82207,39633750640.69775,15.862771402466299,15.864096599575294,11.61916223570784,11.620132597317586
1.9568865073748998,39630607691.16384,39633916463.38011,15.862838579473552,15.864162972982022,11.71970173287481,11.720680491596214
1.9804877846259143,39630776005.83589,39634086425.98955,15.862905950342403,15.864231003466415,11.81786086325608,11.8188478185448
2.0043737080665673,39630952979.26084,39634260634.92292,15.862976787027389,15.864300733615666,11.913696065585807,11.914691017830915
2.0285477107082346,39631129077.51206,39634439199.44856,15.8630472734089,15.864372207166321,12.007262434514109,12.008265192988056
2.0530132669665586,39631310659.71762,39634622231.80727,15.863119954838318,15.864445469044703,12.098613744798541,12.099624143098756
2.0777738931608125,39631499638.47295,39634809847.356636,15.863195596865163,15.8645205654247,12.187802536270611,12.188820393728239
2.102833148019282,39631691289.74232,39635002164.62128,15.863272308612132,15.86459754374784,12.274880090480044,12.275905227126124
2.1281946331907466,39631892247.059494,39635199305.36047,15.86335274526626,15.864676452750388,12.359896483401599,12.36092871171316
2.153861993762124,39632091571.548065,39635401394.69498,15.863432528352398,15.8647573425141,12.442900583707232,12.443939730870262
2.1798389187823672,39632305787.389046,39635608561.169106,15.863518271960801,15.864840264491066,12.523940129546006,12.524986011046435
2.206129141792668,39632508547.855156,39635820936.88083,15.863599430356587,15.864925271555796,12.603061680272473,12.604114149201607
2.232736441363065,39632727402.42487,39636038657.71413,15.863687030696678,15.865012418098209,12.680310699401431,12.681369639601082
2.2596646416355184,39632952654.174255,39636261863.3889,15.863777191618965,15.86510176004362,12.755731656925382,12.756796899976479
2.2869176128735367,39633182350.29024,39636490697.432625,15.863869131476122,15.865193354841393,12.82936791424568,12.830439297066993
2.314499272018431,39633414787.61272,39636725307.340996,15.863962168548756,15.86528726152924,12.901261788126675,12.902339171556143
2.3424135832522777,39633652118.13849,39636965844.79304,15.864057164210939,15.865383540819323,12.971454595010584,12.97253786241955
2.3706645585676736,39633899645.79426,39637212465.884315,15.864156241451388,15.865482255191601,13.03998670792117,13.041075730697937
2.399256258344359,39634153684.87834,39637465331.2419,15.864257925004038,15.865583468939846,13.10689755079037,13.107992182708628
2.4281927919327986,39634414983.272064,39637724606.08181,15.864362514221368,15.865687248194641,13.172225599722864,13.173325692707872
2.4574783182447963,39634681829.32024,39637990460.23926,15.864469323983679,15.865793660935473,13.236008414615883,13.237113825016712
2.4871170463512398,39634952838.69346,39638263068.371895,15.864577800189101,15.865902777072101,13.298282650835082,13.29939325562375
2.5171132360870474,39635231260.98266,39638542610.270996,15.864689243542808,15.866014668569102,13.359084104290782,13.360199793278536
2.547471198663417,39635519006.95907,39638829270.98403,15.864804418864146,15.86612940949494,13.41844774725406,13.419568400087316
2.578195297287452,39635815079.310135,39639123240.95279,15.864922926961459,15.866247076077242,13.476407727688821,13.477533211621987
2.6092899477892684,39636117998.366684,39639424716.20017,15.865044175571475,15.86636774677758,13.532997372774213,13.534127556554248
2.6407596192566607,39636423375.02881,39639733898.54516,15.86516640788078,15.866491502377505,13.588249192199246,13.589383975826445
2.6726088346774195,39636741130.71492,39640050995.7845,15.865293595109293,15.866618426051268,13.642194952078565,13.64333424137014
2.7048421715894047,39637064538.70736,39640376221.90417,15.865423044771516,15.866748603450473,13.694865680605297,13.696009374383031
2.7374642627384485,39637399832.088394,39640709797.313225,15.865557251766816,15.86688212279767,13.746291668886887,13.747439663175008
2.770479796744201,39637741013.59155,39641051949.03593,15.865693815585193,15.86701907496326,13.796502491150738,13.797654680593379
2.803893518774003,39638091361.54256,39641402910.97348,15.865834048433419,15.867159553570257,13.845527008329595,13.846683301037457
2.837710231224885,39638453778.97059,39641762924.170906,15.865979112299309,15.867303655101118,13.893393426887409,13.894553717072528
2.8719347944137956,39638823772.899345,39642132237.032234,15.866127208791116,15.867451478983867,13.940129277277554,13.941293455652492
2.9065721272761507,39639201031.84764,39642511105.58993,15.86627821323309,15.867603127699939,13.98576141504606,13.986929393960455
2.941627208072808,39639589954.02555,39642899793.7703,15.866433886085149,15.867758706890424,14.030316078994199,14.031487774876565
2.977105075105571,39639985174.20882,39643298573.77274,15.866592079823166,15.867918325507851,14.073818881416454,14.074994222082463
3.013010827441318,39640396328.58952,39643707726.4265,15.86675665150027,15.868082095959,14.11629484848348,14.117473754811355
3.0493496256448713,39640815383.44215,39644127541.40303,15.866924385478383,15.8682501341899,14.1577684205471,14.158950802251331
3.086126692520694,39641247907.74064,39644558317.50765,15.86709751083599,15.868422559802568,14.198263447623352,14.1994492176098
3.123347313863546,39641688776.13066,39645000363.08185,15.867273976061055,15.868599496216031,14.237803216478222,14.238992291848104
3.161016839218183,39642143258.57272,39645453996.43098,15.867455890546744,15.868781070837535,14.276410463153615,14.277602767094544
3.1991406826482205,39642607441.47215,39645919546.22924,15.86764168780886,15.868967415224633,14.31410739120414,14.31530284974366
3.237724323514275,39643086306.13349,39646397351.90123,15.867833361701004,15.869158665237912,14.35091568345785,14.352114223248895
3.2767733072614837,39643578139.77419,39646887764.029236,15.868030226652236,15.869354961204014,14.386856524345314,14.388058060615847
3.3162932462165258,39644080400.69566,39647391144.84155,15.868231265303576,15.869556448111103,14.42195057620371,14.423155036603857
3.356289820394258,39644595674.61192,39647907868.701416,15.868437512631942,15.869763275804564,14.456218012196935,14.457425339643137
3.396768778314074,39645126954.44373,39648438322.59987,15.868650166605816,15.869975599184276,14.489678554013297,14.490888683474186
3.4377359378261105,39645672504.60487,39648982906.693985,15.868868532526687,15.870193578420052,14.522351461926325,14.52356431851636
3.4791971869474256,39646229194.30586,39649542034.90352,15.869091357241727,15.870417379190462,14.554255516785501,14.555471042972487
3.521158484708249,39646804211.04529,39650116135.49944,15.869321517671995,15.870647172918392,14.585409074016596,14.586627213675998
3.56362586200845,39647391710.22447,39650705651.7021,15.86955667441543,15.87088313701048,14.615830060169516,14.617050756686703
3.606605422484327,39648001387.57131,39651311042.404236,15.869800708355406,15.871125455146512,14.645535995783996,14.646759177641808
3.6501033433858567,39648620922.13049,39651932782.863785,15.870048687815707,15.871374317556722,14.674543973233517,14.675769571868415
3.6941258764645224,39649260374.00844,39652571365.42308,15.870304639528541,15.871629921309678,14.70287066985886,14.704098634263099
3.7386793488718437,39649918939.88577,39653227300.321075,15.870568241951384,15.871892470637375,14.730532411467292,14.731762668944741
3.7837701640687524,39650591851.43653,39653901116.54886,15.870837586479006,15.872162177277678,14.757545110547687,14.758777598686521
3.8294048027459335,39651280882.07729,39654593362.75958,15.871113382952172,15.872439260838535,14.78392428857907,14.785158974132864
3.875589823755259,39651993797.14111,39655304608.21238,15.87139873958022,15.872723949175791,14.809685144707379,14.810921982806795
3.922331865052462,39652722216.2312,39656035443.78927,15.871690301963879,15.873016478800235,14.83484251460833,14.836081457913174
3.9696376446511854,39653472210.17197,39656786483.08593,15.871990500055986,15.873317095314183,14.859410871933775,14.86065188694341
4.017513961588521,39654250175.55142,39657558363.580536,15.872301894201918,15.87362605387934,14.883404406552652,14.88464742008697
4.06596769690221,39655041534.60701,39658351747.8755,15.87261864939919,15.873943619713824,14.90683693276314,14.908081878455114
4.115005814619619,39655852638.41521,39659167325.000916,15.872943307776394,15.874270068613885,14.929721899165752,14.930968762121754
4.164635362758645,39656692538.94329,39660005811.82571,15.873279492540544,15.874605687518756,14.952072508850273,14.9533212579868
4.214863474340702,39657553267.05443,39660867954.58719,15.873624013906307,15.874950775122873,14.973901656752158,14.975152247467106
4.265697368415905,39658440553.43357,39661754530.52322,15.8739791656798,15.875305642529177,14.995221922078452,14.996474314020139
4.317144351100639,39659354493.14043,39662666349.61579,15.87434498591032,15.875670613947026,15.016045613475017,15.017299750505554
4.369211816627631,39660289431.580666,39663604256.48576,15.874719211248342,15.87604602745057,15.03638472144978,15.037640566389467
4.421907248408684,39661255341.33723,39664569132.42335,15.875105833393278,15.876432235791517,15.056250973352066,15.057508494796725
4.4752382201102385,39662249379.942986,39665561897.51733,15.875503714598326,15.87682960725137,15.075655852132702,15.076914999415854
4.529212396741896,39663264730.212616,39666583513.06613,15.875910126166735,15.877238526606513,15.09461052277641,15.095871281261891
4.583837535758073,39664318978.19888,39667634984.26346,15.876332107221359,15.877659396203168,15.11312593750388,15.114388285303185
4.639121488172954,39665403989.10479,39668717362.848206,15.876766401668506,15.878092637018083,15.131212833140406,15.13247670695654
4.695072199688863,39666514737.11148,39669831750.01708,15.87721099783695,15.878538689824357,15.148881629823684,15.150146998454773
4.75169771183828,39667663266.65591,39670979299.82147,15.87767071672163,15.878998016551082,15.166142534583772,15.167409375093413
4.8090061631396015,39668853134.914116,39672161222.7457,15.878146982144,15.879471101715621,15.183005586362162,15.184273821362487
4.867005790266854,39670062321.181335,39673378789.57885,15.878630979934771,15.879958453973364,15.1994804979876,15.200750096968298
4.925704929233514,39671316923.31029,39674633335.67226,15.879133156212463,15.880460607821856,15.215576772874043,15.216847742751161
4.9851120165906035,39672608317.40429,39675926265.592674,15.879650059112748,15.880978125463322,15.2313037711489,15.232576086505162
5.0452355906392325,39673943103.93355,39677259058.28348,15.880184330588389,15.881511598870516,15.246670622019991,15.247944248706593
5.106084292657776,39675316458.74617,39678633272.71206,15.880734039688859,15.882061652047192,15.261686246505624,15.262961148157954
5.1676668681438365,39676733698.3898,39680050554.04864,15.88130131445463,15.882628943501288,15.27635935689212,15.277635507554294
5.229992168071196,39678255423.91279,39681512640.552124,15.881910411507128,15.883214169001103,15.290698773177354,15.291975858979661
5.293069150161929,39679709179.14012,39683021371.21705,15.88249230226906,15.883818064636117,15.304712569409945,15.305990549342262
5.356906880173848,39681261219.24564,39684578694.25292,15.883113533259374,15.884441410210998,15.318408608574323,15.319687745757339
5.4215145332034815,39682870241.47655,39686186676.53432,15.883757572334387,15.885085033028169,15.33179515393268,15.333075440887551
5.486901395004776,39684526672.69734,39687847514.15442,15.884420587680461,15.885749812112046,15.344880032648236,15.346161458251702
5.5530768633236836,39686244214.700554,39689563544.270935,15.88510806367787,15.886436682950563,15.357670906682342,15.35895345751398
5.620050449248863,39688018709.06271,39691337258.39439,15.885818335845446,15.887146642814054,15.370175301213282,15.371458939767045
5.687831778578659,39689848953.19957,39693171317.41519,15.886550922827968,15.88788075677009,15.38240053779905,15.383685252824305
5.756430593204574,39691750636.93175,39695068568.653275,15.887312104748462,15.88864016450789,15.394353833708546,15.395639596538937
5.825856752511429,39693708703.30973,39697032065.21428,15.88809585480155,15.889426088085981,15.406042237347535,15.40732902816956
5.896120234794399,39695742005.93167,39699065088.070404,15.888909719467124,15.890239840770432,15.417472649098137,15.418760467815382
5.967231138693149,39697846464.02486,39701171171.3682,15.889752065345078,15.89108283716474,15.428651875253951,15.429940703947318
6.039199684643272,39700031413.473816,39703354131.60604,15.890626629285235,15.89195660488862,15.43958658615389,15.440876399066562
6.11203621634521,39702295362.336395,39705618101.39473,15.89153281411185,15.892862798091272,15.45028333098908,15.451574095527597
6.1857512022509145,39704640225.07167,39707967568.723175,15.892471386120398,15.893803213168157,15.46074850588878,15.462040221569712
6.2603552370684294,39707083113.9451,39710407422.89801,15.893449194792138,15.894779807149115,15.47098844609415,15.472281097609809
6.335859043284609,39709612852.97834,39712943008.59914,15.894461766747765,15.89579471933504,15.481009364096195,15.482302942860416
6.412273472706223,39712247696.09034,39715580189.9337,15.89551640843516,15.8968502969366,15.490817359597557,15.49211188235132
6.489609508019627,39714996409.2317,39718325426.81196,15.896616628578197,15.897949125644995,15.500418515633747,15.501713954450944
6.567878264369249,39717852605.08584,39721185866.66993,15.897759870542556,15.89909406634555,15.50981878196994,15.51111511900707
6.647090990955133,39720835637.29847,39724169455.68657,15.898953880960844,15.900288299634306,15.519024029622502,15.520321266257477
6.727259072649714,39723946631.44021,39727285074.77927,15.900199110362237,15.901535380252593,15.528040087097546,15.529338226702338
6.808394031634124,39727208934.32136,39730542707.430374,15.901504903712778,15.902839304262502,15.536872761481439,15.538171782184197
6.89050752905422,39730614716.223114,39733953649.11472,15.90286812703162,15.904204592873882,15.545527794968848,15.54682767849539
6.973611366696582,39734190786.00538,39737530771.87058,15.904299511030247,15.905636398343466,15.554010884686129,15.555311639935839
7.057717488684729,39737942065.820435,39741288862.951645,15.905801025885543,15.907140639526201,15.562327742615869,15.563629386388211
7.142837983195795,39741896956.29783,39745245064.748024,15.90738403944242,15.908724177961261,15.570484104081638,15.571786653683045
7.228985084197899,39746061386.90204,39749419456.157875,15.909050925071952,15.910395050576136,15.578485730665282,15.579789218327932
7.3161711732084855,39750477969.074165,39753835835.58112,15.910818738743027,15.912162783093454,15.586338478646923,15.587642928125671
7.404408781073854,39755161381.03793,39758522798.79171,15.912693355669452,15.914038821468056,15.594048336407411,15.595353740898796
7.493710589770156,39760144778.03623,39763515261.64662,15.914688046812659,15.916037141377723,15.601621377780857,15.602927774639962
7.58408943422613,39765476731.22835,39768856676.58239,15.916822253622177,15.918175135414362,15.609063920647294,15.610371374223488
7.67555830416779,39771213079.46797,39774602376.825905,15.919118326568368,15.92047495166243,15.616382628474119,15.61769120293462
7.768130345985381,39777414514.00687,39780824848.14807,15.921600558378142,15.922965603809834,15.623584559527602,15.624894372737945
7.861818864622859,39784191378.01094,39787622505.21921,15.92431311581883,15.92568648403651,15.630677417226186,15.631988638168531
7.956637325490131,39791674276.5794,39795135365.83292,15.927308275848246,15.928693636894575,15.637669865518665,15.638982701758554
8.052599356398389,39800062860.10517,39803575815.902916,15.930665952001403,15.932072073532284,15.644571930966436,15.645886732849442
8.149718749518765,39809689660.85419,39813297727.86893,15.934519246089357,15.935963437535644,15.651395929717818,15.652713348802155
8.24800946336461,39821168453.006836,39824988859.86226,15.93911383188082,15.940643016033828,15.658158381058577,15.659479816456754
8.3474856247977,39835956831.546234,39836699655.511665,15.945033137066616,15.94533046525165,15.664885258334424,15.666196935766587
8.448161531058608,39860722529.756424,39842933720.984436,15.954946037622612,15.947825758159068,15.671640594063467,15.672839844848955
8.550051651821585,39865901785.02644,39843651347.947014,15.957019124438501,15.948113000806377,15.678377311869117,15.679358176363705
8.653170631274223,39855759950.75486,39843123506.04399,15.952959679243929,15.947901722923172,15.684930459131314,15.685722941410502
8.757533290222188,39875805897.03685,39842606568.57416,15.960983417171997,15.947694809728613,15.691376169182583,15.691931960243657
8.863154628219347,39878686478.3201,39842103774.97114,15.962136419827605,15.947493557862236,15.697777387665305,15.697989041628947
8.970049825723585,39866610635.80052,39841584235.59684,15.957302854264038,15.947285603210258,15.703982925179536,15.70389777202153
9.078234246278617,39872023243.11687,39841057733.58069,15.959469344286658,15.947074861640028,15.71001034555421,15.709661553985972
9.187723438722127,39872182894.97994,39840531829.3453,15.95953324771586,15.946864359341923,15.715921237261618,15.715283791645701
9.298533139420517,39858614241.7628,39839996755.70953,15.954102158760534,15.94665018683217,15.72162812007011,15.720767797518494
9.410679274530622,39859357166.37548,39839449253.59011,15.954399527231377,15.946431039606116,15.727139389853265,15.726116744063264
9.524177962288718,39878412186.08538,39838896174.952225,15.962026629599888,15.94620966028176,15.73261448069684,15.731333745900798
9.639045515327101,39854682801.833115,39838339616.569855,15.952528531692398,15.945986888129276,15.737936477225574,15.736421886156478
9.755298443018628,39866800874.12139,39837776206.654724,15.95737900045385,15.945761373531885,15.743078349642532,15.741384168709972
9.872953453849549,39857779555.92093,39837205973.051125,15.953768061265048,15.94553312763475,15.748112484422798,15.746223510514909
9.992027457820912,39868815473.81012,39836627690.47257,15.958185378945787,15.945301659995687,15.753037473871164,15.750942753703729
10.112537568878977,39865205263.65068,39836040327.746666,15.956740329668635,15.945066557870046,15.757880574418875,15.755544662380142
10.234501107374921,39885125601.32629,39835445457.85052,15.964713790571865,15.944828450869217,15.762686936897568,15.760031937804284
10.357935602554209,39878536259.60843,39834844730.905556,15.962076292180978,15.944587999482941,15.767441883853087,15.764407232523194
10.48285879507597,39868803557.58152,39834236944.87106,15.958180609268465,15.944344722573561,15.772006696886283,15.768673138283859
10.60928863956282,39871744232.85919,39833621839.47977,15.959357665588366,15.94409851596458,15.77643151695965,15.772832178523323
10.737243307181362,39867408035.48091,39832997804.95936,15.95762202732623,15.943848735316692,15.78074468140311,15.776886807988705
10.866741188253847,39878577869.35098,39832365353.1948,15.962092947202636,15.94359558552074,15.784988501824074,15.780839418124408
10.997800894901342,39852170421.274025,39831726018.39428,15.951522907767334,15.943339680670178,15.789058461011594,15.784692353447907
11.130441263718758,39874600203.7813,39831079232.3099,15.960500817519776,15.943080793313921,15.793014523407264,15.788447907451204
11.264681358482123,39862008556.84738,39830422283.080925,15.955460792286777,15.942817837982645,15.79692251200901,15.792108303675745
11.400540472888565,39859382929.817825,39829756680.49223,15.95440983949634,15.942551418993949,15.800666043529493,15.795675707403621
11.538038133329287,39892429886.232635,39829085528.22539,15.967637457382903,15.942282778650249,15.804466141451186,15.79915225453767
11.677194101695985,39857550744.48654,39828406687.52756,15.953676475517057,15.9420110608786,15.80816559033785,15.802540034803604
11.818028378221166,39860647089.58217,39827716455.093834,15.954915841383485,15.941734783366941,15.811627773052379,15.805841060673066
11.960561204352672,39850004103.939575,39827016280.667206,15.950655801654401,15.941454526400063,15.814971757384125,15.809057286399787
12.104813065662881,39832978422.604904,39826308964.32378,15.943840977192911,15.941171410757025,15.8181051436585,15.812190640126728
12.250804694792999,39861944589.49135,39825593244.1496,15.955435188242271,15.94088493133487,15.821222217671949,15.81524301149346
12.39855707443289,39844828544.82382,39824866431.599144,15.94858419428841,15.940594011996584,15.82432032054909,15.818216226598894
12.548091440336803,39854805514.2425,39824129614.39261,15.95257764946412,15.940299088121055,15.82731194374363,15.82111206079534
12.699429284375467,39888985532.30334,39823384876.96881,15.966258794940561,15.940000994041098,15.83044274937908,15.823932262443034
12.852592357625056,39872721175.45537,39822630660.48625,15.959748703818848,15.93969910580335,15.833582894477408,15.826678540869025
13.007602673493352,39877776429.32037,39821866800.778145,15.961772156920143,15.9393933576972,15.836596101610478,15.829352556773294
13.164482510883603,39869639734.418335,39821093352.42294,15.958515303560555,15.939083771568628,15.839522934808635,15.831955930997461
13.32325441739661,39866483184.88,39820309864.49759,15.957251839820989,15.93877016692785,15.842327020431448,15.834490244088869
13.483941212571365,39868890369.46178,39819516234.42857,15.958215357230294,15.938452502718036,15.84506127724385,15.836957036534349
13.646565991164776,39852539598.05329,39818712592.52606,15.951670677180875,15.938130831098094,15.847664107623135,15.839357812461964
13.811152126471006,39854347468.80974,39817898999.06531,15.952394308829563,15.937805176194244,15.850136832859976,15.841694041265978
13.977723273680795,39855076061.73188,39817074695.27913,15.952685940792518,15.937475234296747,15.852562970841513,15.843967154192873
14.146303373281274,39862509802.501465,39816239345.7986,15.955661424559725,15.937140871168369,15.854970521751778,15.846178543404504
14.316916654496875,39870816926.83703,39815393767.16437,15.95898649525815,15.93680241364368,15.857395694000868,15.84832957039415
14.489587638771654,39859029618.884964,39814537383.82265,15.9542684206632,15.936459631347287,15.859746337087136,15.850421565501943
14.664341143293623,39859953578.57678,39813669939.92522,15.954638251566612,15.936112421871496,15.861990141666654,15.852455823616861
14.84120228456165,39848628004.95426,39812791993.66086,15.950104994151182,15.935761008641059,15.864131118836573,15.854433610406334
15.020196481995317,39849150524.889275,39811901278.98145,15.95031414182432,15.935404484630881,15.866170486216104,15.856356153373737
15.201349461588306,39859244410.81706,39810998553.5014,15.95435439486207,15.935043153089282,15.868212147319051,15.858224643874353
15.384687259605924,39872027482.9499,39810085346.938515,15.959471041353417,15.934677626312359,15.870313985916576,15.860040255905519
15.570236226327143,39851754284.9012,39809160291.44556,15.951356341961414,15.93430735679552,15.872329574067592,15.861804136335625
15.758023029831811,39860964959.4012,39808223350.38417,15.955043074295679,15.933932329873626,15.874245794070786,15.86351739824013
15.948074659833509,39835271982.78794,39807273967.139244,15.94475901446449,15.933552322751815,15.876037472130195,15.865181125496044
16.14041843155869,39871307779.62776,39806312185.08703,15.959182967607157,15.933167352792186,15.877837497294472,15.866796373884913
16.335081989672556,39857729045.15773,39805338435.01195,15.953747843455385,15.932777592423681,15.879699947245642,15.868364176434154
16.532093312252265,39863284447.754944,39804352082.53755,15.955971489767608,15.932382787726118,15.881480773415594,15.86988554070135
16.731480714808132,39846013875.97382,39803352604.77459,15.949058643654471,15.931982729403995,15.883163212109778,15.871361444889171
16.933272854353273,39848926993.96667,39802340311.32567,15.950224669692819,15.93157754138113,15.884738288243733,15.87279284303728
17.13749873352231,39851677378.85681,39801315170.755264,15.951325558982324,15.93116721107491,15.886302897020588,15.874180667891686
17.34418770473983,39855311757.726166,39800275940.96482,15.952780282205104,15.93075124131383,15.88786073605681,15.875525824027061
17.553369474439055,39866649646.23982,39799222988.13179,15.957318468869456,15.930329778666769,15.889452877424032,15.87682919047961
17.765074107331372,39852206262.609825,39798156826.15569,15.951537253884071,15.929903028830928,15.890991840587475,15.878091629636675
17.979332030727445,39867388555.2033,39797076789.75465,15.957614230007007,15.929470725515692,15.892498688520293,15.879313982702824
18.196174038910378,39856126353.31,39795982537.96313,15.95310633822611,15.929032732243687,15.893987672144835,15.880497066191042
18.415631297561585,39866593850.16515,39794873949.622475,15.95729613552214,15.92858900051906,15.895438228558827,15.881641675084735
18.637735348240156,39857880373.05295,39793750907.521614,15.953808415071979,15.92813948342604,15.896862190271749,15.882748584402611
18.862518112916142,39861425197.304955,39792613106.37153,15.955227292504805,15.927684058767403,15.898228256885188,15.883818548793151
19.090011898558522,39844486985.22858,39791460531.129486,15.948447479132113,15.927222720522032,15.899497871693196,15.884852303515263
19.320249401778593,39865860416.03998,39790292893.03728,15.957002565783645,15.926755353109444,15.900759525628708,15.88585056495997
19.553263713529255,39857375657.31663,39789109737.38576,15.953606393838387,15.926281774524409,15.902051552071606,15.886814029015857
19.789088323861044,39874064791.38223,39787910982.701614,15.960286509414129,15.92580195215582,15.903352584826294,15.887743372552922
20.027757126735455,39869453601.96936,39786696627.21211,15.958440800817234,15.925315885294111,15.90467945627652,15.888639256012464
20.269304424896426,39935050348.53391,39785466387.761566,15.98469703716367,15.924823460601303,15.906266051728293,15.889502322829754
20.513764934800466,39848784331.24461,39784219788.68448,15.950167566462182,15.924324487684025,15.907712737862981,15.890333197592481
20.76117379160629,39844580542.95644,39782956706.514626,15.948484927236532,15.923818917122778,15.908698516895281,15.891132487259966
21.011566554224647,39855546624.92234,39781676954.362045,15.95287429187686,15.923306674111611,15.909693435793091,15.891900782938185
21.264979210429043,39866389304.59516,39780380245.0193,15.957214262607545,15.922787643690762,15.910768186563779,15.892638659477976
21.52144818202804,39858088603.0234,39779066490.921555,15.953891762731807,15.922261790810884,15.911828983334466,15.893346676339611
21.78101033010006,39879882959.694855,39777735400.53052,15.962615332264653,15.92172899877872,15.912929483781067,15.894025377925423
22.043702960291224,39855361990.2489,39776386630.40032,15.952800388644192,15.921189130124096,15.913989666748959,15.894675292727614
22.309563828177094,39856051091.94504,39775019951.825424,15.953076213558507,15.920642093303654,15.914912449194652,15.895296934007845
22.578631144689147,39876433741.122574,39773635254.45352,15.961234722664523,15.920087844146964,15.915913841227145,15.895890801263402
22.85094358160664,39837197822.42174,39772232009.92232,15.945529865203872,15.919526171167849,15.916800420791743,15.896457379117225
23.126540277114675,39844595280.40513,39770809972.0399,15.94849082615616,15.918956975823724,15.917516358230651,15.896997137046124
23.405460841429427,39862374569.806915,39769369153.55316,15.955607295326557,15.918380263216752,15.918335005075736,15.89751053230464
23.687745362491093,39828102619.49336,39767909080.714874,15.941889352370339,15.917795843721382,15.919054576973112,15.897998009114453
23.9734344117255,39862077609.912544,39766429488.86623,15.955488431974633,15.917203611403334,15.919757632561328,15.898459997677614
24.26256904987534,39867952764.44152,39764930210.89664,15.957840064547337,15.916603499373696,15.920632183325562,15.898896915959453
24.555190832901552,39874235222.41792,39763410906.42719,15.960354727394261,15.915995371389899,15.921543671617282,15.899309169611735
24.851341817956033,39859485839.5908,39761871264.671394,15.954451030919131,15.915379103054255,15.922392821227389,15.899697151588954
25.15106456942623,39834848505.798965,39760310928.89067,15.944589510449548,15.914754551575955,15.923034818829594,15.900061242369398
25.454402165052805,39865776942.81042,39758729641.45831,15.956969154174706,15.91412161383544,15.923693015045068,15.900401810506944
25.76139820212097,39837589471.7745,39757127316.55463,15.945686629655,15.91348025548189,15.924346933610714,15.900719214200185
26.072096803726463,39876269718.03401,39755503599.857796,15.96116906957645,15.912830334691844,15.925037011911895,15.901013801066785
26.38654262511724,39804463946.47286,39753857577.22966,15.9324275632078,15.91217148556564,15.925550535337639,15.901285904458362
26.70478086011153,39872471324.148254,39752189291.69144,15.959648696496616,15.911503725323264,15.926037855992666,15.901535845725618
27.02685724759327,39839916571.52307,39750498935.25497,15.946618091719817,15.910827130820792,15.92667887253323,15.90176393972456
27.35281807808605,39825500511.95639,39748785658.67858,15.940847813665027,15.910141362134503,15.927082504490704,15.90197049070579
27.68271020040616,39840148566.58591,39747048893.41394,15.946710951770353,15.909446191693057,15.927478499740516,15.902155788997181
28.016581028395926,39847680501.05989,39745288658.714806,15.94972573927205,15.908741627203106,15.92797007787728,15.902320115460432
28.354478547738374,39826056467.886894,39743504736.0501,15.941070344675694,15.908027581193796,15.928382362953077,15.902463743351476
28.696451322853907,39841312586.95528,39741696608.46061,15.947176871126585,15.907303846743224,15.928755734822165,15.90258693595651
29.042548503880234,39861358783.21644,39739863946.68406,15.955200709113155,15.906570292058452,15.929287783796973,15.902689946316954
29.39281983373656,39842500932.737946,39738006369.650505,15.947652527151694,15.905826764609621,15.929811756439559,15.902773018109698
29.747315655272857,39870350075.657196,39736123490.15898,15.95879962997049,15.905073109412825,15.930367275153122,15.902836385595545
30.10608691850536,39850198319.81648,39734214939.84488,15.950733539930052,15.904309179023734,15.930944765730615,15.902880273903229
30.469185187939466,40030155437.55142,39732280377.10326,16.02276449974027,15.903534836709042,15.932271983041705,15.902904899462216
30.8366626499808,39884543969.31947,39730319413.94275,15.964480982266007,15.902749927168472,15.933721353812048,15.90291047011365
31.208572120435743,39818285345.9209,39728331546.18828,15.937959818228846,15.901954248597196,15.934134054374082,15.902897184541013
31.58496705210235,39836455722.45355,39726316541.82307,15.945232826811301,15.901147708126473,15.934311365292064,15.902865233237678
31.965901542452947,39876759727.07015,39724274046.255135,15.961365204198037,15.900330163824707,15.934762362210726,15.902814799398996
32.35143034140928,39807629198.51152,39722203190.567696,15.933694510274163,15.899501267892875,15.935062882227214,15.902746056064169
32.74160885921138,39850119005.39106,39720103769.092224,15.950701792954652,15.898660938008579,15.935233137153789,15.902659167096472
33.13649317438156,39846949438.48467,39717975640.33472,15.949433118787587,15.89780911753639,15.935584498631737,15.90255429083271
33.53614004178425,39828189394.95057,39715818178.98448,15.94192408575321,15.896945556184846,15.935823112825558,15.902431578208821
33.94060690078302,39844552135.68994,39713630936.459206,15.948473556735062,15.896070074401095,15.93604570519268,15.902291171497952
34.34995188349621,39844054841.28139,39711413473.203766,15.948274506016716,15.895182496245567,15.936337771172084,15.902133205391648
34.764233823151955,39852299224.45701,39709165328.79312,15.951574463476904,15.89428263742515,15.936659899052641,15.901957807122526
35.1835122625439,39812853146.20799,39706886024.62483,15.935785486009447,15.89337030637091,15.936825096094351,15.901765096455888
35.60784746258914,39866421944.9879,39704575091.525955,15.957227327491262,15.892445315288231,15.9370559861771,15.901555185825938
36.03730041098919,39836636871.533714,39702232047.881195,15.945305334874762,15.891507471402234,15.93739180814862,15.901328180494584
36.4719328309954,39840138912.359055,39699856398.999344,15.946707087498492,15.890556576704178,15.937595998308383,15.90108417860033
36.91180719028024,39831381344.880486,39697447643.80513,15.943201719113935,15.889592430629985,15.937770083190168,15.900823271234973
37.356986709915475,39838445446.522125,39695005297.26847,15.946029248404516,15.888614839037949,15.937932463754258,15.900545542657003
37.807535373458514,39826927397.69813,39692528838.70364,15.941418949448988,15.88762359351457,15.93806935059759,15.90025107035902
38.26351793614863,39836099898.33343,39690017749.53691,15.945090402031338,15.886618486491713,15.93819246092736,15.899939925070077
38.724999934213855,41174476584.46768,39687471509.276764,16.480798900274024,15.885599309633612,15.944739870742348,15.89961217091673
39.19204769429011,39771019213.58895,39684889498.02216,15.919040728385445,15.88456581481412,15.950745651991427,15.899267865096226
39.66472834295417,39799893917.68033,39682271164.65079,15.930598329863601,15.883517781436964,15.950132236398733,15.898907057900233
40.143109816371364,39865859455.06746,39679616014.77201,15.957002181137716,15.882455011613711,15.949984095276811,15.898529793473193
40.62726087005974,39814309672.64189,39676923461.67876,15.936368485994906,15.881377270504672,15.949904476585901,15.898136109785025
41.11725108877194,39817963303.58975,39674192926.07124,15.937830915196258,15.880284326235055,15.949601212365579,15.897726038377629
41.61315089649633,39812298375.344986,39671423830.0464,15.935563429342613,15.879175947489127,15.949295331553573,15.897299604558754
42.11503156657874,39818035538.34157,39668615532.582825,15.937859828409419,15.878051877686941,15.948997364172811,15.8968568272552
42.62296523196612,39815203907.72414,39665767430.29807,15.936726419107421,15.876911875314207,15.948719989289282,15.89639771904607
43.13702489557402,39843031256.69608,39662878917.74617,15.94786479852054,15.875755698030662,15.948568575111826,15.89592228648068
43.65728444077888,39834432231.343544,39659949341.760956,15.944422889373673,15.874583084395214,15.948510884493487,15.895430529984102
44.18381864203688,39807927243.91077,39656978057.0758,15.933813808118256,15.873393776128694,15.94828760519905,15.894922443814997
44.71670317563108,39815141083.00012,39653964410.92143,15.936701272421212,15.872187511948873,15.947979104666949,15.894398016213168
45.25601463054789,39753553420.647156,39650907723.535446,15.91204974161438,15.87096401976905,15.947418142778336,15.893857229378042
45.80183051948482,39833068466.96459,39647807318.40476,15.943877019010737,15.86972302880312,15.946959484570385,15.89330005950004
46.35422928999115,39816312631.170715,39644662532.34272,15.93717020491054,15.868464273599114,15.946806531003118,15.892726476981856
46.91329033574276,39792721486.65671,39641472640.19632,15.927727439857655,15.867187463901958,15.946465700692157,15.892136446342777
47.479094007952895,39768787559.04202,39638236858.91446,15.918147469919187,15.865892286281856,15.945907594198902,15.891529925789845
48.05172162692088,39827471053.91929,39634954504.54992,15.94163655728751,15.864578466977063,15.945529824301362,15.890906867567274
48.631255493719785,39839960297.08766,39631624878.89068,15.94663559363597,15.8632457265161,15.945497158859647,15.890267218496758
49.21777890202509,39832381757.05413,39628247182.93446,15.943602151450152,15.861893745084435,15.945487981186323,15.889610919557919
49.811376150086275,39790587810.52816,39624820643.911476,15.926873398953923,15.860522213367549,15.945243947613857,15.888937905676832
50.41213255284251,39793853176.24247,39621344486.27407,15.928180418256597,15.859130820939034,15.944824292055293,15.888248105979827
51.02013445418457,39806263946.307106,39617817902.97798,15.933148044383262,15.857719244765415,15.944489167604539,15.88754144376757
51.6354692393646,39838032636.78677,39614240070.24693,15.945864014142984,15.856287155115938,15.944372011051655,15.8868178364248
52.2582253475557,39849707588.999,39610610176.939125,15.950537116402955,15.85483422731702,15.94446304817328,15.88607719554193
52.8884922845628,39910826146.1405,39606927382.841286,15.975000879706846,15.853360125058718,15.944898485971567,15.88531942697319
53.526360635686835,39769732739.4374,39603190797.558525,15.91852579477752,15.851864491945019,15.944938657551024,15.884544430596128
54.171922078744295,39786968700.89533,39599399543.048676,15.925424787508083,15.85034697652431,15.944395104171333,15.883752100275649
54.825269397243595,39862305945.549866,39595552718.36097,15.955579827276592,15.848807218175406,15.94430501804489,15.882942323955389
55.48649649372027,39856250736.354324,39591649420.98174,15.953156124698465,15.847244855651548,15.94454325543176,15.882114983682582
56.15569840323338,39816725966.50796,39587688768.17258,15.937335649553352,15.845659535621365,15.944558778681321,15.881269955834725
56.83297130702432,39814385522.045425,39583669812.13825,15.936398846035155,15.844050878713368,15.944376486028924,15.880407111036785
57.51841254634043,39848630119.949684,39579591579.76207,15.950105840714809,15.84241849542071,15.944350826359923,15.879526313870082
58.21212063642555,39815856641.89234,39575453085.73672,15.936987687287466,15.840761991357036,15.94433084521238,15.87862742283797
58.91419528067912,39788546021.86758,39571253316.309204,15.926056137604094,15.839080960750117,15.944026602460408,15.877710290316726
59.6247373849859,39806462120.425804,39566991271.04878,15.933227367013894,15.837375003160181,15.94368630881569,15.876774762630173
60.34384907221895,39765556700.868835,39562665928.11915,15.91685426285878,15.835643709579514,15.943243401099863,15.875820680153744
61.07163369691718,39772877809.038666,39558276227.5391,15.91978466347302,15.833886655732242,15.942653116476666,15.874847877172607
61.808195860139854,39847628964.73204,39553821089.488625,15.949705110962334,15.832103409401661,15.942467880910186,15.873856181751515
62.553641424500675,39976245335.36076,39549299424.66357,16.001186045644445,15.830293534574876,15.943252837055873,15.872845415743456
63.308077529382736,39793781349.87462,39544710126.87047,15.928151668506205,15.82845658847876,15.943755035003319,15.871815394811545
64.07161260633724,39771184889.087524,39540052054.470436,15.919107042879306,15.826592114152525,15.943277579413207,15.870765928327016
64.84435639466776,39799057553.18412,39535324041.0646,15.93026356045758,15.824699644724783,15.942837887258538,15.86969681923311
65.62641995720267,39759638520.79989,39530524900.28308,15.914485408566927,15.822778705330398,15.942351952273189,15.868607863985412
66.41791569625771,39791017894.12823,39525653461.16338,15.927045547379622,15.820828827271306,15.941841421908835,15.867498852684939
67.21895736979077,39797375451.98022,39520708504.806015,15.929590270255225,15.818849522661829,15.941521206369783,15.866369569072628
68.02966010775216,39731968499.686386,39515688757.33647,15.90341000235982,15.816840281611588,15.94092655347271,15.865219790191867
68.85014042863149,39791228470.05449,39510592949.97443,15.927129834048982,15.814800596269235,15.94032038611813,15.864049286312369
69.68051625620426,39804355536.77002,39505419779.13845,15.932384170342615,15.812729944853677,15.940070493736846,15.862857820948676
70.52090693648064,39785824780.6891,39500167915.25263,15.92496691359102,15.810627795179078,15.939800000262332,15.861645150732151
71.37143325485853,39788151280.36893,39494836044.35594,15.925898135467904,15.808493621309733,15.939459675169047,15.860411025526055
72.23221745348323,39775299322.01892,39489422812.70516,15.920753916072506,15.806326881386418,15.939077074866006,15.859155188469723
73.10338324881701,39849001002.95088,39483926799.41928,15.950254293073293,15.804127006676852,15.938994519516296,15.857877375630105
73.98505584942022,39899704690.541046,39478346577.77437,15.970549324072934,15.801893426110015,15.939503137584484,15.856577315825058
74.87736197394675,39873760245.53362,39472680706.07019,15.960164609652354,15.799625562620365,15.940114923694999,15.855254730696085
75.78042986935695,39775789654.37912,39466927692.62465,15.92095018011016,15.797322819136255,15.940122622159107,15.853909334569385
76.69438932934987,39669833091.990204,39461086011.93308,15.87853922697239,15.794984585047965,15.939162985552784,15.852540834232252
77.61937171301778,39749612685.89993,39455154143.772125,15.910472394134198,15.792610251859706,15.938107244601964,15.851148928977457
78.55550996372601,39745609391.04919,39449130525.38463,15.908870005886753,15.790199194050807,15.937433430029461,15.849733310602835
79.50293862822011,39844628434.25959,39443013536.74318,15.948504096561845,15.787750763177177,15.937229026929602,15.848293663115196
80.4617938759637,39754290047.515335,39436801559.80934,15.912344589303679,15.785264311590847,15.937065244234654,15.846829662654491
81.43221351870939,39806788257.20573,39430492935.75168,15.93335790892067,15.782739175315745,15.936729981326533,15.845340977494958
82.41433703030589,39742013082.384,39424085949.90115,15.90743052092396,15.780174668025829,15.936341116774653,15.843827267772902
83.40830556674398,39700519002.61769,39417578880.22631,15.89082179530294,15.777570100448116,15.935458248470809,15.842288185381188
84.41426198644395,39750747628.24529,39410969976.1174,15.910926674506625,15.774924771870674,15.934640318861325,15.840723373993546
85.4323508707883,39768667256.42301,39404257435.4859,15.918099316707888,15.772237960976291,15.934163975850906,15.839132468879034
86.46271854490156,39743449805.89522,39397439418.66394,15.908005594445905,15.769508931405971,15.933663089431414,15.837515096679287
87.50551309868081,39716594597.69237,39390514057.40771,15.897256331248638,15.766736935362704,15.932927119544434,15.835870875299506
88.56088440808018,39718514221.397896,39383479441.93429,15.898024693954842,15.763921208422731,15.932091171226453,15.834199413782615
89.62898415665175,39694903828.6806,39376333592.22231,15.888574224474509,15.761060958048132,15.931171455094612,15.8325003119884
90.70996585734608,39714516804.21944,39369074507.46599,15.896424658347746,15.758155383381661,15.930255803302984,15.830773160380922
91.80398487457624,39606164511.10402,39361700216.521545,15.853054772405047,15.755203695438814,15.928937448280294,15.8290175402946
92.91119844654749,39701025315.95795,39354208689.906204,15.891024456005237,15.75220508188388,15.927592132837411,15.827233024012083
94.03176570785615,39765753855.880974,39346597794.69356,15.916933177574322,15.749158688976046,15.927034530797329,15.825419174210294
95.16584771236167,39663440799.34704,39338865356.035934,15.875980600893742,15.746063646194784,15.926307183849412,15.823575543500509
96.31360745633391,39661919644.130135,39331009179.84531,15.875371732116152,15.742919075318278,15.925107601192607,15.821701674377476
97.47520990187972,39745304624.593994,39323027036.95026,15.908748017823365,15.73972408408198,15.924327011333054,15.81979709920109
98.65082200065248,39732701435.79853,39314916648.69287,15.903703372759958,15.736477760413507,15.923897800555803,15.817861340035048
99.84061271784705,39762129612.47046,39306675676.4163,15.915482511244859,15.733179168224865,15.923559729245634,15.815893908371427
101.04475305648423,39765665684.85339,39298301741.85156,15.916897885590187,15.729827355572619,15.92338523237034,15.813894304909375
102.26341608198875,39618921393.755264,39289792426.63528,15.858160936101827,15.726421354464847,15.92253157309002,15.811862019432871
103.49677694706244,39765440584.63117,39281145255.97944,15.916807785319277,15.722960174324697,15.921705406192995,15.809796530611225
104.74501291685849,39703164623.0085,39272357706.4836,15.891880750783235,15.719442805117342,15.921292319780749,15.807697305764595
106.00830339445916,39769150424.37172,39263427201.282425,15.918292713065494,15.715868215407708,15.920910255813551,15.805563800648706
107.28682994666,39674961537.24287,39254351101.72221,15.880591976196945,15.712235349028854,15.9203989655845,15.803395459182141
108.58077633006585,39619583386.14679,39245126714.604935,15.858425910046448,15.708543127981518,15.919191715936746,15.801191713175387
109.89032851750162,39665529330.86025,39235751313.69414,15.876816571881632,15.704790461042247,15.91797122493298,15.798951982203045
111.21567472474072,39710711944.34343,39226222107.11487,15.894901697143089,15.700976230714634,15.91721171619202,15.796675673424886
112.5570054375567,39744510643.66467,39216536231.70883,15.908430213175626,15.697099290969874,15.916844369897845,15.794362181230627
113.91451343910114,39661633105.82688,39206690776.67665,15.875257040186955,15.693158476709996,15.916249702040043,15.79201088697926
115.28839383761098,39646250652.62565,39196682770.298294,15.869099946306664,15.68915259845248,15.915205139030206,15.789621158792643
116.67884409445062,39605763841.26918,39186509165.09162,15.8528943973494,15.685080436389704,15.913919704566995,15.787192351220602
118.08606405249265,39662874390.013435,39176166857.75896,15.875753885727049,15.68094074837291,15.912746320076684,15.784723804939183
119.51025596483952,39807228409.70273,39165652707.930466,15.93353408759713,15.676732277414565,15.912558464052495,15.782214846639425
120.95162452389278,39716834413.949425,39154963476.46701,15.89735232186791,15.672453726993014,15.912624239590365,15.779664788712857
122.410376890773,39854032251.09448,39144095841.02243,15.952268137467936,15.668103767281536,15.912916846873578,15.777072928727868
123.88672272509324,39607457135.77774,39133046464.78477,15.853572167866222,15.663681062663231,15.912672999262776,15.774438549319747
125.38087421509283,39691756538.41304,39121811917.64828,15.88731446691878,15.65918424017874,15.911674898428764,15.771760918031251
126.89304610813464,39691198378.52855,39110388667.58664,15.887091053737276,15.654611886073226,15.91109509381173,15.769039286744365
128.42345574156886,39582505561.38428,39098773138.17586,15.8435848671417,15.649962568820909,15.910007936211393,15.766272891359154
129.97232307397022,39625684961.43366,39086961667.51717,15.860868171457385,15.645234822683253,15.908640218247047,15.763460951555466
131.53987071675215,39638513799.46713,39074950506.386795,15.8660031365448,15.64042714696836,15.90756960582494,15.760602670357827
133.12632396616075,39618404768.16237,39062735835.63547,15.857954147741427,15.635538012995456,15.906488902765242,15.757697233784917
134.731910835656,39481198689.793846,39050313763.68676,15.803035033448669,15.630565863093528,15.90468456188948,15.754743810577443
136.3568620886835,39567184668.747986,39037680314.78841,15.837452413946007,15.625509105898727,15.902686451145174,15.751741551864587
138.00141127184006,39648052402.74076,39024831416.65649,15.869821128062425,15.620366111408734,15.901526674812152,15.7486895907241
139.66579474844085,39571263707.052475,39011762910.35376,15.839085119825459,15.615135214936732,15.90040923568783,15.745587041741679
141.35025173249107,39542470173.15831,38998470547.806244,15.827560008127573,15.609814716117379,15.8988190140041,15.742433000615462
143.05502432306622,39597825379.772385,38984949994.53882,15.849716890350912,15.604402880001777,15.897394801987556,15.739226543771307
144.78035753910876,39524235564.25339,38971196831.65802,15.820261289423264,15.598897937851117,15.895914207438166,15.735966728009469
146.5264993546428,39613350364.14935,38957206531.11267,15.855931034808142,15.593298077234328,15.894546927233758,15.732652590051044
148.2937007344144,39449814020.848816,38942974463.362206,15.790472774973479,15.587601445097443,15.8928519880102,15.729283146015067
150.0822156699622,39535644862.461464,38928495913.0809,15.824828059057236,15.5818061540495,15.890835849734959,15.72585739101915
151.8923012161215,39571833443.53314,38913766056.80295,15.839313166740512,15.575910273414591,15.889444624626215,15.722374298756852
153.72421752796987,39536483022.6209,38898779960.49144,15.825163547208629,15.569911828258805,15.888088301042691,15.718832820968188
155.57822789821867,39403573049.981476,38883532590.3245,15.771964023799566,15.563808803707568,15.885963527533699,15.715231886962654
157.45459879505376,39428608154.72636,38868018802.39259,15.781984758997043,15.557599140821806,15.883382091358397,15.711570403155203
159.35359990043426,39455713099.182724,38852233333.92242,15.792833983464343,15.55128073308516,15.881109096203808,15.70784725252286
161.2755041488532,39553042859.62323,38836170805.06886,15.831791909390642,15.544851427121253,15.879481958537049,15.704061294041354
163.22058776656405,39523160913.69513,38819825723.63649,15.819831141885084,15.538309024583533,15.878209560629672,15.70021136216607
165.189130311282,39362837636.4833,38803192475.88674,15.755658967520205,15.531651278475707,15.876061737938944,15.696296266303722
167.1814147123639,39506928196.39132,38786265318.86207,15.813333715040075,15.524875890079336,15.873896485071418,15.692314790216573
169.1977273114714,39464924891.63307,38769038390.3923,15.796521163277639,15.517980512959067,15.872261291132297,15.688265691452337
171.23835790372596,39286853441.44591,38751505706.96753,15.725244974632124,15.510962752111201,15.869617480641443,15.684147700824616
173.30359977936027,39378220854.70813,38733661142.52057,15.761816367614468,15.503820155471022,15.866632855244363,15.679959521794398
175.3937497658705,39473581134.49643,38715498420.42807,15.79998597472631,15.496550210711094,15.864604428482288,15.675699829728044
177.5091082706783,39331406690.34221,38697011138.73488,15.74307818579408,15.489150355337749,15.862395337156812,15.671367271255509
179.64997932430765,39340134503.8387,38678192763.57746,15.746571644630883,15.481617974058706,15.859610131483869,15.666960463731238
181.81667062408056,39396452838.41023,38659036599.81099,15.769114035535784,15.473950387026038,15.857200682852456,15.662477994536768
184.00949357834142,39393065349.404625,38639535798.60308,15.767758134266128,15.466144852875713,15.855097594373328,15.657918420297635
186.22876335121506,39372451956.03766,38619683363.81944,15.759507265793367,15.458198571283555,15.85293004145364,15.653280266185023
188.4747989079024,39301808709.63756,38599472147.13431,15.731231080297865,15.450108681008102,15.85037972417582,15.648562025240853
190.74792306052458,39348176787.22654,38578894837.822754,15.749790708143253,15.441872255804814,15.847778052794286,15.643762157646984
193.04846251451977,39319499898.973236,38557943946.211655,15.73831228588769,15.43348629780203,15.845319769991992,15.638879089884805
195.37674791559772,39284053157.76687,38536611814.19043,15.724124112486292,15.42494774170807,15.842615492104594,15.633911213886762
197.73311389726268,39368640741.87308,38514890633.28888,15.75798176117442,15.41625346204721,15.840211697492677,15.628856886343872
200.11789912890913,39314535378.10323,38492772405.77887,15.73632515024246,15.407400257589948,15.838005443428521,15.623714427929206
202.53144636449608,39180066834.92926,38470248939.573456,15.682501781925518,15.398384849311302,15.834955047527176,15.618482122332164
204.97410249181,39180175437.686584,38447311873.62231,15.682545252064108,15.389203890555757,15.83134367482447,15.613158215412696
207.44621858232193,39302190854.90748,38423952643.09064,15.73138404057488,15.37985395309953,15.828400380878248,15.607740914329169
209.94814994164432,39293742193.759056,38400162477.11974,15.728002317310516,15.3703315262542,15.826061590468814,15.602228386512095
212.48025616059775,39249152804.20737,38375932418.20412,15.710154640223964,15.360633024622707,15.82352570177093,15.596618758744064
215.04290116689413,39233049034.76608,38351253301.38133,15.703708826999023,15.350754779769776,15.820762924285262,15.590910116253475
217.63645327744084,39222698603.85026,38326115758.24027,15.699565887377071,15.34069304182625,15.817940332208009,15.585100501750892
220.26128525127794,39160379409.582855,38300510197.818756,15.674621548224607,15.330443971843051,15.814838570511224,15.579187914415883
222.91777434315375,39151901558.42638,38274426789.81971,15.67122814115288,15.320003635073153,15.811476139387672,15.573170308737842
225.60630235774448,39107117103.820854,38247855486.03824,15.653302385892873,15.309368009548148,15.807939793830945,15.567045593407373
228.32725570452996,39220406852.209015,38220786004.34306,15.698648574005736,15.298532979666525,15.804816542901039,15.560811630258481
231.08102545333108,39022488046.43031,38193207819.58975,15.619428136802858,15.28749433255655,15.80135717156923,15.554466233117031
233.86800739051486,39221116408.39868,38165110174.77199,15.698932586186105,15.276247762539736,15.797994393776188,15.548007166686835
236.68860207588085,39137165595.8956,38136482050.46025,15.665329816384295,15.264788858898159,15.79524700135998,15.541432145368885
239.54321490022994,39045118653.02751,38107312156.9768,15.628486429882905,15.253113102742352,15.791729971717688,15.534738831927237
242.4322561436301,39162664112.19159,38077588941.004036,15.675536040098335,15.241215869656424,15.788423125584886,15.527924836181125
245.35614103438468,39152366136.67186,38047300564.59575,15.671414096659117,15.229092421296935,15.785699507684969,15.520987713659085
248.31528980870976,39101170358.582634,38016434925.97268,15.650922097896226,15.216737913716692,15.78274768061834,15.513924964285259
251.31012777113347,39100415621.78998,37984979662.2,15.65062000139533,15.20414739843645,15.779620896560214,15.506734031207575
254.3410853556237,39042224697.777275,37952922093.48131,15.627328074064886,15.191315800147628,15.776287066863583,15.499412299400625
257.408598187451,38952523960.74449,37920249218.77107,15.591423797171142,15.178237914956092,15.772330093988206,15.491957094018145
260.5131071457995,38913985932.935455,37886947732.46506,15.57599828265292,15.16490841706281,15.76786027568731,15.484365678843478
263.6550584271334,38963469366.65793,37853004009.595604,15.595804885862607,15.151321852837993,15.763550754999786,15.476635254784766
266.8349036093247,38944512251.43288,37818404102.51491,15.588216971463442,15.137472639493526,15.759486130692183,15.46876295832024
270.05309971655794,38996652739.153496,37783133718.84913,15.60908710665321,15.123355056258708,15.755677165101323,15.46074585985952
273.31010928501604,38858969148.98862,37747178217.18365,15.553976859975997,15.10896324265322,15.751547440876472,15.452580962019262
276.6064004293574,38846468341.7377,37710522611.628494,15.548973194902786,15.094291200314492,15.746807012009036,15.44426519794109
279.9424469099964,38920532825.02927,37673151544.3749,15.578618789845004,15.079332782013008,15.742473258412874,15.435795429540025
283.3187282011958,38825114293.93238,37635049276.69938,15.540425866635859,15.064081688051523,15.738136111483698,15.42716844562213
286.7357295599775,38928843824.75865,37596199682.84165,15.58194541173707,15.048531463814598,15.733946786226383,15.418380959975135
290.1939420958668,38788557675.622406,37556586236.96043,15.525793445660092,15.032675494547421,15.72967644417186,15.409429609413271
293.69386284147885,38610231487.895676,37516192013.66713,15.454415293893,15.016507005569453,15.723995484632946,15.400310951809468
297.2359948239523,38687034052.253586,37474999669.51102,15.485156853305696,15.00001905486351,15.717974991529774,15.391021464088356
300.8208471372484,38571637549.80928,37432991417.560555,15.438967400315855,14.983204522901522,15.71190867797584,15.381557540058328
304.44893501532135,38586798178.04437,37390149030.488815,15.44503570490333,14.966056113879526,15.705514525967706,15.371915488189906
308.1207799061689,38461563100.046555,37346453829.55146,15.394908191284351,14.948566351305901,15.698745951849123,15.362091529408639
311.836909546778,38633699674.58823,37301886651.454575,15.463808842943722,14.93072756473965,15.69236857373263,15.352081794730383
315.5978580389755,38587372062.039536,37256427852.23702,15.445265411933045,14.912531891344374,15.6867326043852,15.341882322814921
319.4041659261899,38360108691.319885,37210057308.58235,15.354299303291803,14.893971276413392,15.679927780274685,15.331489057602091
323.2563802711419,38365342968.796074,37162754386.27164,15.356394413700707,14.875037460742442,15.672238026049438,15.320897845859692
327.15505473447257,38495850283.62146,37114497900.14054,15.408632231617823,14.855721964601795,15.665377638472027,15.310104434449688
331.100749654316,38312761959.27678,37065266129.10503,15.335347952015077,14.83601609375056,15.658421558726106,15.299104467542223
335.0940321268354,38584773186.283806,37015036802.885765,15.444225166804268,14.815910934122904,15.652064845737954,15.287893483903087
339.13547608772984,38527743865.76482,36963787054.97153,15.421398191433626,14.795397333000823,15.646868724930046,15.276466913958519
343.2256623947215,38150922085.25369,36911493429.708786,15.270568733453587,14.77446590185188,15.639729504682585,15.264820076741701
347.36517891104063,37900984251.35683,36858131890.07716,15.170526777374947,14.75310701944147,15.629791235160079,15.252948176982061
351.5546205899174,38392718860.51982,36803677756.52702,15.36735208951449,14.731310807351502,15.62125598593405,15.240846302008475
355.79458956008955,37940293892.280235,36748105687.10679,15.186261143434747,14.709067122026005,15.613082505263462,15.228509418342766
360.08569521234466,38188770992.52392,36691389688.98365,15.285718415515387,14.686365559382502,15.604155565736114,15.21593236833519
364.428554287106,38198434772.64731,36633503063.09528,15.289586511239769,14.663195432657892,15.596657315404153,15.203109866669955
368.82379096307136,37987966487.38652,36574418398.82269,15.205342927058373,14.63954577027617,15.588378335970706,15.190036496667224
373.2720369469261,38218994763.81385,36514107573.34453,15.297816004554932,14.615405315589975,15.580405534081853,15.176706706644547
377.7739315641329,38064406223.35547,36452541695.88761,15.235939258110934,14.590762504565896,15.572973103258011,15.163114806095582
382.3301218508199,38205850249.777336,36389691081.677,15.292554684668248,14.565605455357542,15.565662848667715,15.149254961572247
386.94126264677766,38095712978.78671,36325525251.59228,15.24847033034992,14.539921968167945,15.558667078542554,15.135121192540105
391.60801668957356,38101774298.37943,36260012893.48679,15.250896478720572,14.513699509766944,15.551346874539655,15.120707367145764
396.33105470980524,37786220215.54532,36193121839.349464,15.124590480132328,14.486925204349774,15.542723490792918,15.106007197793335
401.11105552750286,37788706851.41064,36124819044.74147,15.125585799296871,14.45958582530626,15.532829032491117,15.091014236619948
405.94870614969005,37717160988.44637,36055070537.38063,15.096948325855244,14.431667774640815,15.522839441446992,15.075721870736318
410.84470186912574,37751840943.85901,35983841392.09917,15.110829579933934,14.40315707294886,15.512914740166657,15.06012331721828
415.7997463642362,37541037261.11206,35911095725.041855,15.026451747087355,14.374039357094516,15.502383100747513,15.044211618071264
420.81455180024926,37704732826.09631,35836796619.695076,15.091973738164466,14.344299850602466,15.49188825422288,15.027979634933944
425.88983893155137,37712880674.794846,35760906096.41679,15.095235056024693,14.313923351461785,15.482452428349324,15.011420043413324
431.02633720527984,37487205654.346924,35683385141.27853,15.004904712148008,14.28289424367046,15.472202097951152,14.994525327548049
436.22478486616023,37467120176.765976,35604193609.65068,14.996865151131404,14.251196458643715,15.46103517983045,14.977287774078919
441.48592906261183,37403604376.04976,35523290175.370544,14.971441849478829,14.218813454867647,15.449735194077489,14.959699466158275
446.81052595413337,37389214767.28878,35440632307.23198,14.965682158818115,14.185728208488802,15.43833493100147,14.94175227685667
452.1993408199794,37152690174.38525,35356176226.48435,14.8710090852548,14.151923196302393,15.426008731182677,14.923437862509894
457.65314816915196,37100897458.211006,35269876906.03352,14.85027815166259,14.117380395432473,15.412612747711849,14.904747656019454
463.17273185171797,37200074090.939285,35181687955.59185,14.889975320277422,14.08208123736124,15.399763101867633,14.88567285976022
468.7588851714661,36902941058.64116,35091561602.119286,14.771042666892306,14.046006600100236,15.386268008193719,14.866204438021432
474.41241099992544,37118488137.05394,34999448655.67212,14.857319126183175,14.009136794520725,15.372720366732281,14.846333109371852
480.1341218917604,36811786599.80902,34905298400.44754,14.73455651261676,13.971451520742379,15.35904663891126,14.826049338524953
485.9248402015522,40663936462.879265,34809058554.69114,16.27644635538717,13.932929852085564,15.362625898982447,14.805343327692231
491.7853982019932,36892323160.96628,34710675257.62844,14.76679266905774,13.893550229840459,15.366285547383518,14.78420500788999
497.7166382035078,36328100434.85672,34610093016.11687,14.540952729965865,13.853290441913577,15.349391175847417,14.762624030136042
503.71941267531,36816560968.86888,34507254552.50945,14.7364675366996,13.812127561932577,15.332567752707524,14.740589755877865
509.79458436792675,36354208319.25517,34402100759.2882,14.551402863839451,13.770037931087478,15.316239674233081,14.718091246714113
515.9430264371982,36070667401.35593,34294570711.378525,14.437910690154858,13.726997163059725,15.29676684622391,14.69511725420454
522.1656225697697,36134386398.17797,34184601544.358494,14.463415324575578,13.682980095273331,15.276722942863131,14.671656209398476
528.4632671101007,36448269739.09034,34072128313.783596,14.589052579711307,13.63796073258717,15.25895143643553,14.647696211366313
534.8368651890073,36212631462.23527,33957083924.69722,14.494734269529788,13.591912219080317,15.24195635151133,14.623225015003548
541.2873328537482,35813305908.67726,33839399096.176323,14.334897285799611,13.544806823860847,15.22234856142383,14.598230018622322
547.8155971996863,36056562109.958755,33719002276.709877,14.432264802453782,13.496615907194585,15.202483571366837,14.572698251266281
554.4225965035367,36169628156.41744,33595819468.582275,14.477521449986675,13.447309850211509,15.184775029144962,14.54661635908941
561.1092803582181,35783128206.00791,33469774191.706318,14.322818136525047,13.39685804042929,15.166175341868728,14.519970591057374
567.8766098093348,35695334133.60675,33340787333.391003,14.287677035243254,13.345228811620228,15.145775927151206,14.4927467841006
574.7255574933044,35429279394.15642,33208776897.432735,14.181184007982774,13.292389343380663,15.124176961641325,14.464930346714146
581.6571077771479,35451213215.56517,33073658100.255203,14.18996340069735,13.238305699612624,15.10194039389969,14.436506242222226
588.6722568999686,34840396332.75029,32935343424.29595,13.945473341669816,13.182942849892735,15.077420462742877,14.407458973146946
595.7720131161401,35317013322.73829,32793742004.719673,14.136247564344679,13.126264423993561,15.052876046980737,14.37777256327365
602.9573968402125,35667944320.47438,32648759540.391342,14.276713787144043,13.068232676249067,15.03283339968938,14.347430536826067
610.229440793577,34466012928.535995,32500298432.15269,13.795619886124413,13.008808540902171,15.009186424235338,14.316415898374755
617.5891901528903,35115785581.016815,32348257356.586143,14.055702668098956,12.947951461496361,14.983534241649547,14.284711111840208
625.0377027002941,34662085922.20511,32192531205.135834,13.874101504993476,12.885619366507829,14.959388127865896,14.252298077694064
632.5760489754474,34681925045.95291,32033010917.988667,13.882042458612508,12.821768602853478,14.933770376819028,14.219158109621205
640.2053124293863,34507790007.01836,31869583168.98514,13.812341886893416,12.756353809771017,14.908022445164836,14.185271909448842
647.9265895802449,33922859983.056934,31702130209.311142,13.57821349242884,12.689327856253882,14.879273726680779,14.150619540438974
655.7409901708554,34188213599.086357,31530529507.06312,13.68442588287101,12.620641696780947,14.84971500357895,14.115180398757614
663.6496373282415,33310733474.374016,31354653605.271484,13.333199232917023,12.550244314487914,14.81792168532022,14.078933183244
671.6536677250424,33372779327.6196,31174370044.650368,13.358034162581243,12.478082690246579,14.78304190838106,14.041855864858398
679.7542317428836,33751405963.102757,30989540654.865868,13.509586045089915,12.404101518982635,14.751086953129288,14.003925653108992
687.9524936377117,33655510532.45072,30800021279.59797,13.471202234556484,12.32824309962694,14.7212161584278,13.9651189586225
696.249631707129,33301501963.761127,30605661795.516655,13.32950416056693,12.250447342711029,14.68991248927432,13.92541135539619
704.6468384597479,32289548539.682053,30406305550.144936,12.9244522385473,12.170651545362038,14.652855017292985,13.884777541352284
713.145320786579,34144296547.67764,30201788926.221275,13.666847320795661,12.088790216931203,14.620753110710355,13.843191295099604
721.746300134495,32567016421.743805,29991940853.08986,13.035513574230913,12.004794883419336,14.59062983330975,13.800625429335689
730.451012681785,33531762848.5754,29776582273.398544,13.421670076251084,11.918593874013425,14.558388134573478,13.757051740506181
739.2607095158205,32289450874.85265,29555525742.223812,12.924413146504206,11.83011216062943,14.525531487504804,13.712440955231335
748.176656812871,32678529444.203396,29328574900.167267,13.080148596953013,11.739271147010017,14.489454012205279,13.666762673598978
757.2001360200866,32083093074.634956,29095523800.33088,12.841814855305195,11.645988399334724,14.453224844807995,13.61998530810741
766.3324440396711,35565210793.99492,28856156069.46224,14.235592910069853,11.550177310453774,14.431657173328007,13.572076016881459
775.5748934152812,47890866574.82231,28610244659.775185,19.169150567350332,11.451747000549991,14.485804779154828,13.52300063333343
784.9288125206746,32038028532.20841,28357550636.64009,12.82377699003346,11.350601831890781,14.52114443343053,13.472723590538086
794.3955457506266,31064466211.03911,28097822249.561832,12.43409177329101,11.24664103697095,14.4762869204212,13.42120783725427
803.9764537141556,31110324793.278885,27830793957.744316,12.45244746677979,11.139758328477981,14.428122405128759,13.368414746909481
813.6729134300795,29735583536.971886,27556185323.96589,11.90218341816156,11.029841456546487,14.374757687358885,13.31430401887202
823.4863185249237,30849034643.016975,27273700330.648083,12.347861549038862,10.916771935002837,14.321489079612025,13.258833573586617
833.4180794332223,29094307363.342785,26983025382.478634,11.645501499317076,10.800424241880359,14.266360355579353,13.201959437443582
843.4696236002361,30416094344.39784,26683827707.126976,12.174569680161573,10.680665179277963,14.210572371542584,13.143635613333338
853.6423956871075,28788956393.382877,26375753959.47136,11.52327947374769,10.557353314677812,14.154574462584426,13.08381394007239
863.9378577784973,28795083285.610306,26058429447.6128,11.525731868703502,10.430338671143973,14.092263599598613,13.022443944889382
874.3574895927261,28988554577.0745,25731454390.30332,11.603172111108442,10.299461229293117,14.032380716879594,12.959472677906344
884.9027886944416,28900592731.807846,25394401185.848427,11.567963855825274,10.164549834125326,13.974408843766946,12.894844519875056
895.5752707098593,28881316925.7245,25046813353.75362,11.560248379878697,10.025421771399747,13.91730391023935,12.828500976548218
906.3764695445994,27844806029.396477,24688201525.89558,11.145366903358143,9.881881163031272,13.85651694436247,12.760380453812289
917.307937604142,27990525064.34897,24318039988.30038,11.203693476279291,9.733717582877249,13.792980019319737,12.690418002758355
928.3712460169497,26724420895.81181,23935762999.45364,10.696913307607248,9.580704583077221,13.725595937457072,12.61854503693222
939.5679848602816,29403504518.12838,23540759230.915615,11.769263027119486,9.42259746881262,13.666620110695106,12.544689012413205
950.8997633887208,25960878332.470314,23132367071.932915,10.39129214415625,9.259131418896112,13.605247182517918,12.468773066873817
962.368210265473,25854201296.946056,22709868669.656784,10.348592809141124,9.090019100265529,13.528593991374224,12.390715616632935
973.9749737964391,26294253664.60495,22272481945.785915,10.52473140709264,8.914947472506581,13.455353097880145,12.310429897086383
985.7217221671224,25713000730.667778,21819349675.67139,10.29207483173191,8.733573416575066,13.383148879202581,12.227823424306987
997.6101436823909,24514444057.15018,21349529551.66479,9.81233172033371,8.545519757479482,13.304198751170949,12.14279737053166
1009.6419470091245,22901135343.641457,20861992015.29585,9.166576906259712,8.35037439657251,13.213774774941875,12.05524589727154
1021.8188614217956,24461473359.388897,20355596626.193718,9.791129279165574,8.147680852801598,13.125332142436942,11.96505538128571
1034.1426370510137,22262182220.019398,19829066478.65397,8.910824828500708,7.936928022495852,13.03584840768921,11.872103425485665
1046.6150451350566,20492001154.607815,19280975586.083023,8.202279132812945,7.717545129770969,12.929675546836096,11.77625771252038
1059.2378782744452,21101038574.423225,18709722379.86538,8.446056930889581,7.488891118990872,12.8205801403456,11.677374699654541
1072.0129506895892,19341363852.689487,18113498629.84553,7.741716581612879,7.250242214651159,12.70854630137981,11.575298071417208
1084.9420984815295,19554026663.926228,17490239678.07843,7.826838562905576,7.000772001573964,12.591887605631303,11.469856845046763
1098.027179895836,20614483416.56196,16837561418.63872,8.25130478403102,6.739526199982778,12.484053387058815,11.360862985664724
1111.270075589688,20297984369.213043,16152710925.214216,8.124620546994393,6.465402903339817,12.382262313091296,11.248108545425938
1124.6726889021647,19305194373.124107,15432451585.789839,7.727239119639034,6.177106601509589,12.276655603864098,11.131362089848858
1138.2369461278074,17305789381.270428,14672927203.438122,6.926942568853614,5.873093784741554,12.15933472961202,11.010364019208232
1151.9647967934795,16058803744.488281,13869505494.793337,6.427814924348491,5.55151030121807,12.029421939251991,10.884820613761445
1165.8582139385567,13846867335.545135,13016517287.803616,5.542448985058371,5.210086966428041,11.886159024557095,10.754396238433499
1179.919194398505,14862952892.3616,12106876080.034918,5.94915486492576,4.845987284774927,11.740711853157483,10.618702688312316
1194.1497590918812,12929616505.863918,11131496087.263462,5.175303420157899,4.455574513425185,11.594277590823902,10.47728421763012
1208.5519533107824,10447545363.367298,10078429170.355759,4.181811365152847,4.034066202312022,11.430361256998744,10.329596063825232
1223.1278470148095,16383777059.68943,8931383083.619116,6.557891134177128,3.5749410973195728,11.28694564401751,10.174972344778082
1237.879535128577,8991108664.371525,7667003370.396696,3.598847297646448,3.06885117181787,11.13964324529849,10.012574767757402
1252.8091378427982,15755002642.970592,6249487370.368192,6.306213260523491,2.5014657896026313,10.993251705015812,9.841304051938673
1267.918800919016,10633832661.74643,4615928957.367881,4.256376089636071,1.8476056818419688,10.857779668089773,9.659618159923026
1283.210695998004,7310273192.157194,2642997237.3162546,2.926063726368182,1.057905517580295,10.685527400736424,9.4651268230789
1298.6870209118815,0.0,0.0,0.0,0.0,10.466822205617,9.253337747077035
1314.35,0.0,0.0,0.0,0.0,10.21884445342349,9.034109613673172
